# IASPEI travel-time table for phase: P (All 1st P's; 1st P-type phaseMap)
 14   Number of depth samples at the following depths (km):
    0.00   15.00   35.00   50.00   75.00  100.00  150.00  200.00  250.00  300.00
  400.00  500.00  600.00  700.00
190   Number of distance samples at the following distances (deg):
    0.00    1.00    2.00    3.00    4.00    5.00    6.00    7.00    8.00    9.00
   10.00   11.00   12.00   13.00   14.00   15.00   16.00   17.00   18.00   19.00
   20.00   21.00   22.00   23.00   24.00   25.00   26.00   27.00   28.00   29.00
   30.00   31.00   32.00   33.00   34.00   35.00   36.00   37.00   38.00   39.00
   40.00   41.00   42.00   43.00   44.00   45.00   46.00   47.00   48.00   49.00
   50.00   51.00   52.00   53.00   54.00   55.00   56.00   57.00   58.00   59.00
   60.00   61.00   62.00   63.00   64.00   65.00   66.00   67.00   68.00   69.00
   70.00   71.00   72.00   73.00   74.00   75.00   76.00   77.00   78.00   79.00
   80.00   81.00   82.00   83.00   84.00   85.00   86.00   87.00   88.00   89.00
   90.00   91.00   92.00   93.00   94.00   95.00   96.00   97.00   98.00   99.00
  100.00  101.00  102.00  103.00  104.00  105.00  106.00  107.00  108.00  109.00
  110.00  111.00  112.00  113.00  113.10  113.20  113.30  113.40  113.50  113.60
  113.70  113.80  113.90  114.00  115.00  116.00  117.00  118.00  119.00  120.00
  121.00  122.00  123.00  124.00  125.00  126.00  127.00  128.00  129.00  130.00
  131.00  132.00  133.00  134.00  135.00  136.00  137.00  138.00  139.00  140.00
  141.00  142.00  143.00  144.00  145.00  146.00  147.00  148.00  149.00  150.00
  151.00  152.00  153.00  154.00  155.00  156.00  157.00  158.00  159.00  160.00
  161.00  162.00  163.00  164.00  165.00  166.00  167.00  168.00  169.00  170.00
  171.00  172.00  173.00  174.00  175.00  176.00  177.00  178.00  179.00  180.00
# Travel time at depth =   0.00 km.
      0.0000
     19.1713
     35.0267
     48.7790
     62.5284
     76.2738
     90.0138
    103.7473
    117.4729
    131.1894
    144.8956
    158.5903
    172.2720
    185.9397
    199.5925
    213.2282
    226.3815
    239.1274
    251.5772
    263.1593
    274.0988
    284.9542
    295.7076
    306.3429
    316.3098
    325.4287
    334.5067
    343.5370
    352.5024
    361.4097
    370.2745
    379.1021
    387.8925
    396.6399
    405.3361
    413.9794
    422.5665
    431.0943
    439.5610
    447.9646
    456.3024
    464.5730
    472.7766
    480.9120
    488.9781
    496.9742
    504.8996
    512.7539
    520.5367
    528.2479
    535.8867
    543.4528
    550.9465
    558.3682
    565.7176
    572.9946
    580.1990
    587.3309
    594.3901
    601.3770
    608.2912
    615.1328
    621.9019
    628.5983
    635.2220
    641.7729
    648.2509
    654.6561
    660.9884
    667.2479
    673.4344
    679.5475
    685.5873
    691.5533
    697.4456
    703.2635
    709.0069
    714.6755
    720.2691
    725.7874
    731.2296
    736.5952
    741.8842
    747.0963
    752.2292
    757.2814
    762.2581
    767.1616
    771.9557
    776.6704
    781.3480
    785.9970
    790.6224
    795.2275
    799.8137
    804.3773
    808.9117
    813.4149
    817.8853
    822.3270
    826.7659
    831.2048
    835.6437
    840.0826
    844.5216
    848.9605
    853.3994
    857.8383
    862.2773
    866.7162
    871.1551
    875.5940
    880.0330
    884.4719
     -1.0000
     -1.0000
     -1.0000
     -1.0000
     -1.0000
     -1.0000
     -1.0000
     -1.0000
     -1.0000
   1120.8385
   1122.7537
   1124.6686
   1126.5831
   1128.4971
   1130.4104
   1132.3226
   1134.2336
   1136.1432
   1138.0510
   1139.9569
   1141.8605
   1143.7614
   1145.6592
   1147.5537
   1149.4442
   1151.3303
   1153.2117
   1155.0874
   1156.9570
   1158.8199
   1160.6750
   1162.5217
   1164.3590
   1166.1858
   1168.0009
   1169.8031
   1171.5912
   1173.3634
   1175.1185
   1176.8545
   1177.6207
   1180.2623
   1181.9302
   1183.5714
   1185.1837
   1186.7650
   1188.3134
   1189.8264
   1191.3022
   1192.7388
   1194.1342
   1195.4866
   1196.7943
   1198.0557
   1199.2693
   1200.4336
   1201.5476
   1202.6100
   1203.6198
   1204.5759
   1205.4777
   1206.3242
   1207.1150
   1207.8492
   1208.5265
   1209.1462
   1209.7081
   1210.2118
   1210.6570
   1211.0432
   1211.3704
   1211.6384
   1211.8469
   1211.9960
   1212.0854
   1212.1154
# Travel time at depth =  15.00 km.
      2.5862
     19.0090
     33.2272
     46.9791
     60.7281
     74.4728
     88.2120
    101.9444
    115.6688
    129.3840
    143.0887
    156.7816
    170.4615
    184.1272
    197.7778
    211.4109
    224.4701
    237.1758
    249.5965
    261.0398
    271.9720
    282.8188
    293.5620
    304.1859
    314.0369
    323.1530
    332.2278
    341.2542
    350.2147
    359.1185
    367.9807
    376.8057
    385.5934
    394.3374
    403.0301
    411.6696
    420.2528
    428.7766
    437.2391
    445.6384
    453.9719
    462.2381
    470.4374
    478.5685
    486.6302
    494.6219
    502.5430
    510.3929
    518.1714
    525.8783
    533.5129
    541.0748
    548.5643
    555.9819
    563.3273
    570.6003
    577.8007
    584.9286
    591.9841
    598.9670
    605.8774
    612.7153
    619.4807
    626.1735
    632.7935
    639.3409
    645.8153
    652.2170
    658.5459
    664.8020
    670.9850
    677.0949
    683.1313
    689.0941
    694.9831
    700.7979
    706.5381
    712.2036
    717.7941
    723.3092
    728.7484
    734.1110
    739.3971
    744.6062
    749.7361
    754.7853
    759.7595
    764.6600
    769.4499
    774.1631
    778.8395
    783.4877
    788.1124
    792.7168
    797.3024
    801.8651
    806.3986
    810.9006
    815.3699
    819.8112
    824.2501
    828.6890
    833.1279
    837.5669
    842.0058
    846.4447
    850.8836
    855.3226
    859.7615
    864.2004
    868.6393
    873.0782
    877.5172
    881.9561
     -1.0000
     -1.0000
     -1.0000
     -1.0000
     -1.0000
     -1.0000
     -1.0000
     -1.0000
     -1.0000
   1118.2653
   1120.1804
   1122.0953
   1124.0099
   1125.9238
   1127.8370
   1129.7493
   1131.6603
   1133.5698
   1135.4777
   1137.3835
   1139.2870
   1141.1879
   1143.0857
   1144.9801
   1146.8706
   1148.7567
   1150.6379
   1152.5135
   1154.3832
   1156.2458
   1158.1010
   1159.9475
   1161.7847
   1163.6112
   1165.4261
   1167.2283
   1169.0161
   1170.7882
   1172.5430
   1174.2788
   1175.0728
   1177.6860
   1179.3536
   1180.9945
   1182.6064
   1184.1875
   1185.7354
   1187.2480
   1188.7235
   1190.1597
   1191.5547
   1192.9066
   1194.2139
   1195.4749
   1196.6880
   1197.8519
   1198.9656
   1200.0275
   1201.0369
   1201.9927
   1202.8940
   1203.7404
   1204.5308
   1205.2648
   1205.9417
   1206.5613
   1207.1229
   1207.6263
   1208.0713
   1208.4574
   1208.7844
   1209.0524
   1209.2609
   1209.4098
   1209.4993
   1209.5292
# Travel time at depth =  35.00 km.
      5.7559
     17.5135
     31.2669
     45.0183
     58.7663
     72.5099
     86.2476
     99.9783
    113.7007
    127.4136
    141.1157
    154.8057
    168.4825
    182.1448
    195.7917
    209.3396
    222.3158
    234.9604
    247.3364
    258.5676
    269.4886
    280.3216
    291.0490
    301.6553
    311.3317
    320.4435
    329.5135
    338.5337
    347.4869
    356.3858
    365.2439
    374.0651
    382.8486
    391.5876
    400.2748
    408.9087
    417.4860
    426.0037
    434.4601
    442.8529
    451.1798
    459.4396
    467.6324
    475.7570
    483.8122
    491.7973
    499.7119
    507.5554
    515.3276
    523.0281
    530.6562
    538.2119
    545.6953
    553.1068
    560.4461
    567.7131
    574.9077
    582.0297
    589.0794
    596.0566
    602.9615
    609.7938
    616.5536
    623.2410
    629.8558
    636.3978
    642.8670
    649.2635
    655.5873
    661.8384
    668.0165
    674.1214
    680.1530
    686.1109
    691.9951
    697.8052
    703.5407
    709.2015
    714.7875
    720.2981
    725.7328
    731.0909
    736.3726
    741.5774
    746.7028
    751.7478
    756.7181
    761.6143
    766.3981
    771.1091
    775.7839
    780.4308
    785.0544
    789.6580
    794.2426
    798.8040
    803.3359
    807.8365
    812.3041
    816.7448
    821.1837
    825.6227
    830.0616
    834.5005
    838.9394
    843.3784
    847.8173
    852.2562
    856.6951
    861.1340
    865.5729
    870.0118
    874.4507
    878.8897
     -1.0000
     -1.0000
     -1.0000
     -1.0000
     -1.0000
     -1.0000
     -1.0000
     -1.0000
     -1.0000
   1115.1145
   1117.0297
   1118.9446
   1120.8591
   1122.7731
   1124.6863
   1126.5985
   1128.5095
   1130.4191
   1132.3268
   1134.2327
   1136.1361
   1138.0369
   1139.9346
   1141.8290
   1143.7194
   1145.6053
   1147.4865
   1149.3621
   1151.2316
   1153.0941
   1154.9490
   1156.7954
   1158.6323
   1160.4587
   1162.2734
   1164.0753
   1165.8628
   1167.6346
   1169.3890
   1171.1245
   1171.9587
   1174.5310
   1176.1981
   1177.8385
   1179.4500
   1181.0304
   1182.5778
   1184.0900
   1185.5648
   1187.0004
   1188.3947
   1189.7461
   1191.0527
   1192.3131
   1193.5256
   1194.6890
   1195.8020
   1196.8634
   1197.8722
   1198.8275
   1199.7284
   1200.5741
   1201.3641
   1202.0977
   1202.7742
   1203.3934
   1203.9547
   1204.4579
   1204.9025
   1205.2885
   1205.6152
   1205.8829
   1206.0913
   1206.2402
   1206.3296
   1206.3595
# Travel time at depth =  50.00 km.
      7.6214
     17.6984
     31.3156
     45.0196
     58.7366
     72.4548
     86.1700
     99.8795
    113.5816
    127.2748
    140.9576
    154.6287
    168.2870
    181.9310
    195.5582
    208.7659
    221.6216
    234.1756
    246.4620
    257.4417
    268.3484
    279.1643
    289.8723
    300.4574
    309.9377
    319.0448
    328.1095
    337.1225
    346.0681
    354.9620
    363.8157
    372.6328
    381.4117
    390.1451
    398.8265
    407.4544
    416.0253
    424.5365
    432.9862
    441.3724
    449.6923
    457.9453
    466.1313
    474.2490
    482.2973
    490.2757
    498.1835
    506.0203
    513.7858
    521.4796
    529.1013
    536.6504
    544.1275
    551.5327
    558.8658
    566.1268
    573.3152
    580.4313
    587.4751
    594.4466
    601.3456
    608.1724
    614.9267
    621.6085
    628.2178
    634.7545
    641.2184
    647.6098
    653.9285
    660.1745
    666.3476
    672.4476
    678.4742
    684.4274
    690.3069
    696.1122
    701.8431
    707.4993
    713.0807
    718.5869
    724.0171
    729.3708
    734.6483
    739.8486
    744.9697
    750.0105
    754.9770
    759.8687
    764.6468
    769.3557
    774.0290
    778.6747
    783.2972
    787.8998
    792.4835
    797.0436
    801.5740
    806.0731
    810.5392
    814.9794
    819.4183
    823.8572
    828.2961
    832.7350
    837.1740
    841.6129
    846.0518
    850.4907
    854.9296
    859.3686
    863.8075
    868.2464
    872.6853
    877.1243
     -1.0000
     -1.0000
     -1.0000
     -1.0000
     -1.0000
     -1.0000
     -1.0000
     -1.0000
     -1.0000
   1113.2672
   1115.1824
   1117.0973
   1119.0118
   1120.9258
   1122.8390
   1124.7511
   1126.6621
   1128.5715
   1130.4794
   1132.3851
   1134.2886
   1136.1892
   1138.0869
   1139.9812
   1141.8715
   1143.7574
   1145.6384
   1147.5139
   1149.3833
   1151.2457
   1153.1005
   1154.9467
   1156.7834
   1158.6096
   1160.4242
   1162.2257
   1164.0131
   1165.7845
   1167.5387
   1169.2738
   1170.1466
   1172.6794
   1174.3462
   1175.9861
   1177.5970
   1179.1770
   1180.7239
   1182.2355
   1183.7097
   1185.1448
   1186.5385
   1187.8893
   1189.1953
   1190.4551
   1191.6671
   1192.8298
   1193.9423
   1195.0032
   1196.0115
   1196.9662
   1197.8666
   1198.7119
   1199.5015
   1200.2345
   1200.9108
   1201.5295
   1202.0906
   1202.5935
   1203.0378
   1203.4235
   1203.7501
   1204.0177
   1204.2260
   1204.3748
   1204.4641
   1204.4939
# Travel time at depth =  75.00 km.
     10.7296
     18.7346
     31.7326
     45.2341
     58.8417
     72.4845
     86.1403
     99.7995
    113.4568
    127.1089
    140.7531
    154.3868
    168.0078
    181.5868
    194.7773
    207.7361
    220.4156
    232.8448
    244.6124
    255.5719
    266.4535
    277.2397
    287.9143
    298.4633
    307.6204
    316.7192
    325.7747
    334.7751
    343.7088
    352.5943
    361.4409
    370.2510
    379.0220
    387.7459
    396.4175
    405.0352
    413.5954
    422.0957
    430.5343
    438.9090
    447.2173
    455.4588
    463.6334
    471.7396
    479.7764
    487.7433
    495.6398
    503.4653
    511.2196
    518.9024
    526.5131
    534.0514
    541.5178
    548.9125
    556.2354
    563.4860
    570.6644
    577.7704
    584.8044
    591.7662
    598.6557
    605.4730
    612.2180
    618.8906
    625.4908
    632.0186
    638.4737
    644.8563
    651.1664
    657.4040
    663.5687
    669.6605
    675.6790
    681.6241
    687.4956
    693.2930
    699.0161
    704.6647
    710.2385
    715.7371
    721.1598
    726.5062
    731.7764
    736.9695
    742.0831
    747.1169
    752.0772
    756.9612
    761.7300
    766.4354
    771.1063
    775.7499
    780.3707
    784.9718
    789.5537
    794.1117
    798.6397
    803.1362
    807.5996
    812.0391
    816.4780
    820.9170
    825.3559
    829.7948
    834.2337
    838.6727
    843.1116
    847.5505
    851.9894
    856.4283
    860.8672
    865.3062
    869.7451
    874.1840
     -1.0000
     -1.0000
     -1.0000
     -1.0000
     -1.0000
     -1.0000
     -1.0000
     -1.0000
     -1.0000
   1110.1896
   1112.1047
   1114.0197
   1115.9342
   1117.8481
   1119.7612
   1121.6733
   1123.5844
   1125.4938
   1127.4015
   1129.3071
   1131.2104
   1133.1111
   1135.0087
   1136.9028
   1138.7931
   1140.6788
   1142.5597
   1144.4349
   1146.3041
   1148.1663
   1150.0208
   1151.8667
   1153.7031
   1155.5291
   1157.3431
   1159.1444
   1160.9312
   1162.7023
   1164.4558
   1166.1903
   1167.1273
   1169.5947
   1171.2607
   1172.8999
   1174.5100
   1176.0892
   1177.6351
   1179.1458
   1180.6191
   1182.0532
   1183.4459
   1184.7958
   1186.1008
   1187.3596
   1188.5706
   1189.7324
   1190.8439
   1191.9038
   1192.9113
   1193.8651
   1194.7648
   1195.6093
   1196.3981
   1197.1305
   1197.8060
   1198.4243
   1198.9847
   1199.4872
   1199.9310
   1200.3164
   1200.6427
   1200.9100
   1201.1180
   1201.2667
   1201.3560
   1201.3857
# Travel time at depth = 100.00 km.
     13.8367
     20.3894
     32.5384
     45.7071
     59.1378
     72.6650
     86.2353
     99.8255
    113.4240
    127.0237
    140.6201
    154.2115
    167.6085
    180.8186
    193.8427
    206.6302
    219.1689
    231.4906
    242.7724
    253.7099
    264.5648
    275.3198
    285.9601
    296.1806
    305.3103
    314.4008
    323.4466
    332.4333
    341.3562
    350.2336
    359.0731
    367.8760
    376.6387
    385.3528
    394.0145
    402.6218
    411.1711
    419.6603
    428.0877
    436.4508
    444.7474
    452.9774
    461.1404
    469.2350
    477.2602
    485.2157
    493.1006
    500.9149
    508.6580
    516.3296
    523.9291
    531.4565
    538.9124
    546.2965
    553.6088
    560.8492
    568.0173
    575.1134
    582.1375
    589.0895
    595.9694
    602.7772
    609.5128
    616.1762
    622.7673
    629.2860
    635.7322
    642.1061
    648.4077
    654.6367
    660.7930
    666.8764
    672.8867
    678.8237
    684.6872
    690.4767
    696.1920
    701.8328
    707.3989
    712.8900
    718.3051
    723.6442
    728.9070
    734.0928
    739.1990
    744.2259
    749.1799
    754.0557
    758.8156
    763.5176
    768.1860
    772.8276
    777.4467
    782.0463
    786.6266
    791.1823
    795.7078
    800.2018
    804.6624
    809.1015
    813.5404
    817.9793
    822.4182
    826.8572
    831.2961
    835.7350
    840.1739
    844.6129
    849.0518
    853.4907
    857.9296
    862.3685
    866.8074
    871.2463
     -1.0000
     -1.0000
     -1.0000
     -1.0000
     -1.0000
     -1.0000
     -1.0000
     -1.0000
     -1.0000
   1107.1134
   1109.0286
   1110.9434
   1112.8579
   1114.7719
   1116.6849
   1118.5970
   1120.5079
   1122.4174
   1124.3250
   1126.2306
   1128.1338
   1130.0344
   1131.9319
   1133.8259
   1135.7159
   1137.6016
   1139.4823
   1141.3574
   1143.2263
   1145.0883
   1146.9425
   1148.7882
   1150.6243
   1152.4498
   1154.2635
   1156.0643
   1157.8507
   1159.6212
   1161.3743
   1163.1083
   1164.1091
   1166.5114
   1168.1766
   1169.8149
   1171.4243
   1173.0026
   1174.5476
   1176.0574
   1177.5298
   1178.9629
   1180.3547
   1181.7035
   1183.0076
   1184.2654
   1185.4753
   1186.6362
   1187.7467
   1188.8058
   1189.8123
   1190.7653
   1191.6641
   1192.5078
   1193.2958
   1194.0276
   1194.7025
   1195.3201
   1195.8800
   1196.3820
   1196.8254
   1197.2103
   1197.5364
   1197.8035
   1198.0112
   1198.1598
   1198.2489
   1198.2787
# Travel time at depth = 150.00 km.
     20.0291
     24.7314
     35.0817
     47.3167
     60.2047
     73.3630
     86.6472
     99.9862
    113.3339
    126.6592
    139.9327
    153.1221
    166.1918
    179.1024
    191.8138
    204.3221
    216.6390
    228.1879
    239.1511
    250.0388
    260.8347
    271.5232
    282.0910
    291.6232
    300.7371
    309.8098
    318.8339
    327.7925
    336.6956
    345.5574
    354.3824
    363.1704
    371.9151
    380.6090
    389.2504
    397.8361
    406.3632
    414.8298
    423.2340
    431.5733
    439.8461
    448.0528
    456.1922
    464.2631
    472.2649
    480.1969
    488.0587
    495.8499
    503.5702
    511.2191
    518.7962
    526.3016
    533.7358
    541.0985
    548.3896
    555.6091
    562.7566
    569.8323
    576.8363
    583.7686
    590.6289
    597.4174
    604.1341
    610.7787
    617.3514
    623.8518
    630.2801
    636.6362
    642.9203
    649.1321
    655.2713
    661.3379
    667.3315
    673.2521
    679.0994
    684.8727
    690.5721
    696.1973
    701.7479
    707.2236
    712.6235
    717.9476
    723.1956
    728.3665
    733.4576
    738.4706
    743.4119
    748.2693
    753.0137
    757.7093
    762.3728
    767.0104
    771.6260
    776.2225
    780.7992
    785.3502
    789.8706
    794.3594
    798.8144
    803.2533
    807.6923
    812.1312
    816.5701
    821.0090
    825.4479
    829.8868
    834.3257
    838.7646
    843.2036
    847.6425
    852.0814
    856.5203
    860.9593
    865.3982
     -1.0000
     -1.0000
     -1.0000
     -1.0000
     -1.0000
     -1.0000
     -1.0000
     -1.0000
     -1.0000
   1100.9835
   1102.8987
   1104.8136
   1106.7280
   1108.6418
   1110.5549
   1112.4670
   1114.3778
   1116.2871
   1118.1946
   1120.1001
   1122.0032
   1123.9036
   1125.8008
   1127.6946
   1129.5844
   1131.4697
   1133.3500
   1135.2247
   1137.0933
   1138.9547
   1140.8085
   1142.6536
   1144.4890
   1146.3138
   1148.1268
   1149.9268
   1151.7123
   1153.4817
   1155.2338
   1156.9664
   1158.0951
   1160.3668
   1162.0306
   1163.6675
   1165.2751
   1166.8517
   1168.3949
   1169.9028
   1171.3733
   1172.8043
   1174.1942
   1175.5410
   1176.8430
   1178.0988
   1179.3068
   1180.4657
   1181.5742
   1182.6315
   1183.6361
   1184.5874
   1185.4845
   1186.3267
   1187.1132
   1187.8435
   1188.5171
   1189.1335
   1189.6924
   1190.1932
   1190.6360
   1191.0200
   1191.3455
   1191.6119
   1191.8193
   1191.9675
   1192.0565
   1192.0863
# Travel time at depth = 200.00 km.
     26.1250
     29.7229
     38.4692
     49.5912
     61.7349
     74.3522
     87.2046
    100.1725
    113.1865
    126.1994
    139.1682
    152.0503
    164.8047
    177.4071
    189.8510
    202.1318
    213.8271
    224.8098
    235.7233
    246.5517
    257.2797
    267.8939
    278.0889
    287.2234
    296.3196
    305.3727
    314.3702
    323.3023
    332.1870
    341.0332
    349.8432
    358.6143
    367.3389
    376.0117
    384.6313
    393.1942
    401.6978
    410.1406
    418.5204
    426.8348
    435.0831
    443.2654
    451.3801
    459.4265
    467.4038
    475.3115
    483.1492
    490.9165
    498.6131
    506.2386
    513.7924
    521.2751
    528.6868
    536.0274
    543.2966
    550.4943
    557.6205
    564.6753
    571.6586
    578.5703
    585.4105
    592.1792
    598.8762
    605.5015
    612.0551
    618.5366
    624.9464
    631.2842
    637.5502
    643.7442
    649.8658
    655.9150
    661.8915
    667.7952
    673.6255
    679.3824
    685.0654
    690.6743
    696.2090
    701.6688
    707.0530
    712.3616
    717.5944
    722.7498
    727.8254
    732.8245
    737.7523
    742.5879
    747.3204
    752.0096
    756.6683
    761.3018
    765.9140
    770.5073
    775.0801
    779.6261
    784.1412
    788.6246
    793.0745
    797.5134
    801.9523
    806.3912
    810.8301
    815.2690
    819.7080
    824.1469
    828.5858
    833.0247
    837.4637
    841.9026
    846.3415
    850.7804
    855.2194
    859.6583
     -1.0000
     -1.0000
     -1.0000
     -1.0000
     -1.0000
     -1.0000
     -1.0000
     -1.0000
     -1.0000
   1094.9524
   1096.8674
   1098.7823
   1100.6968
   1102.6106
   1104.5236
   1106.4355
   1108.3462
   1110.2555
   1112.1628
   1114.0681
   1115.9711
   1117.8712
   1119.7683
   1121.6617
   1123.5513
   1125.4363
   1127.3163
   1129.1907
   1131.0587
   1132.9197
   1134.7729
   1136.6174
   1138.4523
   1140.2764
   1142.0885
   1143.8876
   1145.6720
   1147.4404
   1149.1913
   1150.9229
   1152.1805
   1154.3204
   1155.9828
   1157.6179
   1159.2239
   1160.7987
   1162.3401
   1163.8459
   1165.3145
   1166.7435
   1168.1312
   1169.4760
   1170.7759
   1172.0295
   1173.2355
   1174.3925
   1175.4990
   1176.5542
   1177.5570
   1178.5065
   1179.4019
   1180.2424
   1181.0275
   1181.7563
   1182.4286
   1183.0438
   1183.6014
   1184.1013
   1184.5431
   1184.9264
   1185.2511
   1185.5171
   1185.7240
   1185.8719
   1185.9608
   1185.9905
# Travel time at depth = 250.00 km.
     32.1094
     34.9883
     42.4248
     52.4357
     63.7505
     75.7368
     88.0814
    100.6165
    113.2415
    125.8884
    138.5066
    151.0584
    163.5153
    175.8549
    188.0604
    199.7385
    210.7345
    221.6663
    232.5185
    243.2764
    253.9268
    264.4582
    273.8884
    283.0056
    292.0823
    301.1122
    310.0787
    318.9877
    327.8547
    336.6848
    345.4785
    354.2305
    362.9330
    371.5835
    380.1797
    388.7182
    397.1971
    405.6147
    413.9686
    422.2568
    430.4796
    438.6361
    446.7251
    454.7457
    462.6975
    470.5799
    478.3924
    486.1349
    493.8069
    501.4078
    508.9375
    516.3966
    523.7850
    531.1025
    538.3490
    545.5242
    552.6283
    559.6612
    566.6230
    573.5135
    580.3328
    587.0809
    593.7576
    600.3628
    606.8965
    613.3585
    619.7490
    626.0680
    632.3153
    638.4908
    644.5942
    650.6254
    656.5841
    662.4702
    668.2831
    674.0228
    679.6888
    685.2811
    690.7992
    696.2426
    701.6105
    706.9032
    712.1202
    717.2595
    722.3192
    727.3040
    732.2175
    737.0296
    741.7522
    746.4352
    751.0890
    755.7184
    760.3271
    764.9171
    769.4856
    774.0262
    778.5359
    783.0135
    787.4592
    791.8981
    796.3370
    800.7759
    805.2148
    809.6537
    814.0927
    818.5316
    822.9705
    827.4094
    831.8483
    836.2873
    840.7262
    845.1651
    849.6041
    854.0430
     -1.0000
     -1.0000
     -1.0000
     -1.0000
     -1.0000
     -1.0000
     -1.0000
     -1.0000
     -1.0000
   1089.0349
   1090.9501
   1092.8649
   1094.7793
   1096.6930
   1098.6060
   1100.5178
   1102.4285
   1104.3375
   1106.2448
   1108.1499
   1110.0526
   1111.9526
   1113.8495
   1115.7427
   1117.6318
   1119.5166
   1121.3962
   1123.2701
   1125.1377
   1126.9983
   1128.8508
   1130.6947
   1132.5288
   1134.3522
   1136.1636
   1137.9617
   1139.7451
   1141.5126
   1143.2622
   1143.1016
   1146.3810
   1148.3872
   1150.0479
   1151.6813
   1153.2855
   1154.8584
   1156.3978
   1157.9019
   1159.3682
   1160.7952
   1162.1808
   1163.5233
   1164.8212
   1166.0726
   1167.2765
   1168.4313
   1169.5358
   1170.5890
   1171.5900
   1172.5376
   1173.4312
   1174.2700
   1175.0533
   1175.7808
   1176.4517
   1177.0656
   1177.6222
   1178.1210
   1178.5618
   1178.9443
   1179.2683
   1179.5337
   1179.7402
   1179.8878
   1179.9764
   1180.0060
# Travel time at depth = 300.00 km.
     37.9665
     40.3443
     46.7307
     55.7079
     66.1734
     77.4779
     89.2615
    101.3183
    113.5227
    125.7916
    138.0668
    150.3045
    162.4727
    174.5468
    185.9836
    196.9860
    207.9275
    218.7937
    229.5706
    240.2456
    250.8076
    260.7647
    269.9000
    278.9975
    288.0523
    297.0533
    305.9890
    314.8768
    323.7260
    332.5392
    341.3145
    350.0444
    358.7233
    367.3498
    375.9205
    384.4330
    392.8856
    401.2762
    409.6026
    417.8635
    426.0593
    434.1886
    442.2504
    450.2440
    458.1690
    466.0247
    473.8110
    481.5274
    489.1735
    496.7487
    504.2534
    511.6878
    519.0518
    526.3453
    533.5679
    540.7197
    547.8007
    554.8109
    561.7502
    568.6187
    575.4161
    582.1427
    588.7982
    595.3825
    601.8956
    608.3373
    614.7078
    621.0071
    627.2349
    633.3912
    639.4756
    645.4880
    651.4283
    657.2960
    663.0909
    668.8127
    674.4612
    680.0361
    685.5369
    690.9632
    696.3143
    701.5904
    706.7908
    711.9133
    716.9569
    721.9272
    726.8248
    731.6133
    736.3269
    741.0039
    745.6527
    750.2780
    754.8831
    759.4694
    764.0334
    768.5684
    773.0723
    777.5439
    781.9861
    786.4251
    790.8640
    795.3029
    799.7418
    804.1808
    808.6197
    813.0586
    817.4976
    821.9365
    826.3754
    830.8143
    835.2532
    839.6921
    844.1310
    848.5699
     -1.0000
     -1.0000
     -1.0000
     -1.0000
     -1.0000
     -1.0000
     -1.0000
     -1.0000
     -1.0000
   1083.2474
   1085.1625
   1087.0773
   1088.9917
   1090.9054
   1092.8182
   1094.7300
   1096.6405
   1098.5494
   1100.4565
   1102.3616
   1104.2642
   1106.1638
   1108.0604
   1109.9534
   1111.8423
   1113.7267
   1115.6058
   1117.4794
   1119.3464
   1121.2064
   1123.0585
   1124.9017
   1126.7351
   1128.5577
   1130.3682
   1132.1653
   1133.9478
   1135.7140
   1137.4624
   1137.4705
   1140.7133
   1142.5830
   1144.2421
   1145.8738
   1147.4762
   1149.0471
   1150.5846
   1152.0864
   1153.5507
   1154.9755
   1156.3588
   1157.6991
   1158.9946
   1160.2440
   1161.4456
   1162.5983
   1163.7007
   1164.7518
   1165.7507
   1166.6964
   1167.5881
   1168.4253
   1169.2070
   1169.9329
   1170.6023
   1171.2150
   1171.7703
   1172.2681
   1172.7079
   1173.0895
   1173.4128
   1173.6776
   1173.8837
   1174.0310
   1174.1194
   1174.1489
# Travel time at depth = 400.00 km.
     49.3180
     51.0545
     55.9139
     63.1560
     72.0252
     81.9543
     92.5640
    103.6078
    114.9227
    126.3986
    137.5197
    148.5894
    159.6231
    170.6094
    181.5364
    192.3927
    203.1670
    213.8491
    224.4295
    234.8992
    244.3355
    253.4660
    262.5585
    271.6082
    280.6030
    289.5344
    298.4195
    307.2668
    316.0784
    324.8522
    333.5810
    342.2593
    350.8859
    359.4576
    367.9717
    376.4269
    384.8211
    393.1520
    401.4184
    409.6205
    417.7573
    425.8276
    433.8307
    441.7661
    449.6332
    457.4318
    465.1614
    472.8218
    480.4122
    487.9328
    495.3839
    502.7656
    510.0775
    517.3194
    524.4913
    531.5931
    538.6249
    545.5865
    552.4781
    559.2994
    566.0506
    572.7314
    579.3418
    585.8816
    592.3508
    598.7495
    605.0775
    611.3349
    617.5214
    623.6369
    629.6810
    635.6537
    641.5547
    647.3837
    653.1403
    658.8242
    664.4354
    669.9734
    675.4377
    680.8278
    686.1434
    691.3844
    696.5496
    701.6363
    706.6467
    711.5868
    716.4448
    721.1913
    725.8884
    730.5533
    735.1922
    739.8091
    744.4068
    748.9850
    753.5381
    758.0612
    762.5529
    767.0112
    771.4502
    775.8891
    780.3280
    784.7670
    789.2059
    793.6448
    798.0837
    802.5226
    806.9615
    811.4005
    815.8394
    820.2783
    824.7172
    829.1561
    833.5950
    838.0340
     -1.0000
     -1.0000
     -1.0000
     -1.0000
     -1.0000
     -1.0000
     -1.0000
     -1.0000
     -1.0000
   1072.0432
   1073.9583
   1075.8730
   1077.7872
   1079.7008
   1081.6135
   1083.5251
   1085.4354
   1087.3441
   1089.2510
   1091.1556
   1093.0577
   1094.9570
   1096.8530
   1098.7455
   1100.6337
   1102.5173
   1104.3956
   1106.2683
   1108.1344
   1109.9932
   1111.8440
   1113.6858
   1115.5177
   1117.3385
   1119.1471
   1120.9423
   1122.7224
   1124.4863
   1126.2321
   1126.5725
   1129.6625
   1131.3434
   1132.9989
   1134.6270
   1136.2253
   1137.7922
   1139.3253
   1140.8228
   1142.2825
   1143.7026
   1145.0813
   1146.4169
   1147.7078
   1148.9524
   1150.1493
   1151.2974
   1152.3954
   1153.4421
   1154.4369
   1155.3785
   1156.2665
   1157.0999
   1157.8782
   1158.6007
   1159.2672
   1159.8770
   1160.4298
   1160.9253
   1161.3630
   1161.7429
   1162.0648
   1162.3284
   1162.5334
   1162.6801
   1162.7681
   1162.7974
# Travel time at depth = 500.00 km.
     59.8912
     61.2281
     65.0325
     70.9079
     78.3465
     86.9088
     96.2503
    106.1173
    116.3259
    126.7449
    137.2807
    147.8716
    158.4751
    169.0618
    179.6115
    190.1071
    200.5344
    210.8810
    220.2651
    229.4128
    238.5260
    247.5998
    256.6283
    265.5965
    274.5091
    283.3803
    292.2155
    301.0155
    309.7764
    318.4910
    327.1558
    335.7692
    344.3282
    352.8304
    361.2746
    369.6587
    377.9804
    386.2391
    394.4347
    402.5661
    410.6322
    418.6324
    426.5661
    434.4328
    442.2321
    449.9637
    457.6272
    465.2220
    472.7481
    480.2058
    487.5950
    494.9156
    502.1674
    509.3501
    516.4637
    523.5082
    530.4836
    537.3899
    544.2269
    550.9945
    557.6927
    564.3215
    570.8806
    577.3699
    583.7894
    590.1392
    596.4193
    602.6292
    608.7690
    614.8383
    620.8370
    626.7649
    632.6216
    638.4069
    644.1202
    649.7617
    655.3309
    660.8275
    666.2508
    671.6003
    676.8761
    682.0776
    687.2028
    692.2502
    697.2252
    702.1297
    706.9309
    711.6502
    716.3314
    720.9839
    725.6124
    730.2204
    734.8098
    739.3777
    743.9178
    748.4271
    752.9047
    757.3505
    761.7894
    766.2283
    770.6672
    775.1061
    779.5450
    783.9839
    788.4229
    792.8618
    797.3007
    801.7396
    806.1786
    810.6175
    815.0564
    819.4953
    823.9343
    828.3732
     -1.0000
     -1.0000
     -1.0000
     -1.0000
     -1.0000
     -1.0000
     -1.0000
     -1.0000
     -1.0000
   1061.6337
   1063.5487
   1065.4634
   1067.3776
   1069.2910
   1071.2036
   1073.1150
   1075.0250
   1076.9333
   1078.8398
   1080.7440
   1082.6458
   1084.5444
   1086.4399
   1088.3317
   1090.2191
   1092.1019
   1093.9794
   1095.8510
   1097.7158
   1099.5734
   1101.4227
   1103.2629
   1105.0931
   1106.9121
   1108.7186
   1110.5114
   1112.2891
   1114.0502
   1115.7930
   1116.4796
   1119.2167
   1120.8939
   1122.5455
   1124.1693
   1125.7634
   1127.3257
   1128.8540
   1130.3466
   1131.8011
   1133.2162
   1134.5897
   1135.9200
   1137.2057
   1138.4451
   1139.6370
   1140.7799
   1141.8729
   1142.9149
   1143.9050
   1144.8423
   1145.7258
   1146.5553
   1147.3297
   1148.0488
   1148.7119
   1149.3186
   1149.8687
   1150.3616
   1150.7971
   1151.1752
   1151.4952
   1151.7574
   1151.9615
   1152.1073
   1152.1949
   1152.2241
# Travel time at depth = 600.00 km.
     70.0655
     71.1382
     74.2169
     79.0725
     85.3736
     92.7932
    101.0504
    109.9195
    119.2264
    128.8390
    138.6590
    148.6118
    158.6422
    168.7092
    178.7804
    188.0614
    197.2397
    206.3909
    215.5094
    224.5906
    233.6299
    242.6150
    251.5423
    260.4266
    269.2745
    278.0883
    286.8661
    295.6019
    304.2899
    312.9293
    321.5172
    330.0512
    338.5295
    346.9507
    355.3127
    363.6136
    371.8533
    380.0313
    388.1465
    396.1978
    404.1847
    412.1066
    419.9630
    427.7534
    435.4777
    443.1353
    450.7255
    458.2484
    465.7043
    473.0930
    480.4144
    487.6682
    494.8541
    501.9721
    509.0223
    516.0045
    522.9186
    529.7645
    536.5421
    543.2515
    549.8923
    556.4645
    562.9680
    569.4026
    575.7685
    582.0655
    588.2934
    594.4521
    600.5413
    606.5609
    612.5104
    618.3899
    624.1989
    629.9369
    635.6039
    641.1996
    646.7236
    652.1755
    657.5544
    662.8606
    668.0936
    673.2521
    678.3338
    683.3409
    688.2792
    693.1368
    697.8851
    702.5835
    707.2497
    711.8898
    716.5078
    721.1067
    725.6863
    730.2415
    734.7669
    739.2614
    743.7231
    748.1625
    752.6014
    757.0403
    761.4792
    765.9182
    770.3571
    774.7960
    779.2349
    783.6738
    788.1127
    792.5516
    796.9905
    801.4295
    805.8684
    810.3073
    814.7462
    819.1852
     -1.0000
     -1.0000
     -1.0000
     -1.0000
     -1.0000
     -1.0000
     -1.0000
     -1.0000
     -1.0000
   1051.6356
   1053.5507
   1055.4652
   1057.3793
   1059.2926
   1061.2050
   1063.1161
   1065.0258
   1066.9338
   1068.8400
   1070.7437
   1072.6449
   1074.5431
   1076.4379
   1078.3289
   1080.2155
   1082.0973
   1083.9738
   1085.8441
   1087.7078
   1089.5640
   1091.4117
   1093.2502
   1095.0785
   1096.8954
   1098.6996
   1100.4899
   1102.2649
   1104.0229
   1103.5338
   1106.8014
   1109.1790
   1110.8522
   1112.4995
   1114.1188
   1115.7081
   1117.2654
   1118.7887
   1120.2759
   1121.7251
   1123.1346
   1124.5026
   1125.8273
   1127.1073
   1128.3412
   1129.5275
   1130.6650
   1131.7528
   1132.7897
   1133.7749
   1134.7073
   1135.5864
   1136.4115
   1137.1819
   1137.8972
   1138.5568
   1139.1603
   1139.7073
   1140.1975
   1140.6307
   1141.0066
   1141.3251
   1141.5858
   1141.7887
   1141.9337
   1142.0209
   1142.0499
# Travel time at depth = 700.00 km.
     79.6963
     80.5789
     83.1265
     87.1817
     92.5475
     98.9700
    106.2262
    114.1205
    122.4860
    131.1820
    140.0880
    149.1070
    158.1752
    167.2578
    176.3362
    185.3998
    194.4413
    203.4513
    212.4195
    221.3459
    230.2364
    239.0940
    247.9203
    256.7153
    265.4751
    274.1940
    282.8690
    291.4987
    300.0806
    308.6122
    317.0920
    325.5184
    333.8895
    342.2032
    350.4589
    358.6563
    366.7943
    374.8716
    382.8876
    390.8415
    398.7327
    406.5607
    414.3249
    422.0251
    429.6605
    437.2306
    444.7355
    452.1753
    459.5498
    466.8586
    474.1016
    481.2783
    488.3888
    495.4329
    502.4106
    509.3217
    516.1660
    522.9434
    529.6539
    536.2972
    542.8732
    549.3817
    555.8225
    562.1958
    568.5014
    574.7391
    580.9088
    587.0100
    593.0427
    599.0066
    604.9014
    610.7269
    616.4826
    622.1682
    627.7836
    633.3286
    638.8024
    644.2045
    649.5347
    654.7929
    659.9783
    665.0885
    670.1234
    675.0884
    679.9830
    684.7733
    689.4894
    694.1687
    698.8198
    703.4473
    708.0546
    712.6433
    717.2106
    721.7501
    726.2592
    730.7366
    735.1826
    739.6215
    744.0604
    748.4993
    752.9382
    757.3771
    761.8160
    766.2549
    770.6939
    775.1328
    779.5717
    784.0106
    788.4496
    792.8885
    797.3274
    801.7663
    806.2053
    810.6442
     -1.0000
     -1.0000
     -1.0000
     -1.0000
     -1.0000
     -1.0000
     -1.0000
     -1.0000
     -1.0000
   1042.1980
   1044.1129
   1046.0275
   1047.9414
   1049.8545
   1051.7666
   1053.6775
   1055.5869
   1057.4946
   1059.4003
   1061.3035
   1063.2041
   1065.1017
   1066.9957
   1068.8859
   1070.7716
   1072.6523
   1074.5277
   1076.3969
   1078.2590
   1080.1136
   1081.9596
   1083.7963
   1085.6223
   1087.4369
   1089.2385
   1091.0260
   1092.7980
   1094.5527
   1094.5067
   1097.6947
   1099.6971
   1101.3660
   1103.0085
   1104.6228
   1106.2069
   1107.7588
   1109.2764
   1110.7577
   1112.2010
   1113.6045
   1114.9663
   1116.2849
   1117.5588
   1118.7866
   1119.9670
   1121.0988
   1122.1808
   1123.2120
   1124.1919
   1125.1191
   1125.9934
   1126.8137
   1127.5798
   1128.2909
   1128.9467
   1129.5466
   1130.0905
   1130.5778
   1131.0084
   1131.3821
   1131.6986
   1131.9578
   1132.1594
   1132.3036
   1132.3901
   1132.4191
# Distance-dependent modelling error(s)
   35    2
	0.0	0.2	0.5	1.0	2.0	3.0	4.0	8.0
	12.0	15.0	17.0	19.0	25.0	33.0	37.0	49.0
	57.0	65.0	79.0	83.0	91.0	93.0	97.0	101.0
	104.0	109.0	114.0	119.0	121.0	129.0	137.0	139.0
	142.0	145.0	180.0
	0.0	200.0
#
	0.1
	0.5
	1.0
	1.5
	2.1
	2.4
	2.6
	2.7
	2.9
	3.6
	3.0
	2.1
	1.4
	1.4
	1.3
	1.3
	1.2
	1.1
	1.1
	1.2 
	1.3
	1.4
	1.4
	2.0
	2.3
	2.6
	1.4
	1.4
	1.3
	1.3
	2.3
	3.3
	3.7
	1.8
	1.8
#
        0.7
        0.7
        0.7
        1.0
        1.5
        1.7
        1.8
        1.9
        2.0
        2.5
        2.1
        1.4
        1.0
        1.0
        0.9 
        0.9
        0.8 
        0.8
        0.8
        0.9
        1.1
        1.2
        1.2
        1.9
        2.2
        2.4
        1.2
        1.2
        1.1
        1.1
        2.2
        3.3
        3.7
        1.5
        1.5
#%Z%        %M%     %I%     %G%
