# IASPEI travel-time table for phase: P3KPdf_B (PKKKPdf back branch)
  7   Number of depth samples at the following depths (km):
    0.00   20.00   50.00  100.00  200.00  400.00  700.00
 37   Number of distance samples at the following distances (deg):
    0.00    5.00   10.00   15.00   20.00   25.00   30.00   35.00   40.00   45.00
   50.00   55.00   60.00   65.00   70.00   75.00   80.00   85.00   90.00   95.00
  100.00  105.00  110.00  115.00  120.00  125.00  130.00  135.00  140.00  145.00
  150.00  155.00  160.00  165.00  170.00  175.00  180.00
# Travel time at depth =   0.00 km.
   2412.6792
   2421.9592
   2431.1721
   2440.3066
   2449.3503
   2458.2900
   2467.1108
   2475.7974
   2484.3337
   2492.7029
   2500.8884
   2508.8743
   2516.6443
   2524.1838
   2531.4788
   2538.5164
   2545.2847
   2551.7729
   2557.9722
   2563.8733
   2569.4688
   2574.7522
   2579.7170
   2584.3584
   2588.6716
   2592.6528
   2596.2981
   2599.6045
   2602.5693
   2605.1904
   2607.4658
   2609.3938
   2610.9729
   2612.2024
   2613.0811
   2613.6084
   2613.7844
# Travel time at depth =  20.00 km.
   2409.2473
   2418.5271
   2427.7397
   2436.8740
   2445.9175
   2454.8567
   2463.6770
   2472.3633
   2480.8989
   2489.2676
   2497.4526
   2505.4377
   2513.2070
   2520.7458
   2528.0400
   2535.0769
   2541.8445
   2548.3323
   2554.5308
   2560.4312
   2566.0261
   2571.3088
   2576.2732
   2580.9141
   2585.2268
   2589.2073
   2592.8521
   2596.1582
   2599.1226
   2601.7434
   2604.0183
   2605.9460
   2607.5251
   2608.7542
   2609.6328
   2610.1602
   2610.3362
# Travel time at depth =  50.00 km.
   2405.1050
   2414.3848
   2423.5967
   2432.7305
   2441.7732
   2450.7117
   2459.5312
   2468.2166
   2476.7512
   2485.1189
   2493.3027
   2501.2866
   2509.0549
   2516.5923
   2523.8853
   2530.9209
   2537.6870
   2544.1736
   2550.3706
   2556.2698
   2561.8635
   2567.1450
   2572.1082
   2576.7480
   2581.0596
   2585.0393
   2588.6831
   2591.9885
   2594.9521
   2597.5723
   2599.8469
   2601.7739
   2603.3525
   2604.5815
   2605.4597
   2605.9871
   2606.1631
# Travel time at depth = 100.00 km.
   2398.9478
   2408.2266
   2417.4380
   2426.5703
   2435.6121
   2444.5493
   2453.3674
   2462.0510
   2470.5837
   2478.9495
   2487.1313
   2495.1128
   2502.8787
   2510.4138
   2517.7043
   2524.7373
   2531.5012
   2537.9851
   2544.1799
   2550.0767
   2555.6680
   2560.9473
   2565.9084
   2570.5461
   2574.8560
   2578.8337
   2582.4761
   2585.7798
   2588.7422
   2591.3611
   2593.6345
   2595.5608
   2597.1387
   2598.3669
   2599.2449
   2599.7720
   2599.9478
# Travel time at depth = 200.00 km.
   2386.7798
   2396.0569
   2405.2664
   2414.3967
   2423.4358
   2432.3704
   2441.1853
   2449.8655
   2458.3945
   2466.7561
   2474.9336
   2482.9106
   2490.6716
   2498.2017
   2505.4871
   2512.5149
   2519.2737
   2525.7524
   2531.9421
   2537.8340
   2543.4207
   2548.6953
   2553.6519
   2558.2854
   2562.5913
   2566.5654
   2570.2043
   2573.5049
   2576.4646
   2579.0811
   2581.3523
   2583.2769
   2584.8530
   2586.0803
   2586.9573
   2587.4839
   2587.6597
# Travel time at depth = 400.00 km.
   2363.8547
   2373.1284
   2382.3335
   2391.4590
   2400.4927
   2409.4209
   2418.2288
   2426.9014
   2435.4219
   2443.7744
   2451.9419
   2459.9087
   2467.6589
   2475.1780
   2482.4521
   2489.4685
   2496.2156
   2502.6831
   2508.8616
   2514.7424
   2520.3184
   2525.5828
   2530.5295
   2535.1538
   2539.4509
   2543.4170
   2547.0483
   2550.3420
   2553.2954
   2555.9065
   2558.1729
   2560.0933
   2561.6660
   2562.8906
   2563.7659
   2564.2913
   2564.4666
# Travel time at depth = 700.00 km.
   2333.9792
   2343.2458
   2352.4429
   2361.5593
   2370.5825
   2379.4988
   2388.2937
   2396.9514
   2405.4561
   2413.7913
   2421.9404
   2429.8877
   2437.6177
   2445.1160
   2452.3687
   2459.3635
   2466.0894
   2472.5354
   2478.6929
   2484.5532
   2490.1094
   2495.3545
   2500.2832
   2504.8901
   2509.1709
   2513.1216
   2516.7390
   2520.0198
   2522.9617
   2525.5623
   2527.8196
   2529.7324
   2531.2991
   2532.5186
   2533.3904
   2533.9136
   2534.0881
# Modelling error(s)
   1   1
#
   3.500
#@(#)        iasp91.P3KPdf_B     2.1     06/06/96
