# IASPEI travel-time table for phase: P4KPbc (PKKKKPbc)
  7   Number of depth samples at the following depths (km):
    0.00   20.00   50.00  100.00  200.00  400.00  700.00
 24   Number of distance samples at the following distances (deg):
   42.00   48.00   54.00   60.00   66.00   72.00   78.00   84.00   90.00   96.00
  102.00  108.00  114.00  120.00  126.00  132.00  138.00  144.00  150.00  156.00
  162.00  168.00  174.00  180.00
# Travel time at depth =   0.00 km.
   2754.2676
   2779.0303
   2802.9836
   2826.2473
   2848.8804
   2870.9211
   2892.3972
   2913.3303
   2933.7371
   2953.6316
   2973.0254
   2991.9297
   3010.3540
   3028.3059
   3045.7908
   3062.8164
   3079.3916
   3095.5208
   3111.2087
   3126.4597
   3141.2788
   3155.6699
   3169.6345
   3183.1772
# Travel time at depth =  20.00 km.
   2750.9038
   2775.6604
   2799.6089
   2822.8687
   2845.4978
   2867.5352
   2889.0083
   2909.9385
   2930.3423
   2950.2341
   2969.6255
   2988.5273
   3006.9492
   3024.8989
   3042.3816
   3059.4053
   3075.9783
   3092.1057
   3107.7917
   3123.0413
   3137.8586
   3152.2480
   3166.2112
   3179.7522
# Travel time at depth =  50.00 km.
   2746.8918
   2771.6365
   2795.5762
   2818.8279
   2841.4502
   2863.4810
   2884.9480
   2905.8726
   2926.2710
   2946.1577
   2965.5442
   2984.4414
   3002.8589
   3020.8042
   3038.2830
   3055.3027
   3071.8721
   3087.9958
   3103.6782
   3118.9243
   3133.7385
   3148.1250
   3162.0850
   3175.6233
# Travel time at depth = 100.00 km.
   2740.9785
   2765.7007
   2789.6235
   2812.8608
   2835.4697
   2857.4883
   2878.9441
   2899.8579
   2920.2463
   2940.1233
   2959.5007
   2978.3892
   2996.7983
   3014.7356
   3032.2068
   3049.2192
   3065.7815
   3081.8987
   3097.5747
   3112.8145
   3127.6228
   3142.0032
   3155.9578
   3169.4910
# Travel time at depth = 200.00 km.
   2729.3142
   2753.9912
   2777.8794
   2801.0862
   2823.6677
   2845.6611
   2867.0935
   2887.9851
   2908.3525
   2928.2097
   2947.5684
   2966.4387
   2984.8306
   3002.7515
   3020.2065
   3037.2039
   3053.7517
   3069.8547
   3085.5176
   3100.7444
   3115.5403
   3129.9089
   3143.8518
   3157.3740
# Travel time at depth = 400.00 km.
   2707.5078
   2732.0867
   2755.8979
   2779.0374
   2801.5581
   2823.4954
   2844.8750
   2865.7173
   2886.0383
   2905.8511
   2925.1675
   2943.9978
   2962.3513
   2980.2354
   2997.6550
   3014.6187
   3031.1340
   3047.2061
   3062.8389
   3078.0369
   3092.8052
   3107.1472
   3121.0645
   3134.5623
# Travel time at depth = 700.00 km.
   2679.7283
   2704.1296
   2727.7974
   2750.8103
   2773.2161
   2795.0474
   2816.3281
   2837.0771
   2857.3098
   2877.0393
   2896.2761
   2915.0305
   2933.3118
   2951.1260
   2968.4792
   2985.3792
   3001.8337
   3017.8472
   3033.4236
   3048.5676
   3063.2839
   3077.5759
   3091.4451
   3104.8970
# Modelling error(s)
   1   1
#
   4.500
#@(#)        iasp91.P4KPbc     2.1     06/06/96
