# IASPEI travel-time table for phase: PKKKKPdf (P4KPdf)
  7   Number of depth samples at the following depths (km):
    0.00   20.00   50.00  100.00  200.00  400.00  700.00
 38   Number of distance samples at the following distances (deg):
   32.00   36.00   40.00   44.00   48.00   52.00   56.00   60.00   64.00   68.00
   72.00   76.00   80.00   84.00   88.00   92.00   96.00  100.00  104.00  108.00
  112.00  116.00  120.00  124.00  128.00  132.00  136.00  140.00  144.00  148.00
  152.00  156.00  160.00  164.00  168.00  172.00  176.00  180.00
# Travel time at depth =   0.00 km.
   2885.7214
   2893.3821
   2901.0422
   2908.7007
   2916.3574
   2924.0110
   2931.6609
   2939.3064
   2946.9463
   2954.5798
   2962.2058
   2969.8230
   2977.4302
   2985.0261
   2992.6094
   3000.1785
   3007.7314
   3015.2666
   3022.7820
   3030.2756
   3037.7451
   3045.1877
   3052.6013
   3059.9827
   3067.3291
   3074.6370
   3081.9031
   3089.1238
   3096.2952
   3103.4136
   3110.4744
   3117.4736
   3124.4070
   3131.2698
   3138.0576
   3144.7661
   3151.3906
   3157.9265
# Travel time at depth =  20.00 km.
   2882.2905
   2889.9512
   2897.6113
   2905.2698
   2912.9263
   2920.5801
   2928.2300
   2935.8752
   2943.5154
   2951.1487
   2958.7747
   2966.3918
   2973.9990
   2981.5950
   2989.1782
   2996.7476
   3004.3000
   3011.8350
   3019.3503
   3026.8440
   3034.3132
   3041.7559
   3049.1692
   3056.5505
   3063.8967
   3071.2043
   3078.4702
   3085.6907
   3092.8621
   3099.9800
   3107.0408
   3114.0398
   3120.9727
   3127.8352
   3134.6228
   3141.3311
   3147.9551
   3154.4907
# Travel time at depth =  50.00 km.
   2878.1501
   2885.8108
   2893.4709
   2901.1294
   2908.7859
   2916.4395
   2924.0896
   2931.7349
   2939.3748
   2947.0081
   2954.6340
   2962.2510
   2969.8582
   2977.4539
   2985.0371
   2992.6057
   3000.1587
   3007.6936
   3015.2087
   3022.7021
   3030.1711
   3037.6135
   3045.0266
   3052.4077
   3059.7534
   3067.0608
   3074.3264
   3081.5466
   3088.7175
   3095.8350
   3102.8953
   3109.8936
   3116.8262
   3123.6882
   3130.4751
   3137.1826
   3143.8062
   3150.3411
# Travel time at depth = 100.00 km.
   2871.9963
   2879.6570
   2887.3171
   2894.9756
   2902.6321
   2910.2856
   2917.9355
   2925.5808
   2933.2205
   2940.8538
   2948.4795
   2956.0964
   2963.7034
   2971.2991
   2978.8818
   2986.4504
   2994.0029
   3001.5376
   3009.0525
   3016.5454
   3024.0139
   3031.4561
   3038.8687
   3046.2493
   3053.5945
   3060.9011
   3068.1660
   3075.3855
   3082.5554
   3089.6724
   3096.7317
   3103.7292
   3110.6606
   3117.5217
   3124.3076
   3131.0139
   3137.6360
   3144.1697
# Travel time at depth = 200.00 km.
   2859.8354
   2867.4961
   2875.1560
   2882.8145
   2890.4709
   2898.1243
   2905.7739
   2913.4192
   2921.0586
   2928.6917
   2936.3171
   2943.9338
   2951.5403
   2959.1357
   2966.7180
   2974.2861
   2981.8381
   2989.3721
   2996.8862
   3004.3784
   3011.8462
   3019.2874
   3026.6990
   3034.0784
   3041.4224
   3048.7280
   3055.9915
   3063.2095
   3070.3779
   3077.4929
   3084.5503
   3091.5459
   3098.4753
   3105.3342
   3112.1179
   3118.8218
   3125.4414
   3131.9727
# Travel time at depth = 400.00 km.
   2836.9263
   2844.5869
   2852.2466
   2859.9050
   2867.5613
   2875.2144
   2882.8638
   2890.5085
   2898.1477
   2905.7803
   2913.4050
   2921.0210
   2928.6267
   2936.2212
   2943.8025
   2951.3694
   2958.9202
   2966.4529
   2973.9653
   2981.4558
   2988.9219
   2996.3608
   3003.7703
   3011.1472
   3018.4888
   3025.7915
   3033.0518
   3040.2664
   3047.4312
   3054.5425
   3061.5957
   3068.5872
   3075.5120
   3082.3657
   3089.1443
   3095.8430
   3102.4570
   3108.9824
# Travel time at depth = 700.00 km.
   2807.0811
   2814.7417
   2822.4014
   2830.0596
   2837.7153
   2845.3679
   2853.0168
   2860.6609
   2868.2991
   2875.9307
   2883.5542
   2891.1687
   2898.7732
   2906.3657
   2913.9453
   2921.5100
   2929.0583
   2936.5884
   2944.0981
   2951.5852
   2959.0479
   2966.4829
   2973.8882
   2981.2605
   2988.5969
   2995.8940
   3003.1487
   3010.3569
   3017.5149
   3024.6189
   3031.6646
   3038.6475
   3045.5637
   3052.4084
   3059.1772
   3065.8657
   3072.4695
   3078.9839
# Modelling error(s)
   1   1
#
   4.200
#@(#)        iasp91.P4KPdf     2.1     06/06/96
