# IASPEI travel-time table for phase: P4KPdf_B (PKKKKPdf back branch)
  7   Number of depth samples at the following depths (km):
    0.00   20.00   50.00  100.00  200.00  400.00  700.00
 46   Number of distance samples at the following distances (deg):
    0.00    4.00    8.00   12.00   16.00   20.00   24.00   28.00   32.00   36.00
   40.00   44.00   48.00   52.00   56.00   60.00   64.00   68.00   72.00   76.00
   80.00   84.00   88.00   92.00   96.00  100.00  104.00  108.00  112.00  116.00
  120.00  124.00  128.00  132.00  136.00  140.00  144.00  148.00  152.00  156.00
  160.00  164.00  168.00  172.00  176.00  180.00
# Travel time at depth =   0.00 km.
   3314.6191
   3314.5376
   3314.2930
   3313.8860
   3313.3162
   3312.5837
   3311.6890
   3310.6318
   3309.4128
   3308.0322
   3306.4900
   3304.7869
   3302.9231
   3300.8989
   3298.7153
   3296.3723
   3293.8708
   3291.2114
   3288.3948
   3285.4216
   3282.2930
   3279.0095
   3275.5725
   3271.9827
   3268.2415
   3264.3499
   3260.3093
   3256.1213
   3251.7871
   3247.3088
   3242.6877
   3237.9260
   3233.0259
   3227.9890
   3222.8184
   3217.5159
   3212.0845
   3206.5271
   3200.8467
   3195.0461
   3189.1292
   3183.0994
   3176.9602
   3170.7156
   3164.3696
   3157.9265
# Travel time at depth =  20.00 km.
   3311.1709
   3311.0894
   3310.8450
   3310.4377
   3309.8679
   3309.1357
   3308.2410
   3307.1841
   3305.9651
   3304.5845
   3303.0425
   3301.3396
   3299.4758
   3297.4519
   3295.2686
   3292.9258
   3290.4246
   3287.7654
   3284.9490
   3281.9761
   3278.8479
   3275.5647
   3272.1279
   3268.5386
   3264.7976
   3260.9062
   3256.8660
   3252.6785
   3248.3447
   3243.8667
   3239.2461
   3234.4846
   3229.5847
   3224.5486
   3219.3782
   3214.0762
   3208.6453
   3203.0881
   3197.4082
   3191.6082
   3185.6914
   3179.6619
   3173.5232
   3167.2791
   3160.9333
   3154.4907
# Travel time at depth =  50.00 km.
   3306.9976
   3306.9160
   3306.6716
   3306.2646
   3305.6951
   3304.9629
   3304.0684
   3303.0115
   3301.7930
   3300.4126
   3298.8708
   3297.1682
   3295.3047
   3293.2812
   3291.0981
   3288.7559
   3286.2551
   3283.5964
   3280.7805
   3277.8081
   3274.6804
   3271.3977
   3267.9617
   3264.3728
   3260.6323
   3256.7419
   3252.7024
   3248.5154
   3244.1824
   3239.7051
   3235.0852
   3230.3245
   3225.4255
   3220.3899
   3215.2202
   3209.9189
   3204.4890
   3198.9326
   3193.2534
   3187.4541
   3181.5383
   3175.5095
   3169.3713
   3163.1279
   3156.7830
   3150.3411
# Travel time at depth = 100.00 km.
   3300.7825
   3300.7009
   3300.4565
   3300.0498
   3299.4802
   3298.7483
   3297.8540
   3296.7976
   3295.5793
   3294.1995
   3292.6584
   3290.9563
   3289.0935
   3287.0706
   3284.8882
   3282.5466
   3280.0466
   3277.3889
   3274.5740
   3271.6025
   3268.4758
   3265.1943
   3261.7593
   3258.1716
   3254.4324
   3250.5430
   3246.5046
   3242.3191
   3237.9873
   3233.5112
   3228.8928
   3224.1335
   3219.2358
   3214.2019
   3209.0337
   3203.7339
   3198.3052
   3192.7502
   3187.0725
   3181.2747
   3175.3604
   3169.3328
   3163.1963
   3156.9541
   3150.6106
   3144.1697
# Travel time at depth = 200.00 km.
   3288.4941
   3288.4126
   3288.1685
   3287.7620
   3287.1929
   3286.4614
   3285.5679
   3284.5122
   3283.2947
   3281.9158
   3280.3757
   3278.6748
   3276.8132
   3274.7920
   3272.6111
   3270.2710
   3267.7727
   3265.1167
   3262.3037
   3259.3345
   3256.2097
   3252.9304
   3249.4976
   3245.9121
   3242.1755
   3238.2886
   3234.2529
   3230.0698
   3225.7410
   3221.2676
   3216.6521
   3211.8958
   3207.0010
   3201.9697
   3196.8044
   3191.5078
   3186.0820
   3180.5303
   3174.8555
   3169.0605
   3163.1492
   3157.1248
   3150.9907
   3144.7515
   3138.4106
   3131.9727
# Travel time at depth = 400.00 km.
   3265.3010
   3265.2197
   3264.9761
   3264.5701
   3264.0020
   3263.2717
   3262.3794
   3261.3254
   3260.1099
   3258.7332
   3257.1953
   3255.4971
   3253.6384
   3251.6201
   3249.4426
   3247.1062
   3244.6118
   3241.9597
   3239.1509
   3236.1860
   3233.0659
   3229.7915
   3226.3638
   3222.7837
   3219.0522
   3215.1711
   3211.1411
   3206.9639
   3202.6411
   3198.1741
   3193.5647
   3188.8147
   3183.9265
   3178.9019
   3173.7434
   3168.4531
   3163.0342
   3157.4890
   3151.8208
   3146.0327
   3140.1279
   3134.1099
   3127.9824
   3121.7493
   3115.4146
   3108.9824
# Travel time at depth = 700.00 km.
   3234.9226
   3234.8416
   3234.5986
   3234.1938
   3233.6274
   3232.8992
   3232.0095
   3230.9585
   3229.7466
   3228.3738
   3226.8406
   3225.1470
   3223.2939
   3221.2812
   3219.1099
   3216.7803
   3214.2930
   3211.6484
   3208.8474
   3205.8909
   3202.7795
   3199.5142
   3196.0959
   3192.5256
   3188.8044
   3184.9336
   3180.9146
   3176.7483
   3172.4368
   3167.9812
   3163.3838
   3158.6458
   3153.7698
   3148.7573
   3143.6113
   3138.3335
   3132.9272
   3127.3945
   3121.7390
   3115.9631
   3110.0706
   3104.0649
   3097.9495
   3091.7280
   3085.4050
   3078.9839
# Modelling error(s)
   1   1
#
   4.200
#@(#)        iasp91.P4KPdf_B     2.1     06/06/96
