# IASPEI travel-time table for phase: P5KPdf_C (PKKKKKPdf 2nd back branch)
  7   Number of depth samples at the following depths (km):
    0.00   20.00   50.00  100.00  200.00  400.00  700.00
 37   Number of distance samples at the following distances (deg):
    0.00    5.00   10.00   15.00   20.00   25.00   30.00   35.00   40.00   45.00
   50.00   55.00   60.00   65.00   70.00   75.00   80.00   85.00   90.00   95.00
  100.00  105.00  110.00  115.00  120.00  125.00  130.00  135.00  140.00  145.00
  150.00  155.00  160.00  165.00  170.00  175.00  180.00
# Travel time at depth =   0.00 km.
   3889.7297
   3896.4045
   3902.9185
   3909.2690
   3915.4531
   3921.4683
   3927.3115
   3932.9812
   3938.4746
   3943.7900
   3948.9253
   3953.8789
   3958.6492
   3963.2346
   3967.6338
   3971.8452
   3975.8682
   3979.7009
   3983.3428
   3986.7927
   3990.0498
   3993.1133
   3995.9824
   3998.6565
   4001.1348
   4003.4167
   4005.5020
   4007.3901
   4009.0803
   4010.5728
   4011.8667
   4012.9622
   4013.8586
   4014.5562
   4015.0547
   4015.3538
   4015.4536
# Travel time at depth =  20.00 km.
   3886.2900
   3892.9644
   3899.4780
   3905.8284
   3912.0120
   3918.0266
   3923.8696
   3929.5388
   3935.0317
   3940.3469
   3945.4819
   3950.4351
   3955.2051
   3959.7903
   3964.1890
   3968.4001
   3972.4226
   3976.2554
   3979.8970
   3983.3464
   3986.6035
   3989.6667
   3992.5356
   3995.2095
   3997.6875
   3999.9695
   4002.0544
   4003.9424
   4005.6326
   4007.1250
   4008.4187
   4009.5142
   4010.4106
   4011.1079
   4011.6064
   4011.9055
   4012.0054
# Travel time at depth =  50.00 km.
   3882.1331
   3888.8066
   3895.3198
   3901.6692
   3907.8521
   3913.8660
   3919.7083
   3925.3767
   3930.8691
   3936.1833
   3941.3176
   3946.2703
   3951.0398
   3955.6243
   3960.0225
   3964.2332
   3968.2551
   3972.0872
   3975.7283
   3979.1772
   3982.4338
   3985.4966
   3988.3650
   3991.0386
   3993.5164
   3995.7979
   3997.8828
   3999.7703
   4001.4604
   4002.9524
   4004.2461
   4005.3413
   4006.2375
   4006.9351
   4007.4333
   4007.7324
   4007.8323
# Travel time at depth = 100.00 km.
   3875.9485
   3882.6206
   3889.1321
   3895.4800
   3901.6616
   3907.6743
   3913.5151
   3919.1821
   3924.6733
   3929.9863
   3935.1194
   3940.0708
   3944.8391
   3949.4224
   3953.8196
   3958.0293
   3962.0500
   3965.8811
   3969.5212
   3972.9697
   3976.2251
   3979.2874
   3982.1550
   3984.8276
   3987.3049
   3989.5859
   3991.6702
   3993.5574
   3995.2468
   3996.7385
   3998.0317
   3999.1267
   4000.0227
   4000.7200
   4001.2180
   4001.5171
   4001.6169
# Travel time at depth = 200.00 km.
   3863.7231
   3870.3923
   3876.9011
   3883.2461
   3889.4248
   3895.4346
   3901.2727
   3906.9370
   3912.4253
   3917.7358
   3922.8662
   3927.8152
   3932.5811
   3937.1619
   3941.5569
   3945.7644
   3949.7832
   3953.6121
   3957.2502
   3960.6968
   3963.9507
   3967.0110
   3969.8772
   3972.5486
   3975.0244
   3977.3042
   3979.3872
   3981.2734
   3982.9622
   3984.4529
   3985.7456
   3986.8398
   3987.7354
   3988.4321
   3988.9299
   3989.2290
   3989.3286
# Travel time at depth = 400.00 km.
   3840.6707
   3847.3333
   3853.8352
   3860.1738
   3866.3462
   3872.3496
   3878.1816
   3883.8398
   3889.3223
   3894.6267
   3899.7515
   3904.6948
   3909.4551
   3914.0310
   3918.4207
   3922.6233
   3926.6375
   3930.4619
   3934.0959
   3937.5383
   3940.7883
   3943.8450
   3946.7078
   3949.3760
   3951.8489
   3954.1257
   3956.2063
   3958.0903
   3959.7769
   3961.2659
   3962.5569
   3963.6499
   3964.5444
   3965.2402
   3965.7375
   3966.0361
   3966.1357
# Travel time at depth = 700.00 km.
   3810.5549
   3817.2051
   3823.6951
   3830.0215
   3836.1819
   3842.1733
   3847.9937
   3853.6404
   3859.1116
   3864.4053
   3869.5193
   3874.4521
   3879.2024
   3883.7683
   3888.1487
   3892.3423
   3896.3477
   3900.1638
   3903.7898
   3907.2244
   3910.4673
   3913.5171
   3916.3735
   3919.0356
   3921.5029
   3923.7747
   3925.8506
   3927.7302
   3929.4128
   3930.8984
   3932.1868
   3933.2771
   3934.1697
   3934.8640
   3935.3601
   3935.6580
   3935.7573
# Modelling error(s)
   1   1
#
   4.700
#@(#)        iasp91.P5KPdf_C     2.1     06/06/96
