# IASPEI travel-time table for phase: P5KPdf_B (PKKKKKPdf 1st back branch)
  7   Number of depth samples at the following depths (km):
    0.00   20.00   50.00  100.00  200.00  400.00  700.00
 37   Number of distance samples at the following distances (deg):
    0.00    5.00   10.00   15.00   20.00   25.00   30.00   35.00   40.00   45.00
   50.00   55.00   60.00   65.00   70.00   75.00   80.00   85.00   90.00   95.00
  100.00  105.00  110.00  115.00  120.00  125.00  130.00  135.00  140.00  145.00
  150.00  155.00  160.00  165.00  170.00  175.00  180.00
# Travel time at depth =   0.00 km.
   3889.7297
   3882.8977
   3875.9116
   3868.7754
   3861.4924
   3854.0674
   3846.5039
   3838.8071
   3830.9812
   3823.0312
   3814.9622
   3806.7793
   3798.4878
   3790.0930
   3781.6006
   3773.0161
   3764.3445
   3755.5916
   3746.7627
   3737.8628
   3728.8972
   3719.8704
   3710.7874
   3701.6523
   3692.4697
   3683.2434
   3673.9771
   3664.6743
   3655.3381
   3645.9719
   3636.5784
   3627.1602
   3617.7197
   3608.2593
   3598.7810
   3589.2866
   3579.7781
# Travel time at depth =  20.00 km.
   3886.2900
   3879.4585
   3872.4727
   3865.3369
   3858.0544
   3850.6296
   3843.0667
   3835.3701
   3827.5447
   3819.5950
   3811.5264
   3803.3438
   3795.0527
   3786.6582
   3778.1663
   3769.5818
   3760.9106
   3752.1580
   3743.3293
   3734.4297
   3725.4641
   3716.4377
   3707.3547
   3698.2200
   3689.0376
   3679.8113
   3670.5452
   3661.2424
   3651.9065
   3642.5403
   3633.1470
   3623.7288
   3614.2883
   3604.8279
   3595.3496
   3585.8552
   3576.3469
# Travel time at depth =  50.00 km.
   3882.1331
   3875.3022
   3868.3174
   3861.1821
   3853.9006
   3846.4766
   3838.9143
   3831.2185
   3823.3938
   3815.4448
   3807.3770
   3799.1948
   3790.9043
   3782.5107
   3774.0190
   3765.4353
   3756.7646
   3748.0125
   3739.1843
   3730.2852
   3721.3201
   3712.2937
   3703.2112
   3694.0769
   3684.8948
   3675.6687
   3666.4028
   3657.1003
   3647.7646
   3638.3987
   3629.0054
   3619.5874
   3610.1472
   3600.6868
   3591.2087
   3581.7146
   3572.2061
# Travel time at depth = 100.00 km.
   3875.9485
   3869.1189
   3862.1355
   3855.0017
   3847.7214
   3840.2988
   3832.7380
   3825.0437
   3817.2202
   3809.2725
   3801.2058
   3793.0251
   3784.7356
   3776.3430
   3767.8525
   3759.2698
   3750.6001
   3741.8489
   3733.0215
   3724.1233
   3715.1589
   3706.1335
   3697.0515
   3687.9177
   3678.7361
   3669.5107
   3660.2454
   3650.9431
   3641.6079
   3632.2424
   3622.8494
   3613.4316
   3603.9917
   3594.5317
   3585.0537
   3575.5596
   3566.0515
# Travel time at depth = 200.00 km.
   3863.7231
   3856.8967
   3849.9163
   3842.7854
   3835.5081
   3828.0884
   3820.5303
   3812.8386
   3805.0181
   3797.0730
   3789.0090
   3780.8308
   3772.5439
   3764.1536
   3755.6653
   3747.0847
   3738.4170
   3729.6677
   3720.8423
   3711.9456
   3702.9829
   3693.9590
   3684.8784
   3675.7458
   3666.5654
   3657.3411
   3648.0767
   3638.7754
   3629.4409
   3620.0762
   3610.6838
   3601.2668
   3591.8274
   3582.3679
   3572.8904
   3563.3967
   3553.8889
# Travel time at depth = 400.00 km.
   3840.6707
   3833.8506
   3826.8767
   3819.7524
   3812.4817
   3805.0684
   3797.5168
   3789.8313
   3782.0168
   3774.0779
   3766.0195
   3757.8472
   3749.5657 
   3741.1807
   3732.6975
   3724.1216
   3715.4585
   3706.7136
   3697.8921
   3688.9990
   3680.0400
   3671.0193
   3661.9419
   3652.8123
   3643.6343
   3634.4124
   3625.1501
   3615.8511
   3606.5183
   3597.1553
   3587.7646
   3578.3489
   3568.9106
   3559.4524
   3549.9758
   3540.4832
   3530.9761
# Travel time at depth = 700.00 km.
   3810.5549
   3803.7473
   3796.7856
   3789.6736
   3782.4150
   3775.0139
   3767.4744
   3759.8008
   3751.9978
   3744.0701
   3736.0229
   3727.8611
   3719.5898
   3711.2148
   3702.7410
   3694.1743
   3685.5198
   3676.7827
   3667.9690
   3659.0833
   3650.1309
   3641.1165
   3632.0449
   3622.9204
   3613.7476
   3604.5303
   3595.2722
   3585.9771
   3576.6479
   3567.2881
   3557.9001
   3548.4871
   3539.0513
   3529.5950
   3520.1204
   3510.6294
   3501.1238
# Modelling error(s)
   1   1
#
   4.700
#@(#)        iasp91.P5KPdf_B     2.1     06/06/96
