# IASPEI travel-time table for phase: P5KPbc_B (PKKKKKPbc back branch)
  7   Number of depth samples at the following depths (km):
    0.00   20.00   50.00  100.00  200.00  400.00  700.00
 30   Number of distance samples at the following distances (deg):
   35.00   40.00   45.00   50.00   55.00   60.00   65.00   70.00   75.00   80.00
   85.00   90.00   95.00  100.00  105.00  110.00  115.00  120.00  125.00  130.00
  135.00  140.00  145.00  150.00  155.00  160.00  165.00  170.00  175.00  180.00
# Travel time at depth =   0.00 km.
   3878.8533
   3868.3647
   3857.6428
   3846.6963
   3835.5276
   3824.1340
   3812.5122
   3800.6614
   3788.5806
   3776.2698
   3763.7275
   3750.9521
   3737.9426
   3724.6970
   3711.2144
   3697.4929
   3683.5320
   3669.3293
   3654.8823
   3640.1880
   3625.2446
   3610.0505
   3594.6042
   3578.9033
   3562.9448
   3546.7256
   3530.2429
   3513.4932
   3496.4734
   3479.1792
# Travel time at depth =  20.00 km.
   3875.4253
   3864.9377
   3854.2168
   3843.2710
   3832.1033
   3820.7107
   3809.0901
   3797.2400
   3785.1604
   3772.8508
   3760.3096
   3747.5354
   3734.5269
   3721.2825
   3707.8010
   3694.0811
   3680.1213
   3665.9199
   3651.4741
   3636.7812
   3621.8394
   3606.6467
   3591.2021
   3575.5027
   3559.5457
   3543.3281
   3526.8469
   3510.0991
   3493.0808
   3475.7886
# Travel time at depth =  50.00 km.
   3871.2908
   3860.8049
   3850.0857
   3839.1416
   3827.9758
   3816.5850
   3804.9663
   3793.1184
   3781.0408
   3768.7329
   3756.1938
   3743.4219
   3730.4155
   3717.1736
   3703.6943
   3689.9768
   3676.0193
   3661.8206
   3647.3774
   3632.6873
   3617.7478
   3602.5581
   3587.1165
   3571.4199
   3555.4658
   3539.2515
   3522.7734
   3506.0288
   3489.0142
   3471.7253
# Travel time at depth = 100.00 km.
   3865.1475
   3854.6650
   3843.9492
   3833.0083
   3821.8459
   3810.4585
   3798.8435
   3786.9990
   3774.9253
   3762.6213
   3750.0862
   3737.3184
   3724.3162
   3711.0784
   3697.6035
   3683.8904
   3669.9375
   3655.7434
   3641.3052
   3626.6199
   3611.6858
   3596.5012
   3581.0647
   3565.3738
   3549.4253
   3533.2168
   3516.7449
   3500.0063
   3482.9980
   3465.7158
# Travel time at depth = 200.00 km.
   3853.0083
   3842.5330
   3831.8237
   3820.8899
   3809.7341
   3798.3542
   3786.7466
   3774.9099
   3762.8438
   3750.5479
   3738.0210
   3725.2612
   3712.2678
   3699.0388
   3685.5730
   3671.8689
   3657.9258
   3643.7412
   3629.3130
   3614.6382
   3599.7144
   3584.5408
   3569.1152
   3553.4358
   3537.4990
   3521.3025
   3504.8430
   3488.1174
   3471.1223
   3453.8538
# Travel time at depth = 400.00 km.
     -1.0000
   3819.6873
   3808.9934
   3798.0747
   3786.9346
   3775.5706
   3763.9795
   3752.1599
   3740.1111
   3727.8330
   3715.3242
   3702.5835
   3689.6089
   3676.3997
   3662.9539
   3649.2705
   3635.3484
   3621.1858
   3606.7798
   3592.1279
   3577.2278
   3562.0781
   3546.6775
   3531.0234
   3515.1130
   3498.9434
   3482.5117
   3465.8145
   3448.8489
   3431.6106
# Travel time at depth = 700.00 km.
     -1.0000
   3789.9590
   3779.2942
   3768.4038
   3757.2930
   3745.9592
   3734.3994
   3722.6116
   3710.5957
   3698.3508
   3685.8765
   3673.1707
   3660.2324
   3647.0601
   3633.6523
   3620.0081
   3606.1255
   3592.0039
   3577.6401
   3563.0315
   3548.1760
   3533.0720
   3517.7180
   3502.1121
   3486.2512
   3470.1326
   3453.7534
   3437.1104
   3420.2004
   3403.0200
# Modelling error(s)
   1   1
#
   5.000
#@(#)        iasp91.P5KPbc_B     2.1     06/06/96
