# IASPEI travel-time table for phase: P7KPbc_B (PKKKKKKKPbc 1st back branch)
  7   Number of depth samples at the following depths (km):
    0.00   20.00   50.00  100.00  200.00  400.00  700.00
 31   Number of distance samples at the following distances (deg):
    0.00    6.00   12.00   18.00   24.00   30.00   36.00   42.00   48.00   54.00
   60.00   66.00   72.00   78.00   84.00   90.00   96.00  102.00  108.00  114.00
  120.00  126.00  132.00  138.00  144.00  150.00  156.00  162.00  168.00  174.00
  180.00
# Travel time at depth =   0.00 km.
   4567.7417
   4589.3257
   4610.6357
   4631.6758
   4652.4482
   4672.9556
   4693.2007
   4713.1855
   4732.9121
   4752.3823
   4771.5986
   4790.5630
   4809.2769
   4827.7422
   4845.9609
   4863.9336
   4881.6616
   4899.1460
   4916.3877
   4933.3896
   4950.1538
   4966.6807
   4982.9722
   4999.0283
   5014.8506
   5030.4395
   5045.7964
   5060.9219
   5075.8179
   5090.4849
   5104.9233
# Travel time at depth =  20.00 km.
   4564.3560
   4585.9380
   4607.2466
   4628.2852
   4649.0562
   4669.5620
   4689.8057
   4709.7891
   4729.5142
   4748.9834
   4768.1987
   4787.1616
   4805.8740
   4824.3384
   4842.5557
   4860.5273
   4878.2544
   4895.7373
   4912.9780
   4929.9790
   4946.7417
   4963.2681
   4979.5581
   4995.6133
   5011.4346
   5027.0225
   5042.3784
   5057.5034
   5072.3984
   5087.0645
   5101.5020
# Travel time at depth =  50.00 km.
   4560.3013
   4581.8804
   4603.1860
   4624.2217
   4644.9897
   4665.4932
   4685.7339
   4705.7148
   4725.4375
   4744.9043
   4764.1167
   4783.0771
   4801.7876
   4820.2495
   4838.4644
   4856.4341
   4874.1587
   4891.6396
   4908.8784
   4925.8770
   4942.6377
   4959.1621
   4975.4502
   4991.5034
   5007.3228
   5022.9092
   5038.2632
   5053.3862
   5068.2798
   5082.9438
   5097.3804
# Travel time at depth = 100.00 km.
   4554.3081
   4575.8813
   4597.1816
   4618.2119
   4638.9746
   4659.4731
   4679.7090
   4699.6846
   4719.4023
   4738.8643
   4758.0723
   4777.0283
   4795.7339
   4814.1919
   4832.4028
   4850.3677
   4868.0884
   4885.5654
   4902.8003
   4919.7949
   4936.5522
   4953.0728
   4969.3574
   4985.4072
   5001.2227
   5016.8057
   5032.1562
   5047.2764
   5062.1660
   5076.8271
   5091.2607
# Travel time at depth = 200.00 km.
   4542.4805
   4564.0420
   4585.3306
   4606.3496
   4627.1016
   4647.5889
   4667.8145
   4687.7798
   4707.4878
   4726.9399
   4746.1382
   4765.0845
   4783.7812
   4802.2300
   4820.4321
   4838.3887
   4856.1006
   4873.5693
   4890.7959
   4907.7827
   4924.5322
   4941.0449
   4957.3223
   4973.3643
   4989.1729
   5004.7485
   5020.0928
   5035.2056
   5050.0889
   5064.7437
   5079.1704
# Travel time at depth = 400.00 km.
   4520.3149
   4541.8501
   4563.1128
   4584.1069
   4604.8340
   4625.2979
   4645.4995
   4665.4424
   4685.1274
   4704.5581
   4723.7349
   4742.6602
   4761.3364
   4779.7651
   4797.9473
   4815.8848
   4833.5776
   4851.0273
   4868.2358
   4885.2051
   4901.9370
   4918.4326
   4934.6934
   4950.7198
   4966.5114
   4982.0715
   4997.3999
   5012.4980
   5027.3662
   5042.0063
   5056.4189
# Travel time at depth = 700.00 km.
   4491.8745
   4513.3599
   4534.5737
   4555.5200
   4576.2007
   4596.6187
   4616.7759
   4636.6753
   4656.3179
   4675.7065
   4694.8428
   4713.7285
   4732.3657
   4750.7563
   4768.9014
   4786.8022
   4804.4590
   4821.8735
   4839.0479
   4855.9834
   4872.6826
   4889.1460
   4905.3745
   4921.3696
   4937.1318
   4952.6616
   4967.9609
   4983.0303
   4997.8706
   5012.4834
   5026.8687
# Modelling error(s)
   1   1
#
   5.900
#@(#)        iasp91.P7KPbc_B     2.1     06/06/96
