# IASPEI travel-time table for phase: PcP     
 14   Number of depth samples at the following depths (km):
    0.00   15.00   35.00   50.00   75.00  100.00  150.00  200.00  250.00  300.00
  400.00  500.00  600.00  700.00
 99   Number of distance samples at the following distances (deg):
    0.00    1.00    2.00    3.00    4.00    5.00    6.00    7.00    8.00    9.00
   10.00   11.00   12.00   13.00   14.00   15.00   16.00   17.00   18.00   19.00
   20.00   21.00   22.00   23.00   24.00   25.00   26.00   27.00   28.00   29.00
   30.00   31.00   32.00   33.00   34.00   35.00   36.00   37.00   38.00   39.00
   40.00   41.00   42.00   43.00   44.00   45.00   46.00   47.00   48.00   49.00
   50.00   51.00   52.00   53.00   54.00   55.00   56.00   57.00   58.00   59.00
   60.00   61.00   62.00   63.00   64.00   65.00   66.00   67.00   68.00   69.00
   70.00   71.00   72.00   73.00   74.00   75.00   76.00   77.00   78.00   79.00
   80.00   81.00   82.00   83.00   84.00   85.00   86.00   87.00   88.00   89.00
   90.00   91.00   92.00   93.00   94.00   95.00   96.00   97.00   98.00
# Travel time at depth =   0.00 km.
    511.2809
    511.3289
    511.4732
    511.7134
    512.0496
    512.4813
    513.0082
    513.6299
    514.3461
    515.1560
    516.0591
    517.0547
    518.1422
    519.3205
    520.5889
    521.9465
    523.3923
    524.9252
    526.5442
    528.2480
    530.0357
    531.9059
    533.8574
    535.8889
    537.9990
    540.1865
    542.4500
    544.7880
    547.1991
    549.6819
    552.2350
    554.8569
    557.5460
    560.3009
    563.1201
    566.0022
    568.9456
    571.9488
    575.0103
    578.1287
    581.3024
    584.5300
    587.8099
    591.1409
    594.5214
    597.9499
    601.4250
    604.9454
    608.5097
    612.1165
    615.7643
    619.4520
    623.1782
    626.9415
    630.7408
    634.5747
    638.4420
    642.3416
    646.2720
    650.2324
    654.2214
    658.2380
    662.2810
    666.3494
    670.4421
    674.5580
    678.6962
    682.8557
    687.0353
    691.2344
    695.4518
    699.6866
    703.9381
    708.2053
    712.4873
    716.7834
    721.0928
    725.4147
    729.7483
    734.0928
    738.4476
    742.8120
    747.1853
    751.5668
    755.9559
    760.3520
    764.7544
    769.1627
    773.5762
    777.9944
    782.4167
    786.8427
    791.2719
    795.7038
    800.1379
    804.5739
    809.0111
    813.4493
    817.8881
# Travel time at depth =  15.00 km.
    508.6946
    508.7428
    508.8871
    509.1275
    509.4638
    509.8958
    510.4231
    511.0453
    511.7619
    512.5723
    513.4761
    514.4724
    515.5604
    516.7396
    518.0088
    519.3672
    520.8139
    522.3477
    523.9677
    525.6726
    527.4613
    529.3326
    531.2852
    533.3178
    535.4291
    537.6179
    539.8825
    542.2217
    544.6341
    547.1182
    549.6725
    552.2956
    554.9860
    557.7422
    560.5627
    563.4461
    566.3907
    569.3952
    572.4580
    575.5776
    578.7526
    581.9814
    585.2626
    588.5947
    591.9763
    595.4060
    598.8823
    602.4039
    605.9692
    609.5771
    613.2260
    616.9147
    620.6419
    624.4062
    628.2065
    632.0413
    635.9095
    639.8099
    643.7413
    647.7025
    651.6923
    655.7097
    659.7535
    663.8226
    667.9160
    672.0326
    676.1714
    680.3315
    684.5118
    688.7114
    692.9293
    697.1647
    701.4166
    705.6843
    709.9668
    714.2634
    718.5731
    722.8954
    727.2293
    731.5742
    735.9293
    740.2940
    744.6675
    749.0493
    753.4387
    757.8349
    762.2375
    766.6460
    771.0596
    775.4780
    779.9005
    784.3266
    788.7559
    793.1878
    797.6220
    802.0580
    806.4953
    810.9335
    815.3723
# Travel time at depth =  35.00 km.
    505.5250
    505.5731
    505.7176
    505.9583
    506.2949
    506.7273
    507.2551
    507.8779
    508.5952
    509.4065
    510.3110
    511.3083
    512.3974
    513.5776
    514.8480
    516.2077
    517.6557
    519.1909
    520.8123
    522.5187
    524.3090
    526.1819
    528.1361
    530.1704
    532.2834
    534.4739
    536.7403
    539.0813
    541.4955
    543.9814
    546.5376
    549.1626
    551.8549
    554.6129
    557.4353
    560.3206
    563.2670
    566.2734
    569.3380
    572.4595
    575.6362
    578.8668
    582.1498
    585.4837
    588.8671
    592.2985
    595.7765
    599.2996
    602.8666
    606.4761
    610.1266
    613.8168
    617.5455
    621.3113
    625.1129
    628.9491
    632.8187
    636.7204
    640.6530
    644.6155
    648.6064
    652.6250
    656.6699
    660.7401
    664.8345
    668.9521
    673.0919
    677.2528
    681.4340
    685.6344
    689.8531
    694.0893
    698.3420
    702.6104
    706.8935
    711.1907
    715.5010
    719.8239
    724.1583
    728.5037
    732.8593
    737.2244
    741.5983
    745.9804
    750.3701
    754.7667
    759.1696
    763.5783
    767.9922
    772.4108
    776.8334
    781.2597
    785.6891
    790.1212
    794.5555
    798.9915
    803.4288
    807.8671
    812.3059
# Travel time at depth =  50.00 km.
    503.6594
    503.7076
    503.8523
    504.0931
    504.4301
    504.8629
    505.3912
    506.0146
    506.7326
    507.5446
    508.4500
    509.4482
    510.5383
    511.7195
    512.9911
    514.3520
    515.8012
    517.3378
    518.9605
    520.6684
    522.4601
    524.3345
    526.2903
    528.3263
    530.4410
    532.6331
    534.9012
    537.2440
    539.6599
    542.1476
    544.7056
    547.3323
    550.0264
    552.7863
    555.6105
    558.4976
    561.4459
    564.4540
    567.5204
    570.6436
    573.8222
    577.0546
    580.3392
    583.6749
    587.0599
    590.4929
    593.9725
    597.4974
    601.0659
    604.6769
    608.3289
    612.0206
    615.7507
    619.5179
    623.3209
    627.1585
    631.0294
    634.9324
    638.8662
    642.8298
    646.8220
    650.8416
    654.8876
    658.9589
    663.0543
    667.1729
    671.3135
    675.4754
    679.6574
    683.8587
    688.0782
    692.3151
    696.5685
    700.8375
    705.1213
    709.4191
    713.7300
    718.0534
    722.3884
    726.7342
    731.0902
    735.4557
    739.8301
    744.2125
    748.6025
    752.9995
    757.4026
    761.8116
    766.2257
    770.6445
    775.0673
    779.4937
    783.9233
    788.3555
    792.7899
    797.2260
    801.6634
    806.1017
    810.5405
# Travel time at depth =  75.00 km.
    500.5512
    500.5995
    500.7444
    500.9857
    501.3232
    501.7567
    502.2858
    502.9102
    503.6292
    504.4425
    505.3493
    506.3490
    507.4408
    508.6239
    509.8973
    511.2602
    512.7116
    514.2504
    515.8755
    517.5858
    519.3800
    521.2570
    523.2155
    525.2541
    527.3715
    529.5665
    531.8375
    534.1832
    536.6021
    539.0928
    541.6537
    544.2835
    546.9807
    549.7435
    552.5708
    555.4609
    558.4122
    561.4234
    564.4928
    567.6190
    570.8005
    574.0358
    577.3234
    580.6619
    584.0497
    587.4855
    590.9679
    594.4954
    598.0666
    601.6802
    605.3347
    609.0289
    612.7615
    616.5310
    620.3364
    624.1761
    628.0492
    631.9543
    635.8903
    639.8558
    643.8500
    647.8715
    651.9193
    655.9922
    660.0894
    664.2095
    668.3518
    672.5151
    676.6986
    680.9012
    685.1221
    689.3602
    693.6148
    697.8849
    702.1698
    706.4686
    710.7805
    715.1047
    719.4406
    723.7872
    728.1440
    732.5102
    736.8852
    741.2682
    745.6588
    750.0562
    754.4599
    758.8693
    763.2838
    767.7028
    772.1260
    776.5527
    780.9824
    785.4148
    789.8494
    794.2856
    798.7230
    803.1614
    807.6002
# Travel time at depth = 100.00 km.
    497.4442
    497.4926
    497.6376
    497.8793
    498.2174
    498.6516
    499.1815
    499.8069
    500.5271
    501.3417
    502.2499
    503.2512
    504.3446
    505.5295
    506.8049
    508.1698
    509.6233
    511.1644
    512.7918
    514.5045
    516.3013
    518.1808
    520.1420
    522.1834
    524.3036
    526.5015
    528.7754
    531.1240
    533.5459
    536.0396
    538.6036
    541.2365
    543.9366
    546.7026
    549.5330
    552.4261
    555.3805
    558.3947
    561.4672
    564.5964
    567.7808
    571.0191
    574.3096
    577.6510
    581.0417
    584.4803
    587.9655
    591.4957
    595.0695
    598.6857
    602.3428
    606.0395
    609.7745
    613.5464
    617.3541
    621.1962
    625.0714
    628.9786
    632.9167
    636.8843
    640.8804
    644.9037
    648.9534
    653.0281
    657.1269
    661.2487
    665.3926
    669.5574
    673.7423
    677.9463
    682.1685
    686.4078
    690.6636
    694.9349
    699.2209
    703.5207
    707.8336
    712.1587
    716.4954
    720.8428
    725.2004
    729.5673
    733.9429
    738.3266
    742.7177
    747.1156
    751.5197
    755.9295
    760.3444
    764.7638
    769.1873
    773.6142
    778.0442
    782.4767
    786.9114
    791.3478
    795.7853
    800.2238
    804.6625
# Travel time at depth = 150.00 km.
    491.2517
    491.3003
    491.4458
    491.6883
    492.0275
    492.4631
    492.9948
    493.6222
    494.3447
    495.1619
    496.0730
    497.0774
    498.1743
    499.3629
    500.6422
    502.0113
    503.4692
    505.0148
    506.6471
    508.3647
    510.1667
    512.0516
    514.0182
    516.0652
    518.1912
    520.3948
    522.6746
    525.0292
    527.4572
    529.9570
    532.5272
    535.1663
    537.8727
    540.6450
    543.4816
    546.3809
    549.3416
    552.3620
    555.4406
    558.5760
    561.7665
    565.0107
    568.3073
    571.6545
    575.0510
    578.4953
    581.9860
    585.5217
    589.1010
    592.7225
    596.3848
    600.0865
    603.8265
    607.6033
    611.4157
    615.2623
    619.1421
    623.0536
    626.9959
    630.9676
    634.9677
    638.9949
    643.0482
    647.1265
    651.2287
    655.3538
    659.5008
    663.6687
    667.8565
    672.0633
    676.2881
    680.5301
    684.7883
    689.0619
    693.3500
    697.6519
    701.9667
    706.2937
    710.6321
    714.9811
    719.3402
    723.7086
    728.0854
    732.4703
    736.8625
    741.2615
    745.6666
    750.0772
    754.4928
    758.9129
    763.3369
    767.7644
    772.1948
    776.6277
    781.0627
    785.4993
    789.9370
    794.3755
     -1.0000
# Travel time at depth = 200.00 km.
    485.1559
    485.2046
    485.3506
    485.5939
    485.9343
    486.3714
    486.9049
    487.5344
    488.2593
    489.0792
    489.9933
    491.0010
    492.1015
    493.2939
    494.5773
    495.9507
    497.4132
    498.9636
    500.6008
    502.3236
    504.1309
    506.0213
    507.9936
    510.0464
    512.1783
    514.3880
    516.6740
    519.0349
    521.4691
    523.9753
    526.5519
    529.1974
    531.9103
    534.6890
    537.5320
    540.4379
    543.4050
    546.4318
    549.5168
    552.6586
    555.8553
    559.1058
    562.4084
    565.7618
    569.1642
    572.6145
    576.1110
    579.6524
    583.2373
    586.8643
    590.5319
    594.2390
    597.9840
    601.7658
    605.5831
    609.4344
    613.3188
    617.2349
    621.1815
    625.1573
    629.1615
    633.1926
    637.2498
    641.3317
    645.4375
    649.5660
    653.7163
    657.8873
    662.0781
    666.2878
    670.5153
    674.7599
    679.0206
    683.2966
    687.5869
    691.8909
    696.2078
    700.5366
    704.8768
    709.2275
    713.5881
    717.9579
    722.3361
    726.7223
    731.1157
    735.5156
    739.9216
    744.3331
    748.7495
    753.1703
    757.5949
    762.0229
    766.4538
    770.8871
    775.3223
    779.7591
    784.1970
    788.6356
     -1.0000
# Travel time at depth = 250.00 km.
    479.1715
    479.2204
    479.3669
    479.6111
    479.9526
    480.3912
    480.9266
    481.5583
    482.2858
    483.1085
    484.0258
    485.0369
    486.1411
    487.3375
    488.6251
    490.0031
    491.4702
    493.0256
    494.6680
    496.3962
    498.2091
    500.1053
    502.0834
    504.1422
    506.2803
    508.4963
    510.7887
    513.1560
    515.5968
    518.1096
    520.6929
    523.3451
    526.0647
    528.8502
    531.7000
    534.6125
    537.5864
    540.6199
    543.7115
    546.8597
    550.0631
    553.3201
    556.6290
    559.9886
    563.3973
    566.8537
    570.3562
    573.9035
    577.4942
    581.1268
    584.8000
    588.5125
    592.2629
    596.0499
    599.8722
    603.7285
    607.6176
    611.5383
    615.4894
    619.4697
    623.4780
    627.5132
    631.5743
    635.6600
    639.7695
    643.9015
    648.0552
    652.2294
    656.4233
    660.6359
    664.8663
    669.1136
    673.3768
    677.6552
    681.9479
    686.2541
    690.5730
    694.9038
    699.2458
    703.5982
    707.9604
    712.3317
    716.7113
    721.0987
    725.4932
    729.8943
    734.3013
    738.7136
    743.1308
    747.5522
    751.9775
    756.4060
    760.8373
    765.2710
    769.7065
    774.1436
    778.5816
    783.0203
     -1.0000
# Travel time at depth = 300.00 km.
    473.3144
    473.3634
    473.5106
    473.7556
    474.0984
    474.5386
    475.0760
    475.7099
    476.4401
    477.2657
    478.1863
    479.2010
    480.3091
    481.5096
    482.8017
    484.1844
    485.6565
    487.2171
    488.8649
    490.5988
    492.4174
    494.3196
    496.3039
    498.3690
    500.5136
    502.7361
    505.0351
    507.4092
    509.8569
    512.3766
    514.9668
    517.6260
    520.3526
    523.1451
    526.0020
    528.9216
    531.9023
    534.9428
    538.0414
    541.1965
    544.4066
    547.6703
    550.9859
    554.3521
    557.7672
    561.2299
    564.7387
    568.2922
    571.8889
    575.5274
    579.2064
    582.9246
    586.6805
    590.4728
    594.3004
    598.1618
    602.0558
    605.9814
    609.9371
    613.9219
    617.9346
    621.9741
    626.0392
    630.1289
    634.2421
    638.3778
    642.5350
    646.7126
    650.9097
    655.1254
    659.3587
    663.6087
    667.8746
    672.1555
    676.4506
    680.7590
    685.0801
    689.4128
    693.7567
    698.1109
    702.4747
    706.8475
    711.2286
    715.6173
    720.0130
    724.4152
    728.8231
    733.2364
    737.6544
    742.0765
    746.5024
    750.9315
    755.3633
    759.7973
    764.2332
    768.6703
    773.1085
    777.5472
     -1.0000
# Travel time at depth = 400.00 km.
    461.9629
    462.0123
    462.1606
    462.4076
    462.7531
    463.1967
    463.7383
    464.3772
    465.1129
    465.9449
    466.8725
    467.8949
    469.0113
    470.2208
    471.5224
    472.9151
    474.3978
    475.9695
    477.6289
    479.3748
    481.2058
    483.1208
    485.1183
    487.1969
    489.3552
    491.5917
    493.9050
    496.2935
    498.7558
    501.2902
    503.8953
    506.5693
    509.3109
    512.1184
    514.9902
    517.9247
    520.9203
    523.9756
    527.0889
    530.2586
    533.4832
    536.7611
    540.0909
    543.4710
    546.8999
    550.3761
    553.8982
    557.4647
    561.0742
    564.7252
    568.4165
    572.1466
    575.9142
    579.7180
    583.5566
    587.4288
    591.3334
    595.2692
    599.2347
    603.2291
    607.2510
    611.2995
    615.3732
    619.4712
    623.5924
    627.7358
    631.9003
    636.0850
    640.2889
    644.5110
    648.7505
    653.0064
    657.2779
    661.5641
    665.8641
    670.1773
    674.5028
    678.8398
    683.1876
    687.5455
    691.9127
    696.2887
    700.6727
    705.0641
    709.4623
    713.8668
    718.2768
    722.6919
    727.1116
    731.5352
    735.9623
    740.3925
    744.8251
    749.2599
    753.6964
    758.1340
    762.5724
    767.0113
     -1.0000
# Travel time at depth = 500.00 km.
    451.3896
    451.4395
    451.5891
    451.8382
    452.1868
    452.6343
    453.1806
    453.8250
    454.5672
    455.4063
    456.3418
    457.3729
    458.4986
    459.7182
    461.0305
    462.4346
    463.9293
    465.5135
    467.1859
    468.9453
    470.7904
    472.7198
    474.7321
    476.8259
    478.9997
    481.2520
    483.5813
    485.9861
    488.4647
    491.0157
    493.6374
    496.3282
    499.0866
    501.9109
    504.7995
    507.7508
    510.7632
    513.8350
    516.9648
    520.1508
    523.3917
    526.6856
    530.0312
    533.4269
    536.8712
    540.3625
    543.8995
    547.4806
    551.1044
    554.7695
    558.4745
    562.2180
    565.9987
    569.8151
    573.6662
    577.5505
    581.4667
    585.4138
    589.3905
    593.3955
    597.4277
    601.4861
    605.5695
    609.6767
    613.8068
    617.9587
    622.1314
    626.3239
    630.5353
    634.7646
    639.0109
    643.2733
    647.5509
    651.8430
    656.1486
    660.4670
    664.7973
    669.1390
    673.4911
    677.8530
    682.2240
    686.6035
    690.9907
    695.3851
    699.7860
    704.1929
    708.6052
    713.0223
    717.4437
    721.8689
    726.2974
    730.7287
    735.1624
    739.5978
    744.0349
    748.4729
    752.9116
     -1.0000
     -1.0000
# Travel time at depth = 600.00 km.
    441.2154
    441.2657
    441.4167
    441.6683
    442.0201
    442.4720
    443.0234
    443.6739
    444.4230
    445.2700
    446.2141
    447.2547
    448.3907
    449.6212
    450.9453
    452.3618
    453.8695
    455.4674
    457.1541
    458.9283
    460.7887
    462.7338
    464.7623
    466.8726
    469.0633
    471.3328
    473.6796
    476.1020
    478.5985
    481.1675
    483.8074
    486.5164
    489.2931
    492.1356
    495.0424
    498.0119
    501.0424
    504.1324
    507.2800
    510.4838
    513.7422
    517.0535
    520.4163
    523.8289
    527.2898
    530.7975
    534.3505
    537.9474
    541.5867
    545.2668
    548.9866
    552.7446
    556.5393
    560.3695
    564.2339
    568.1312
    572.0601
    576.0194
    580.0079
    584.0243
    588.0676
    592.1367
    596.2303
    600.3474
    604.4870
    608.6481
    612.8295
    617.0304
    621.2498
    625.4867
    629.7403
    634.0096
    638.2938
    642.5920
    646.9035
    651.2274
    655.5630
    659.9095
    664.2662
    668.6324
    673.0074
    677.3905
    681.7811
    686.1786
    690.5824
    694.9918
    699.4064
    703.8256
    708.2488
    712.6757
    717.1055
    721.5380
    725.9725
    730.4088
    734.8463
    739.2847
    743.7235
     -1.0000
     -1.0000
# Travel time at depth = 700.00 km.
    431.5845
    431.6354
    431.7880
    432.0422
    432.3978
    432.8544
    433.4116
    434.0689
    434.8258
    435.6815
    436.6354
    437.6865
    438.8339
    440.0768
    441.4139
    442.8442
    444.3666
    445.9797
    447.6823
    449.4730
    451.3504
    453.3131
    455.3596
    457.4883
    459.6978
    461.9865
    464.3527
    466.7948
    469.3112
    471.9002
    474.5602
    477.2895
    480.0864
    482.9492
    485.8764
    488.8661
    491.9167
    495.0266
    498.1941
    501.4176
    504.6954
    508.0260
    511.4077
    514.8390
    518.3183
    521.8441
    525.4149
    529.0292
    532.6855
    536.3825
    540.1186
    543.8925
    547.7027
    551.5481
    555.4272
    559.3387
    563.2815
    567.2542
    571.2557
    575.2847
    579.3402
    583.4210
    587.5258
    591.6538
    595.8039
    599.9749
    604.1660
    608.3760
    612.6041
    616.8494
    621.1108
    625.3877
    629.6790
    633.9841
    638.3019
    642.6318
    646.9730
    651.3248
    655.6865
    660.0573
    664.4365
    668.8235
    673.2178
    677.6186
    682.0254
    686.4376
    690.8546
    695.2759
    699.7011
    704.1296
    708.5609
    712.9944
    717.4300
    721.8669
    726.3050
    730.7437
     -1.0000
     -1.0000
     -1.0000
# Modelling error(s)
   2   2
	0.0	90.0
	0.0	200.0
#
   1.4
   1.4
#
   1.1
   1.1
#%Z%        %M%     %I%     %G%
