# IASPEI travel-time table for phase: PcS     
 14   Number of depth samples at the following depths (km):
    0.00   15.00   35.00   50.00   75.00  100.00  150.00  200.00  250.00  300.00
  400.00  500.00  600.00  700.00
 63   Number of distance samples at the following distances (deg):
    0.00    1.00    2.00    3.00    4.00    5.00    6.00    7.00    8.00    9.00
   10.00   11.00   12.00   13.00   14.00   15.00   16.00   17.00   18.00   19.00
   20.00   21.00   22.00   23.00   24.00   25.00   26.00   27.00   28.00   29.00
   30.00   31.00   32.00   33.00   34.00   35.00   36.00   37.00   38.00   39.00
   40.00   41.00   42.00   43.00   44.00   45.00   46.00   47.00   48.00   49.00
   50.00   51.00   52.00   53.00   54.00   55.00   56.00   57.00   58.00   59.00
   60.00   61.00   62.00
# Travel time at depth =   0.00 km.
    723.4266
    723.4890
    723.6760
    723.9874
    724.4230
    724.9824
    725.6649
    726.4700
    727.3967
    728.4443
    729.6117
    730.8978
    732.3013
    733.8210
    735.4554
    737.2029
    739.0619
    741.0308
    743.1076
    745.2905
    747.5776
    749.9669
    752.4560
    755.0430
    757.7256
    760.5015
    763.3683
    766.3236
    769.3651
    772.4901
    775.6962
    778.9808
    782.3413
    785.7752
    789.2797
    792.8523
    796.4902
    800.1907
    803.9513
    807.7691
    811.6415
    815.5658
    819.5393
    823.5593
    827.6232
    831.7282
    835.8718
    840.0513
    844.2643
    848.5081
    852.7802
    857.0781
    861.3996
    865.7421
    870.1034
    874.4813
    878.8735
    883.2781
    887.6929
    892.1160
    896.5457
    900.9800
    905.4174
# Travel time at depth =  15.00 km.
    720.8403
    720.9028
    721.0899
    721.4017
    721.8376
    722.3975
    723.0806
    723.8864
    724.8139
    725.8624
    727.0308
    728.3179
    729.7227
    731.2436
    732.8793
    734.6282
    736.4886
    738.4590
    740.5374
    742.7220
    745.0108
    747.4017
    749.8926
    752.4814
    755.1658
    757.9435
    760.8121
    763.7693
    766.8126
    769.9395
    773.1474
    776.4338
    779.7961
    783.2318
    786.7380
    790.3123
    793.9519
    797.6541
    801.4162
    805.2356
    809.1095
    813.0352
    817.0101
    821.0314
    825.0964
    829.2027
    833.3474
    837.5280
    841.7419
    845.9866
    850.2596
    854.5583
    858.8804
    863.2236
    867.5854
    871.9637
    876.3564
    880.7614
    885.1765
    889.5999
    894.0297
    898.4641
    902.9016
# Travel time at depth =  35.00 km.
    717.6707
    717.7332
    717.9206
    718.2327
    718.6693
    719.2299
    719.9138
    720.7206
    721.6493
    722.6991
    723.8689
    725.1577
    726.5641
    728.0868
    729.7244
    731.4753
    733.3380
    735.3105
    737.3913
    739.5782
    741.8695
    744.2629
    746.7565
    749.3478
    752.0349
    754.8152
    757.6866
    760.6465
    763.6924
    766.8220
    770.0326
    773.3217
    776.6867
    780.1249
    783.6337
    787.2105
    790.8525
    794.5571
    798.3216
    802.1432
    806.0193
    809.9471
    813.9240
    817.9472
    822.0142
    826.1221
    830.2684
    834.4506
    838.6660
    842.9119
    847.1861
    851.4860
    855.8091
    860.1532
    864.5159
    868.8949
    873.2882
    877.6937
    882.1092
    886.5329
    890.9630
    895.3976
    899.8351
# Travel time at depth =  50.00 km.
    715.8052
    715.8677
    716.0554
    716.3679
    716.8050
    717.3662
    718.0510
    718.8588
    719.7886
    720.8397
    722.0109
    723.3011
    724.7092
    726.2336
    727.8732
    729.6260
    731.4907
    733.4655
    735.5485
    737.7377
    740.0313
    742.4272
    744.9232
    747.5171
    750.2067
    752.9897
    755.8636
    758.8261
    761.8747
    765.0069
    768.2201
    771.5118
    774.8793
    778.3201
    781.8314
    785.4106
    789.0551
    792.7620
    796.5287
    800.3525
    804.2307
    808.1605
    812.1393
    816.1644
    820.2332
    824.3428
    828.4907
    832.6744
    836.8911
    841.1384
    845.4138
    849.7148
    854.0389
    858.3839
    862.7473
    867.1271
    871.5210
    875.9269
    880.3429
    884.7670
    889.1973
    893.6321
    898.0697
# Travel time at depth =  75.00 km.
    712.6970
    712.7596
    712.9477
    713.2609
    713.6989
    714.2613
    714.9475
    715.7569
    716.6886
    717.7418
    718.9153
    720.2081
    721.6189
    723.1464
    724.7889
    726.5452
    728.4133
    730.3917
    732.4784
    734.6716
    736.9692
    739.3691
    741.8693
    744.4675
    747.1614
    749.9487
    752.8270
    755.7939
    758.8469
    761.9835
    765.2010
    768.4971
    771.8689
    775.3139
    778.8294
    782.4127
    786.0612
    789.7720
    793.5425
    797.3700
    801.2517
    805.1850
    809.1671
    813.1953
    817.2670
    821.3795
    825.5301
    829.7162
    833.9353
    838.1848
    842.4622
    846.7650
    851.0907
    855.4372
    859.8019
    864.1829
    868.5778
    872.9846
    877.4012
    881.8258
    886.2566
    890.6917
    895.1294
# Travel time at depth = 100.00 km.
    709.5899
    709.6528
    709.8412
    710.1550
    710.5939
    711.1575
    711.8452
    712.6562
    713.5898
    714.6451
    715.8210
    717.1164
    718.5300
    720.0604
    721.7062
    723.4658
    725.3375
    727.3195
    729.4100
    731.6071
    733.9087
    736.3128
    738.8172
    741.4197
    744.1179
    746.9096
    749.7924
    752.7637
    755.8212
    758.9622
    762.1841
    765.4846
    768.8607
    772.3100
    775.8297
    779.4172
    783.0696
    786.7844
    790.5587
    794.3899
    798.2752
    802.2120
    806.1974
    810.2288
    814.3035
    818.4188
    822.5720
    826.7607
    830.9821
    835.2338
    839.5131
    843.8177
    848.1452
    852.4931
    856.8593
    861.2413
    865.6372
    870.0448
    874.4622
    878.8873
    883.3185
    887.7538
    892.1917
# Travel time at depth = 150.00 km.
    703.3975
    703.4606
    703.6498
    703.9650
    704.4058
    704.9717
    705.6623
    706.4767
    707.4142
    708.4739
    709.6547
    710.9554
    712.3746
    713.9111
    715.5634
    717.3298
    719.2087
    721.1981
    723.2964
    725.5015
    727.8114
    730.2239
    732.7369
    735.3481
    738.0553
    740.8560
    743.7477
    746.7281
    749.7946
    752.9446
    756.1757
    759.4850
    762.8700
    766.3279
    769.8562
    773.4520
    777.1127
    780.8354
    784.6176
    788.4563
    792.3489
    796.2926
    800.2847
    804.3224
    808.4032
    812.5243
    816.6830
    820.8767
    825.1029
    829.3589
    833.6423
    837.9506
    842.2814
    846.6323
    851.0010
    855.3854
    859.7833
    864.1926
    868.6113
    873.0376
    877.4695
    881.9054
    886.3435
# Travel time at depth = 200.00 km.
    697.3016
    697.3650
    697.5551
    697.8716
    698.3144
    698.8828
    699.5764
    700.3944
    701.3360
    702.4003
    703.5861
    704.8922
    706.3174
    707.8603
    709.5193
    711.2928
    713.1791
    715.1763
    717.2827
    719.4961
    721.8145
    724.2358
    726.7578
    729.3781
    732.0944
    734.9044
    737.8055
    740.7953
    743.8712
    747.0306
    750.2709
    753.5895
    756.9836
    760.4506
    763.9877
    767.5922
    771.2614
    774.9924
    778.7825
    782.6290
    786.5291
    790.4800
    794.4789
    798.5233
    802.6104
    806.7373
    810.9016
    815.1005
    819.3315
    823.5920
    827.8795
    832.1916
    836.5258
    840.8797
    845.2512
    849.6379
    854.0378
    858.4488
    862.8688
    867.2961
    871.7288
    876.1652
    880.6036
# Travel time at depth = 250.00 km.
    691.3172
    691.3809
    691.5718
    691.8899
    692.3347
    692.9057
    693.6024
    694.4241
    695.3700
    696.4390
    697.6300
    698.9419
    700.3733
    701.9228
    703.5888
    705.3698
    707.2638
    709.2692
    711.3839
    713.6060
    715.9333
    718.3638
    720.8951
    723.5248
    726.2508
    729.0704
    731.9813
    734.9808
    738.0665
    741.2357
    744.4857
    747.8139
    751.2175
    754.6938
    758.2401
    761.8536
    765.5316
    769.2711
    773.0696
    776.9241
    780.8319
    784.7902
    788.7964
    792.8475
    796.9410
    801.0740
    805.2440
    809.4483
    813.6843
    817.9494
    822.2411
    826.5571
    830.8947
    835.2518
    839.6260
    844.0151
    848.4170
    852.8297
    857.2511
    861.6794
    866.1129
    870.5497
    874.9883
# Travel time at depth = 300.00 km.
    685.4601
    685.5241
    685.7159
    686.0355
    686.4824
    687.0562
    687.7563
    688.5818
    689.5322
    690.6061
    691.8027
    693.1205
    694.5584
    696.1149
    697.7883
    699.5769
    701.4791
    703.4930
    705.6165
    707.8477
    710.1844
    712.6244
    715.1654
    717.8051
    720.5411
    723.3708
    726.2919
    729.3016
    732.3975
    735.5768
    738.8370
    742.1752
    745.5886
    749.0747
    752.6306
    756.2535
    759.9406
    763.6890
    767.4961
    771.3589
    775.2748
    779.2408
    783.2544
    787.3126
    791.4127
    795.5520
    799.7279
    803.9377
    808.1788
    812.4487
    816.7448
    821.0646
    825.4059
    829.7661
    834.1431
    838.5346
    842.9386
    847.3530
    851.7758
    856.2051
    860.6393
    865.0766
     -1.0000
# Travel time at depth = 400.00 km.
    674.1086
    674.1733
    674.3671
    674.6899
    675.1414
    675.7211
    676.4283
    677.2622
    678.2220
    679.3067
    680.5150
    681.8458
    683.2976
    684.8690
    686.5581
    688.3635
    690.2831
    692.3152
    694.4576
    696.7082
    699.0649
    701.5253
    704.0872
    706.7480
    709.5054
    712.3568
    715.2996
    718.3312
    721.4488
    724.6498
    727.9315
    731.2910
    734.7255
    738.2323
    741.8085
    745.4513
    749.1578
    752.9251
    756.7505
    760.6310
    764.5638
    768.5462
    772.5753
    776.6483
    780.7625
    784.9150
    789.1033
    793.3247
    797.5765
    801.8563
    806.1614
    810.4895
    814.8380
    819.2048
    823.5875
    827.9840
    832.3922
    836.8099
    841.2355
    845.6669
    850.1024
    854.5404
     -1.0000
# Travel time at depth = 500.00 km.
    663.5353
    663.6008
    663.7968
    664.1234
    664.5801
    665.1664
    665.8817
    666.7250
    667.6957
    668.7925
    670.0142
    671.3596
    672.8272
    674.4154
    676.1225
    677.9467
    679.8861
    681.9388
    684.1025
    686.3751
    688.7545
    691.2380
    693.8234
    696.5082
    699.2898
    702.1656
    705.1329
    708.1890
    711.3312
    714.5566
    717.8625
    721.2459
    724.7042
    728.2342
    731.8332
    735.4982
    739.2264
    743.0149
    746.8607
    750.7609
    754.7126
    758.7131
    762.7595
    766.8489
    770.9786
    775.1458
    779.3477
    783.5818
    787.8455
    792.1360
    796.4509
    800.7878
    805.1443
    809.5181
    813.9070
    818.3087
    822.7212
    827.1425
    831.5708
    836.0042
    840.4410
    844.8796
     -1.0000
# Travel time at depth = 600.00 km.
    653.3611
    653.4273
    653.6259
    653.9565
    654.4189
    655.0126
    655.7367
    656.5905
    657.5731
    658.6832
    659.9197
    661.2812
    662.7661
    664.3728
    666.0995
    667.9445
    669.9056
    671.9808
    674.1680
    676.4648
    678.8688
    681.3777
    683.9890
    686.6999
    689.5079
    692.4103
    695.4044
    698.4872
    701.6561
    704.9081
    708.2403
    711.6498
    715.1337
    718.6889
    722.3126
    726.0018
    729.7534
    733.5646
    737.4323
    741.3537
    745.3258
    749.3457
    753.4105
    757.5174
    761.6636
    765.8463
    770.0627
    774.3102
    778.5862
    782.8881
    787.2133
    791.5594
    795.9241
    800.3051
    804.7001
    809.1071
    813.5240
    817.9488
    822.3797
    826.8149
    831.2527
     -1.0000
     -1.0000
# Travel time at depth = 700.00 km.
    643.7303
    643.7974
    643.9987
    644.3340
    644.8029
    645.4047
    646.1389
    647.0044
    648.0004
    649.1255
    650.3785
    651.7581
    653.2625
    654.8900
    656.6388
    658.5070
    660.4924
    662.5930
    664.8063
    667.1301
    669.5619
    672.0991
    674.7392
    677.4794
    680.3170
    683.2491
    686.2730
    689.3857
    692.5844
    695.8659
    699.2274
    702.6658
    706.1782
    709.7614
    713.4124
    717.1282
    720.9057
    724.7419
    728.6339
    732.5786
    736.5729
    740.6140
    744.6990
    748.8250
    752.9891
    757.1886
    761.4207
    765.6826
    769.9719
    774.2858
    778.6219
    782.9779
    787.3512
    791.7397
    796.1412
    800.5535
    804.9748
    809.4030
    813.8363
    818.2731
    822.7117
     -1.0000
     -1.0000
# Modelling error(s)
   1   1
#
   2.000
#@(#)        iasp91.PcS     2.1     06/06/96
