# IASPEI travel-time table for phase: Pdiff   
 14   Number of depth samples at the following depths (km):
    0.00   15.00   35.00   50.00   75.00  100.00  150.00  200.00  250.00  300.00
  400.00  500.00  600.00  700.00
 47   Number of distance samples at the following distances (deg):
   98.00   99.00  100.00  101.00  102.00  103.00  104.00  105.00  106.00  107.00
  108.00  109.00  110.00  111.00  112.00  113.00  114.00  115.00  116.00  117.00
  118.00  119.00  120.00  121.00  122.00  123.00  124.00  125.00  126.00  127.00
  128.00  129.00  130.00  131.00  132.00  133.00  134.00  135.00  136.00  137.00
  138.00  139.00  140.00  141.00  142.00  143.00  144.00
# Travel time at depth =   0.00 km.
     -1.0000
    822.3270
    826.7659
    831.2048
    835.6437
    840.0826
    844.5216
    848.9605
    853.3994
    857.8383
    862.2773
    866.7162
    871.1551
    875.5940
    880.0330
    884.4719
    888.9108
    893.3497
    897.7886
    902.2275
    906.6664
    911.1053
    915.5443
    919.9832
    924.4221
    928.8610
    933.3000
    937.7389
    942.1778
    946.6167
    951.0557
    955.4946
    959.9335
    964.3724
    968.8113
    973.2502
    977.6891
    982.1281
    986.5670
    991.0059
    995.4448
    999.8837
   1004.3227
   1008.7616
   1013.2005
   1017.6394
   1022.0784
# Travel time at depth =  15.00 km.
     -1.0000
    819.8112
    824.2501
    828.6890
    833.1279
    837.5669
    842.0058
    846.4447
    850.8836
    855.3226
    859.7615
    864.2004
    868.6393
    873.0782
    877.5172
    881.9561
    886.3950
    890.8339
    895.2728
    899.7117
    904.1506
    908.5896
    913.0285
    917.4674
    921.9063
    926.3453
    930.7842
    935.2231
    939.6620
    944.1010
    948.5399
    952.9788
    957.4177
    961.8566
    966.2955
    970.7344
    975.1733
    979.6123
    984.0512
    988.4901
    992.9290
    997.3680
   1001.8069
   1006.2458
   1010.6847
   1015.1237
   1019.5626
# Travel time at depth =  35.00 km.
     -1.0000
    816.7448
    821.1837
    825.6227
    830.0616
    834.5005
    838.9394
    843.3784
    847.8173
    852.2562
    856.6951
    861.1340
    865.5729
    870.0118
    874.4507
    878.8897
    883.3286
    887.7675
    892.2064
    896.6454
    901.0843
    905.5232
    909.9621
    914.4011
    918.8400
    923.2789
    927.7178
    932.1567
    936.5956
    941.0345
    945.4734
    949.9124
    954.3513
    958.7902
    963.2291
    967.6681
    972.1070
    976.5459
    980.9848
    985.4238
    989.8627
    994.3016
    998.7405
   1003.1794
   1007.6183
   1012.0573
   1016.4962
# Travel time at depth =  50.00 km.
     -1.0000
    814.9794
    819.4183
    823.8572
    828.2961
    832.7350
    837.1740
    841.6129
    846.0518
    850.4907
    854.9296
    859.3686
    863.8075
    868.2464
    872.6853
    877.1243
    881.5632
    886.0021
    890.4410
    894.8799
    899.3188
    903.7578
    908.1967
    912.6356
    917.0745
    921.5134
    925.9523
    930.3913
    934.8302
    939.2691
    943.7080
    948.1470
    952.5859
    957.0248
    961.4637
    965.9026
    970.3416
    974.7805
    979.2194
    983.6583
    988.0972
    992.5361
    996.9750
   1001.4140
   1005.8529
   1010.2918
   1014.7307
# Travel time at depth =  75.00 km.
     -1.0000
    812.0391
    816.4780
    820.9170
    825.3559
    829.7948
    834.2337
    838.6727
    843.1116
    847.5505
    851.9894
    856.4283
    860.8672
    865.3062
    869.7451
    874.1840
    878.6229
    883.0618
    887.5008
    891.9397
    896.3786
    900.8175
    905.2565
    909.6954
    914.1343
    918.5732
    923.0121
    927.4510
    931.8900
    936.3289
    940.7678
    945.2067
    949.6456
    954.0845
    958.5235
    962.9624
    967.4013
    971.8402
    976.2792
    980.7181
    985.1570
    989.5959
    994.0349
    998.4738
   1002.9127
   1007.3516
   1011.7905
# Travel time at depth = 100.00 km.
     -1.0000
    809.1015
    813.5404
    817.9793
    822.4182
    826.8572
    831.2961
    835.7350
    840.1739
    844.6129
    849.0518
    853.4907
    857.9296
    862.3685
    866.8074
    871.2463
    875.6852
    880.1242
    884.5631
    889.0020
    893.4409
    897.8799
    902.3188
    906.7577
    911.1966
    915.6356
    920.0745
    924.5134
    928.9523
    933.3912
    937.8301
    942.2690
    946.7080
    951.1469
    955.5858
    960.0247
    964.4637
    968.9026
    973.3415
    977.7804
    982.2194
    986.6583
    991.0972
    995.5361
    999.9750
   1004.4139
   1008.8528
# Travel time at depth = 150.00 km.
    798.8144
    803.2533
    807.6923
    812.1312
    816.5701
    821.0090
    825.4479
    829.8868
    834.3257
    838.7646
    843.2036
    847.6425
    852.0814
    856.5203
    860.9593
    865.3982
    869.8371
    874.2760
    878.7150
    883.1539
    887.5928
    892.0317
    896.4706
    900.9095
    905.3484
    909.7874
    914.2263
    918.6652
    923.1041
    927.5430
    931.9820
    936.4209
    940.8598
    945.2987
    949.7377
    954.1766
    958.6155
    963.0544
    967.4933
    971.9323
    976.3712
    980.8101
    985.2490
    989.6879
    994.1268
    998.5657
   1003.0047
# Travel time at depth = 200.00 km.
    793.0745
    797.5134
    801.9523
    806.3912
    810.8301
    815.2690
    819.7080
    824.1469
    828.5858
    833.0247
    837.4637
    841.9026
    846.3415
    850.7804
    855.2194
    859.6583
    864.0972
    868.5361
    872.9750
    877.4139
    881.8528
    886.2918
    890.7307
    895.1696
    899.6085
    904.0475
    908.4864
    912.9253
    917.3642
    921.8032
    926.2421
    930.6810
    935.1199
    939.5588
    943.9977
    948.4366
    952.8755
    957.3145
    961.7534
    966.1923
    970.6312
    975.0702
    979.5091
    983.9480
    988.3869
    992.8259
    997.2648
# Travel time at depth = 250.00 km.
    787.4592
    791.8981
    796.3370
    800.7759
    805.2148
    809.6537
    814.0927
    818.5316
    822.9705
    827.4094
    831.8483
    836.2873
    840.7262
    845.1651
    849.6041
    854.0430
    858.4819
    862.9208
    867.3597
    871.7986
    876.2375
    880.6765
    885.1154
    889.5543
    893.9932
    898.4321
    902.8711
    907.3100
    911.7489
    916.1878
    920.6268
    925.0657
    929.5046
    933.9435
    938.3824
    942.8214
    947.2603
    951.6992
    956.1381
    960.5770
    965.0159
    969.4548
    973.8938
    978.3327
    982.7716
    987.2105
    991.6495
# Travel time at depth = 300.00 km.
    781.9861
    786.4251
    790.8640
    795.3029
    799.7418
    804.1808
    808.6197
    813.0586
    817.4976
    821.9365
    826.3754
    830.8143
    835.2532
    839.6921
    844.1310
    848.5699
    853.0089
    857.4478
    861.8867
    866.3256
    870.7646
    875.2035
    879.6424
    884.0813
    888.5203
    892.9592
    897.3981
    901.8370
    906.2759
    910.7148
    915.1537
    919.5927
    924.0316
    928.4705
    932.9094
    937.3483
    941.7873
    946.2262
    950.6651
    955.1040
    959.5430
    963.9819
    968.4208
    972.8597
    977.2986
    981.7375
    986.1765
# Travel time at depth = 400.00 km.
    771.4502
    775.8891
    780.3280
    784.7670
    789.2059
    793.6448
    798.0837
    802.5226
    806.9615
    811.4005
    815.8394
    820.2783
    824.7172
    829.1561
    833.5950
    838.0340
    842.4729
    846.9118
    851.3507
    855.7897
    860.2286
    864.6675
    869.1064
    873.5453
    877.9843
    882.4232
    886.8621
    891.3010
    895.7399
    900.1788
    904.6177
    909.0567
    913.4956
    917.9345
    922.3734
    926.8124
    931.2513
    935.6902
    940.1291
    944.5681
    949.0070
    953.4459
    957.8848
    962.3237
    966.7626
    971.2015
    975.6405
# Travel time at depth = 500.00 km.
    761.7894
    766.2283
    770.6672
    775.1061
    779.5450
    783.9839
    788.4229
    792.8618
    797.3007
    801.7396
    806.1786
    810.6175
    815.0564
    819.4953
    823.9343
    828.3732
    832.8121
    837.2510
    841.6899
    846.1288
    850.5677
    855.0067
    859.4456
    863.8845
    868.3234
    872.7623
    877.2013
    881.6402
    886.0791
    890.5180
    894.9570
    899.3959
    903.8348
    908.2737
    912.7126
    917.1516
    921.5905
    926.0294
    930.4683
    934.9072
    939.3461
    943.7851
    948.2240
    952.6629
    957.1018
    961.5408
    965.9797
# Travel time at depth = 600.00 km.
    752.6014
    757.0403
    761.4792
    765.9182
    770.3571
    774.7960
    779.2349
    783.6738
    788.1127
    792.5516
    796.9905
    801.4295
    805.8684
    810.3073
    814.7462
    819.1852
    823.6241
    828.0630
    832.5019
    836.9409
    841.3798
    845.8187
    850.2576
    854.6965
    859.1354
    863.5743
    868.0132
    872.4522
    876.8911
    881.3300
    885.7689
    890.2079
    894.6468
    899.0857
    903.5246
    907.9636
    912.4025
    916.8414
    921.2803
    925.7192
    930.1581
    934.5970
    939.0359
    943.4749
    947.9138
    952.3527
    956.7916
# Travel time at depth = 700.00 km.
    744.0604
    748.4993
    752.9382
    757.3771
    761.8160
    766.2549
    770.6939
    775.1328
    779.5717
    784.0106
    788.4496
    792.8885
    797.3274
    801.7663
    806.2053
    810.6442
    815.0831
    819.5220
    823.9609
    828.3998
    832.8387
    837.2777
    841.7166
    846.1555
    850.5944
    855.0334
    859.4723
    863.9112
    868.3501
    872.7891
    877.2280
    881.6669
    886.1058
    890.5447
    894.9836
    899.4225
    903.8615
    908.3004
    912.7393
    917.1782
    921.6171
    926.0561
    930.4950
    934.9339
    939.3728
    943.8118
    948.2507
# Distance-dependent modelling error(s)   
   4   1
   98.00   102.0  110.00  144.00
#
   1.300
   2.400
   4.000
  10.000
#%Z%        %M%     %I%     %G%
