# IASPEI travel-time table for phase:
  7   Number of depth samples at the following depths (km):
    0.00    5.00   10.00   15.00   20.00   25.00   34.90
 81   Number of distance samples at the following distances (deg):
    0.00    0.25    0.50    0.75    1.00    1.25    1.50    1.75    2.00    2.25
    2.50    2.75    3.00    3.25    3.50    3.75    4.00    4.25    4.50    4.75
    5.00    5.25    5.50    5.75    6.00    6.25    6.50    6.75    7.00    7.25
    7.50    7.75    8.00    8.25    8.50    8.75    9.00    9.25    9.50    9.75
   10.00   10.25   10.50   10.75   11.00   11.25   11.50   11.75   12.00   12.25
   12.50   12.75   13.00   13.25   13.50   13.75   14.00   14.25   14.50   14.75
   15.00   15.25   15.50   15.75   16.00   16.25   16.50   16.75   17.00   17.25
   17.50   17.75   18.00   18.25   18.50   18.75   19.00   19.25   19.50   19.75
   20.00
# Travel time at depth =   0.00 km.
      0.0011
      4.7929
      9.5857
     14.3786
     19.1713
     23.9639
     27.3430
     31.9002
     36.4574
     41.0145
     45.5717
     50.1289
     54.6861
     59.2432
     63.8004
     68.3576
     72.9148
     77.4719
     82.0291
     86.5863
     91.1434
     95.7006
    100.2578
    104.8150
    109.3721
    113.9293
    118.4865
    123.0436
    127.6008
    132.1580
    136.7152
    141.2723
    145.8295
    150.3867
    154.9438
    159.5010
    164.0582
    168.6154
    173.1725
    177.7297
    182.2869
    186.8441
    191.4012
    195.9584
    200.5156
    205.0727
    209.6299
    214.1871
    218.7443
    223.3015
    227.8586
    232.4158
    236.9730
    241.5301
    246.0873
    250.6445
    255.2016
    259.7588
    264.3160
    268.8732
    273.4303
    277.9875
    282.5447
    287.1019
    291.6590
    296.2162
    300.7734
    305.3305
    309.8877
    314.4449
    319.0020
    323.5592
    328.1164
    332.6736
    337.2307
    341.7879
    346.3451
    350.9023
    355.4594
    360.0166
    364.5738
# Travel time at depth =   5.00 km.
      0.8621
      4.8714
      9.6214
     14.3988
     19.1832
     23.9700
     27.3553
     31.9107
     36.4666
     41.0227
     45.5791
     50.1356
     54.6922
     59.2489
     63.8057
     68.3625
     72.9194
     77.4763
     82.0332
     86.5902
     91.1471
     95.7041
    100.2611
    104.8182
    109.3752
    113.9323
    118.4893
    123.0464
    127.6035
    132.1605
    136.7176
    141.2747
    145.8318
    150.3889
    154.9460
    159.5031
    164.0603
    168.6174
    173.1745
    177.7316
    182.2887
    186.8459
    191.4030
    195.9601
    200.5173
    205.0744
    209.6315
    214.1887
    218.7458
    223.3029
    227.8601
    232.4172
    236.9744
    241.5315
    246.0887
    250.6458
    255.2030
    259.7601
    264.3173
    268.8744
    273.4315
    277.9887
    282.5459
    287.1030
    291.6602
    296.2173
    300.7745
    305.3316
    309.8888
    314.4460
    319.0031
    323.5603
    328.1174
    332.6746
    337.2317
    341.7889
    346.3461
    350.9032
    355.4604
    360.0175
    364.5747
# Travel time at depth =  10.00 km.
      1.7242
      5.0944
      9.7404
     14.4779
     19.2367
     22.8448
     27.3921
     31.9423
     36.4942
     41.0473
     45.6012
     50.1557
     54.7106
     59.2659
     63.8215
     68.3772
     72.9332
     77.4893
     82.0455
     86.6018
     91.1582
     95.7147
    100.2712
    104.8278
    109.3844
    113.9411
    118.4978
    123.0546
    127.6113
    132.1682
    136.7250
    141.2818
    145.8387
    150.3956
    154.9525
    159.5094
    164.0664
    168.6233
    173.1803
    177.7373
    182.2943
    186.8512
    191.4082
    195.9653
    200.5223
    205.0793
    209.6363
    214.1934
    218.7504
    223.3075
    227.8645
    232.4216
    236.9786
    241.5357
    246.0928
    250.6498
    255.2069
    259.7640
    264.3211
    268.8781
    273.4353
    277.9923
    282.5494
    287.1065
    291.6636
    296.2207
    300.7778
    305.3349
    309.8920
    314.4492
    319.0063
    323.5634
    328.1205
    332.6776
    337.2347
    341.7918
    346.3490
    350.9061
    355.4632
    360.0203
    364.5775
# Travel time at depth =  15.00 km.
      2.5862
      5.4410
      9.9160
     14.6077
     19.0090
     22.9182
     27.4534
     31.9948
     36.5402
     41.0882
     45.6380
     50.1892
     54.7413
     59.2943
     63.8478
     68.4018
     72.9562
     77.5109
     82.0659
     86.6212
     91.1766
     95.7322
    100.2879
    104.8438
    109.3998
    113.9558
    118.5120
    123.0682
    127.6245
    132.1809
    136.7373
    141.2937
    145.8502
    150.4068
    154.9634
    159.5200
    164.0766
    168.6333
    173.1900
    177.7467
    182.3035
    186.8602
    191.4170
    195.9738
    200.5307
    205.0875
    209.6444
    214.2012
    218.7581
    223.3150
    227.8719
    232.4288
    236.9857
    241.5426
    246.0996
    250.6565
    255.2135
    259.7704
    264.3274
    268.8844
    273.4414
    277.9984
    282.5554
    287.1124
    291.6694
    296.2264
    300.7834
    305.3405
    309.8975
    314.4545
    319.0115
    323.5686
    328.1256
    332.6826
    337.2397
    341.7968
    346.3538
    350.9109
    355.4679
    360.0250
    364.5820
# Travel time at depth =  20.00 km.
      3.4482
      5.8855
     10.0927
     14.3560
     18.6193
     23.0205
     27.5389
     32.0683
     36.6045
     41.1454
     45.6895
     50.2360
     54.7843
     59.3339
     63.8846
     68.4362
     72.9884
     77.5413
     82.0946
     86.6483
     91.2024
     95.7568
    100.3114
    104.8662
    109.4213
    113.9765
    118.5318
    123.0873
    127.6429
    132.1987
    136.7545
    141.3104
    145.8664
    150.4224
    154.9785
    159.5347
    164.0910
    168.6472
    173.2036
    177.7599
    182.3164
    186.8728
    191.4293
    195.9858
    200.5424
    205.0990
    209.6556
    214.2122
    218.7688
    223.3255
    227.8822
    232.4389
    236.9956
    241.5524
    246.1091
    250.6659
    255.2227
    259.7795
    264.3363
    268.8932
    273.4500
    278.0068
    282.5637
    287.1206
    291.6775
    296.2343
    300.7912
    305.3481
    309.9051
    314.4620
    319.0189
    323.5758
    328.1328
    332.6897
    337.2467
    341.8036
    346.3606
    350.9176
    355.4745
    360.0316
    364.5885
# Travel time at depth =  25.00 km.
      4.2175
      6.2912
     10.1981
     14.3968
     18.6837
     23.1515
     27.6485
     32.1624
     36.6870
     41.2188
     45.7556
     50.2962
     54.8394
     59.3848
     63.9319
     68.4803
     73.0298
     77.5803
     82.1314
     86.6832
     91.2355
     95.7883
    100.3415
    104.8951
    109.4489
    114.0030
    118.5573
    123.1119
    127.6666
    132.2215
    136.7766
    141.3318
    145.8871
    150.4425
    154.9980
    159.5537
    164.1094
    168.6652
    173.2210
    177.7770
    182.3329
    186.8890
    191.4451
    196.0012
    200.5575
    205.1137
    209.6700
    214.2263
    218.7826
    223.3391
    227.8955
    232.4519
    237.0084
    241.5649
    246.1214
    250.6780
    255.2345
    259.7911
    264.3478
    268.9044
    273.4611
    278.0177
    282.5744
    287.1311
    291.6878
    296.2445
    300.8013
    305.3580
    309.9148
    314.4716
    319.0284
    323.5852
    328.1420
    332.6988
    337.2556
    341.8125
    346.3694
    350.9262
    355.4830
    360.0399
    364.5968
# Travel time at depth =  34.90 km.
      5.7406
      7.3307
     10.7613
     14.8204
     19.1055
     23.4932
     27.9352
     32.4092
     36.9036
     41.4117
     45.9295
     50.4543
     54.9845
     59.5189
     64.0564
     68.5966
     73.1389
     77.6829
     82.2284
     86.7751
     91.3228
     95.8715
    100.4209
    104.9710
    109.5217
    114.0729
    118.6245
    123.1766
    127.7290
    132.2818
    136.8348
    141.3881
    145.9417
    150.4955
    155.0494
    159.6036
    164.1579
    168.7124
    173.2670
    177.8218
    182.3766
    186.9316
    191.4867
    196.0419
    200.5972
    205.1526
    209.7080
    214.2635
    218.8191
    223.3747
    227.9304
    232.4862
    237.0420
    241.5979
    246.1538
    250.7097
    255.2658
    259.8218
    264.3779
    268.9340
    273.4902
    278.0464
    282.6026
    287.1588
    291.7151
    296.2714
    300.8278
    305.3841
    309.9405
    314.4969
    319.0533
    323.6098
    328.1663
    332.7227
    337.2793
    341.8358
    346.3923
    350.9489
    355.5055
    360.0621
    364.6187
# Distance-dependent modelling error(s) [0 to 20 deg.: 0.5 sec. * delta]
  12	1
	0.0	0.2	0.5	1.0	2.0	3.0	4.0	6.0
	8.0	10.0	15.0	20.0
#
	0.1
	0.5
	1.0
	1.5
	2.1
	2.5
	3.0
	3.6
	4.2
	4.8
	5.8
	6.8
#%Z%        %M%     %I%     %G%
