# IASPEI travel-time table for phase: PKiKP   
 14   Number of depth samples at the following depths (km):
    0.00   15.00   35.00   50.00   75.00  100.00  150.00  200.00  250.00  300.00
  400.00  500.00  600.00  700.00
 32   Number of distance samples at the following distances (deg):
    0.00    5.00   10.00   15.00   20.00   25.00   30.00   35.00   40.00   45.00
   50.00   55.00   60.00   65.00   70.00   75.00   80.00   85.00   90.00   95.00
  100.00  105.00  110.00  115.00  120.00  125.00  130.00  135.00  140.00  145.00
  150.00  155.00
# Travel time at depth =   0.00 km.
    994.5978
    994.8775
    995.7156
    997.1091
    999.0533
   1001.5414
   1004.5651
   1008.1141
   1012.1764
   1016.7386
   1021.7857
   1027.3016
   1033.2686
   1039.6681
   1046.4803
   1053.6848
   1061.2601
   1069.1842
   1077.4344
   1085.9878
   1094.8208
   1103.9098
   1113.2310
   1122.7603
   1132.4738
   1142.3477
   1152.3582
   1162.4821
   1172.6960
   1182.9773
   1193.3038
   1203.6534
# Travel time at depth =  15.00 km.
    992.0116
    992.2913
    993.1295
    994.5233
    996.4678
    998.9563
   1001.9804
   1005.5299
   1009.5928
   1014.1556
   1019.2034
   1024.7200
   1030.6877
   1037.0880
   1043.9010
   1051.1063
   1058.6824
   1066.6072
   1074.8582
   1083.4122
   1092.2460
   1101.3356
   1110.6573
   1120.1871
   1129.9011
   1139.7754
   1149.7863
   1159.9104
   1170.1246
   1180.4061
   1190.7327
   1201.0824
# Travel time at depth =  35.00 km.
    988.8419
    989.1217
    989.9601
    991.3542
    993.2991
    995.7882
    998.8130
   1002.3632
   1006.4269
   1010.9907
   1016.0396
   1021.5571
   1027.5260
   1033.9274
   1040.7416
   1047.9479
   1055.5251
   1063.4510
   1071.7031
   1080.2583
   1089.0929
   1098.1835
   1107.5060
   1117.0366
   1126.7512
   1136.6262
   1146.6376
   1156.7622
   1166.9767
   1177.2584
   1187.5852
   1197.9349
# Travel time at depth =  50.00 km.
    986.9764
    987.2562
    988.0948
    989.4892
    991.4345
    993.9242
    996.9496
   1000.5005
   1004.5651
   1009.1298
   1014.1795
   1019.6982
   1025.6681
   1032.0704
   1038.8857
   1046.0933
   1053.6715
   1061.5985
   1069.8517
   1078.4077
   1087.2434
   1096.3348
   1105.6582
   1115.1895
   1124.9048
   1134.7803
   1144.7922
   1154.9172
   1165.1321
   1175.4141
   1185.7408
   1196.0907
# Travel time at depth =  75.00 km.
    983.8682
    984.1481
    984.9871
    986.3819
    988.3280
    990.8185
    993.8450
    997.3972
   1001.4631
   1006.0292
   1011.0806
   1016.6010
   1022.5726
   1028.9768
   1035.7939
   1043.0033
   1050.5834
   1058.5122
   1066.7670
   1075.3247
   1084.1620
   1093.2549
   1102.5796
   1112.1122
   1121.8286
   1131.7051
   1141.7179
   1151.8435
   1162.0590
   1172.3413
   1182.6683
   1193.0183
# Travel time at depth = 100.00 km.
    980.7612
    981.0412
    981.8804
    983.2758
    985.2226
    987.7140
    990.7416
    994.2950
    998.3623
   1002.9299
   1007.9830
   1013.5050
   1019.4784
   1025.8844
   1032.7034
   1039.9146
   1047.4965
   1055.4271
   1063.6837
   1072.2432
   1081.0819
   1090.1764
   1099.5024
   1109.0364
   1118.7539
   1128.6313
   1138.6450
   1148.7714
   1158.9873
   1169.2700
   1179.5973
   1189.9474
# Travel time at depth = 150.00 km.
    974.5687
    974.8490
    975.6888
    977.0853
    979.0335
    981.5267
    984.5565
    988.1124
    992.1826
    996.7532
   1001.8096
   1007.3351
   1013.3121
   1019.7219
   1026.5446
   1033.7594
   1041.3451
   1049.2794
   1057.5396
   1066.1024
   1074.9445
   1084.0419
   1093.3708
   1102.9072
   1112.6271
   1122.5066
   1132.5219
   1142.6497
   1152.8667
   1163.1503
   1173.4780
   1183.8281
# Travel time at depth = 200.00 km.
    968.4729
    968.7534
    969.5939
    970.9914
    972.9411
    975.4363
    978.4683
    982.0269
    986.0999
    990.6737
    995.7335
   1001.2625
   1007.2432
   1013.6568
   1020.4834
   1027.7023
   1035.2917
   1043.2299
   1051.4937
   1060.0599
   1068.9054
   1078.0060
   1087.3378
   1096.8768
   1106.5991
   1116.4806
   1126.4977
   1136.6270
   1146.8451
   1157.1294
   1167.4576
   1177.8080
# Travel time at depth = 250.00 km.
    962.4885
    962.7692
    963.6104
    965.0090
    966.9603
    969.4575
    972.4918
    976.0530
    980.1290
    984.7062
    989.7695
    995.3022
   1001.2868
   1007.7043
   1014.5350
   1021.7578
   1029.3513
   1037.2933
   1045.5609
   1054.1310
   1062.9797
   1072.0836
   1081.4185
   1090.9602
   1100.6849
   1110.5686
   1120.5875
   1130.7181
   1140.9375
   1151.2227
   1161.5514
   1171.9020
# Travel time at depth = 300.00 km.
    956.6313
    956.9123
    957.7542
    959.1541
    961.1069
    963.6061
    966.6429
    970.2069
    974.2861
    978.8667
    983.9336
    989.4702
    995.4589
   1001.8805
   1008.7153
   1015.9423
   1023.5400
   1031.4860
   1039.7576
   1048.3314
   1057.1838
   1066.2910
   1075.6290
   1085.1736
   1094.9009
   1104.7867
   1114.8075
   1124.9398
   1135.1603
   1145.4463
   1155.7756
   1166.1262
# Travel time at depth = 400.00 km.
    945.2798
    945.5613
    946.4047
    947.8070
    949.7634
    952.2669
    955.3088
    958.8788
    962.9647
    967.5525
    972.6271
    978.1720
    984.1691
    990.5995
    997.4431
   1004.6790
   1012.2855
   1020.2402
   1028.5201
   1037.1019
   1045.9620
   1055.0764
   1064.4209
   1073.9716
   1083.7041
   1093.5946
   1103.6195
   1113.7550
   1123.9780
   1134.2659
   1144.5962
     -1.0000
# Travel time at depth = 500.00 km.
    934.7066
    934.9886
    935.8337
    937.2388
    939.1990
    941.7073
    944.7551
    948.3317
    952.4249
    957.0208
    962.1041
    967.6581
    973.6647
    980.1048
    986.9583
    994.2040
   1001.8203
   1009.7845
   1018.0739
   1026.6646
   1035.5331
   1044.6554
   1054.0073
   1063.5646
   1073.3031
   1083.1989
   1093.2280
   1103.3672
   1113.5930
   1123.8828
   1134.2142
     -1.0000
# Travel time at depth = 600.00 km.
    924.5323
    924.8149
    925.6618
    927.0699
    929.0342
    931.5478
    934.6017
    938.1855
    942.2867
    946.8914
    951.9841
    957.5479
    963.5647
    970.0153
    976.8794
    984.1358
    991.7626
    999.7372
   1008.0365
   1016.6368
   1025.5145
   1034.6453
   1044.0050
   1053.5695
   1063.3143
   1073.2157
   1083.2496
   1093.3926
   1103.6213
   1113.9133
   1124.2460
     -1.0000
# Travel time at depth = 700.00 km.
    914.9015
    915.1848
    916.0337
    917.4451
    919.4139
    921.9332
    924.9940
    928.5856
    932.6956
    937.3099
    942.4128
    947.9874
    954.0155
    960.4777
    967.3534
    974.6215
    982.2599
    990.2458
    998.5561
   1007.1671
   1016.0547
   1025.1948
   1034.5632
   1044.1354
   1053.8873
   1063.7947
   1073.8337
   1083.9810
   1094.2130
   1104.5072
   1114.8412
     -1.0000
# Modelling error(s)
   2   2
	0.0	154.0
	0.0	200.0
#
	1.8
	1.8
#
	1.5
	1.5
#@(#)        iasp91.PKiKP     2.1     06/06/96
