# IASPEI travel-time table for phase: PKKPbc  
 14   Number of depth samples at the following depths (km):
    0.00   15.00   35.00   50.00   75.00  100.00  150.00  200.00  250.00  300.00
  400.00  500.00  600.00  700.00
 27   Number of distance samples at the following distances (deg):
   73.00   75.00   77.00   79.00   81.00   83.00   85.00   87.00   89.00   91.00
   93.00   95.00   97.00   99.00  101.00  103.00  105.00  107.00  109.00  111.00
  113.00  115.00  117.00  119.00  121.00  123.00  125.00
# Travel time at depth =   0.00 km.
   1871.4056
   1867.1527
   1862.7894
   1858.3184
   1853.7375
   1849.0444
   1844.2382
   1839.3181
   1834.2827
   1829.1305
   1823.8597
   1818.4686
   1812.9554
   1807.3182
   1801.5542
   1795.6595
   1789.6317
   1783.4675
   1777.1633
   1770.7139
   1764.1134
   1757.3550
   1750.4294
   1743.3247
   1736.0228
   1728.4933
   1720.6555
# Travel time at depth =  15.00 km.
   1868.8350
   1864.5829
   1860.2203
   1855.7502
   1851.1703
   1846.4781
   1841.6729
   1836.7538
   1831.7195
   1826.5684
   1821.2987
   1815.9087
   1810.3967
   1804.7609
   1798.9980
   1793.1049
   1787.0784
   1780.9158
   1774.6132
   1768.1654
   1761.5668
   1754.8103
   1747.8870
   1740.7845
   1733.4855
   1725.9594
   1718.1276
# Travel time at depth =  35.00 km.
   1865.6881
   1861.4371
   1857.0759
   1852.6072
   1848.0284
   1843.3376
   1838.5338
   1833.6162
   1828.5834
   1823.4338
   1818.1658
   1812.7776
   1807.2673
   1801.6333
   1795.8724
   1789.9813
   1783.9569
   1777.7966
   1771.4963
   1765.0510
   1758.4551
   1751.7014
   1744.7812
   1737.6824
   1730.3872
   1722.8661
   1715.0428
# Travel time at depth =  50.00 km.
   1863.8444
   1859.5947
   1855.2346
   1850.7671
   1846.1897
   1841.5002
   1836.6978
   1831.7815
   1826.7502
   1821.6022
   1816.3357
   1810.9491
   1805.4406
   1799.8083
   1794.0493
   1788.1602
   1782.1378
   1775.9796
   1769.6816
   1763.2388
   1756.6454
   1749.8945
   1742.9773
   1735.8820
   1728.5907
   1721.0743
   1713.2593
# Travel time at depth =  75.00 km.
   1860.7728
   1856.5251
   1852.1671
   1847.7015
   1843.1263
   1838.4391
   1833.6388
   1828.7250
   1823.6962
   1818.5507
   1813.2869
   1807.9030
   1802.3973
   1796.7681
   1791.0122
   1785.1263
   1779.1074
   1772.9529
   1766.6587
   1760.2198
   1753.6309
   1746.8846
   1739.9725
   1732.8827
   1725.5979
   1718.0896
   1710.2877
# Travel time at depth = 100.00 km.
   1857.7026
   1853.4570
   1849.1010
   1844.6375
   1840.0643
   1835.3794
   1830.5815
   1825.6700
   1820.6437
   1815.5007
   1810.2396
   1804.8585
   1799.3557
   1793.7295
   1787.9768
   1782.0941
   1776.0787
   1769.9279
   1763.6375
   1757.2028
   1750.6180
   1743.8766
   1736.9695
   1729.8854
   1722.6072
   1715.1068
   1707.3177
# Travel time at depth = 150.00 km.
   1851.5851
   1847.3436
   1842.9916
   1838.5322
   1833.9635
   1829.2831
   1824.4899
   1819.5833
   1814.5619
   1809.4242
   1804.1685
   1798.7930
   1793.2961
   1787.6759
   1781.9296
   1776.0537
   1770.0453
   1763.9017
   1757.6191
   1751.1926
   1744.6168
   1737.8848
   1730.9880
   1723.9154
   1716.6503
   1709.1659
   1701.4016
# Travel time at depth = 200.00 km.
   1845.5664
   1841.3292
   1836.9813
   1832.5262
   1827.9620
   1823.2863
   1818.4979
   1813.5963
   1808.5801
   1803.4478
   1798.1976
   1792.8280
   1787.3370
   1781.7231
   1775.9834
   1770.1145
   1764.1133
   1757.9773
   1751.7026
   1745.2847
   1738.7179
   1731.9956
   1725.1095
   1718.0486
   1710.7968
   1703.3286
   1695.5885
# Travel time at depth = 250.00 km.
   1839.6617
   1835.4290
   1831.0854
   1826.6348
   1822.0752
   1817.4043
   1812.6208
   1807.7244
   1802.7135
   1797.5868
   1792.3424
   1786.9788
   1781.4941
   1775.8866
   1770.1537
   1764.2919
   1758.2982
   1752.1699
   1745.9036
   1739.4944
   1732.9369
   1726.2247
   1719.3495
   1712.3007
   1705.0626
   1697.6110
   1689.8947
# Travel time at depth = 300.00 km.
   1833.8873
   1829.6592
   1825.3201
   1820.8740
   1816.3192
   1811.6533
   1806.8751
   1801.9840
   1796.9786
   1791.8577
   1786.6193
   1781.2618
   1775.7836
   1770.1829
   1764.4570
   1758.6025
   1752.6166
   1746.4965
   1740.2386
   1733.8385
   1727.2908
   1720.5889
   1713.7250
   1706.6885
   1699.4646
   1692.0299
   1684.3373
# Travel time at depth = 400.00 km.
   1822.7102
   1818.4919
   1814.1624
   1809.7260
   1805.1813
   1800.5260
   1795.7587
   1790.8788
   1785.8853
   1780.7764
   1775.5505
   1770.2063
   1764.7416
   1759.1550
   1753.4440
   1747.6052
   1741.6356
   1735.5325
   1729.2927
   1722.9116
   1716.3842
   1709.7041
   1702.8639
   1695.8535
   1688.6591
   1681.2593
   1673.6139
# Travel time at depth = 500.00 km.
   1812.3300
   1808.1226
   1803.8036
   1799.3778
   1794.8444
   1790.2008
   1785.4457
   1780.5782
   1775.5977
   1770.5022
   1765.2905
   1759.9607
   1754.5111
   1748.9402
   1743.2456
   1737.4242
   1731.4727
   1725.3884
   1719.1686
   1712.8086
   1706.3036
   1699.6477
   1692.8335
   1685.8517
   1678.6893
   1671.3271
   1663.7308
# Travel time at depth = 600.00 km.
     -1.0000
   1798.1665
   1793.8589
   1789.4446
   1784.9232
   1780.2922
   1775.5500
   1770.6960
   1765.7292
   1760.6483
   1755.4515
   1750.1373
   1744.7039
   1739.1498
   1733.4728
   1727.6697
   1721.7375
   1715.6736
   1709.4750
   1703.1376
   1696.6565
   1690.0261
   1683.2396
   1676.2881
   1669.1597
   1661.8367
   1654.2897
# Travel time at depth = 700.00 km.
     -1.0000
   1788.7738
   1784.4788
   1780.0769
   1775.5686
   1770.9514
   1766.2234
   1761.3839
   1756.4324
   1751.3671
   1746.1866
   1740.8894
   1735.4736
   1729.9379
   1724.2800
   1718.4972
   1712.5861
   1706.5442
   1700.3687
   1694.0558
   1687.6008
   1680.9984
   1674.2419
   1667.3231
   1660.2311
   1652.9500
   1645.4542
# Modelling error(s)
   1   1
#
   3.000
#@(#)        iasp91.PKKPbc     2.1     06/06/96
