# IASPEI travel-time table for phase: PKKPab  
 14   Number of depth samples at the following depths (km):
    0.00   15.00   35.00   50.00   75.00  100.00  150.00  200.00  250.00  300.00
  400.00  500.00  600.00  700.00
 21   Number of distance samples at the following distances (deg):
  105.00  106.00  107.00  108.00  109.00  110.00  111.00  112.00  113.00  114.00
  115.00  116.00  117.00  118.00  119.00  120.00  121.00  122.00  123.00  124.00
  125.00
# Travel time at depth =   0.00 km.
   1808.3263
   1803.8875
   1799.4493
   1795.0121
   1790.5764
   1786.1428
   1781.7118
   1777.2841
   1772.8602
   1768.4414
   1764.0283
   1759.6221
   1755.2240
   1750.8356
   1746.4587
   1742.0957
   1737.7493
   1733.4237
   1729.1248
   1724.8624
   1720.6620
# Travel time at depth =  15.00 km.
   1805.8104
   1801.3717
   1796.9335
   1792.4962
   1788.0605
   1783.6268
   1779.1957
   1774.7678
   1770.3439
   1765.9248
   1761.5116
   1757.1051
   1752.7068
   1748.3180
   1743.9408
   1739.5771
   1735.2302
   1730.9039
   1726.6041
   1722.3405
   1718.1371
# Travel time at depth =  35.00 km.
   1802.7441
   1798.3053
   1793.8671
   1789.4298
   1784.9939
   1780.5601
   1776.1289
   1771.7008
   1767.2767
   1762.8574
   1758.4438
   1754.0370
   1749.6383
   1745.2490
   1740.8712
   1736.5070
   1732.1592
   1727.8318
   1723.5305
   1719.2649
   1715.0576
# Travel time at depth =  50.00 km.
   1800.9786
   1796.5399
   1792.1016
   1787.6642
   1783.2283
   1778.7944
   1774.3630
   1769.9348
   1765.5105
   1761.0909
   1756.6771
   1752.2699
   1747.8707
   1743.4811
   1739.1027
   1734.7378
   1730.3892
   1726.0608
   1721.7582
   1717.4906
   1713.2797
# Travel time at depth =  75.00 km.
   1798.0385
   1793.5996
   1789.1613
   1784.7239
   1780.2878
   1775.8536
   1771.4221
   1766.9935
   1762.5690
   1758.1490
   1753.7346
   1749.3270
   1744.9271
   1740.5367
   1736.1573
   1731.7913
   1727.4413
   1723.1112
   1718.8064
   1714.5358
   1710.3192
# Travel time at depth = 100.00 km.
   1795.1007
   1790.6619
   1786.2235
   1781.7860
   1777.3499
   1772.9155
   1768.4838
   1764.0549
   1759.6300
   1755.2097
   1750.7949
   1746.3866
   1741.9861
   1737.5948
   1733.2146
   1728.8474
   1724.4961
   1720.1643
   1715.8573
   1711.5837
   1707.3617
# Travel time at depth = 150.00 km.
     -1.0000
   1784.8137
   1780.3752
   1775.9375
   1771.5011
   1767.0665
   1762.6343
   1758.2050
   1753.7794
   1749.3583
   1744.9425
   1740.5331
   1736.1312
   1731.7385
   1727.3563
   1722.9869
   1718.6329
   1714.2979
   1709.9866
   1705.7070
   1701.4750
# Travel time at depth = 200.00 km.
     -1.0000
   1779.0737
   1774.6353
   1770.1974
   1765.7607
   1761.3257
   1756.8931
   1752.4633
   1748.0370
   1743.6150
   1739.1984
   1734.7878
   1730.3846
   1725.9902
   1721.6063
   1717.2346
   1712.8779
   1708.5396
   1704.2240
   1699.9387
   1695.6974
# Travel time at depth = 250.00 km.
     -1.0000
   1773.4585
   1769.0198
   1764.5818
   1760.1449
   1755.7096
   1751.2765
   1746.8461
   1742.4192
   1737.9965
   1733.5787
   1729.1671
   1724.7627
   1720.3667
   1715.9808
   1711.6069
   1707.2474
   1702.9056
   1698.5859
   1694.2950
   1690.0449
# Travel time at depth = 300.00 km.
     -1.0000
   1767.9855
   1763.5468
   1759.1085
   1754.6714
   1750.2358
   1745.8022
   1741.3713
   1736.9437
   1732.5203
   1728.1016
   1723.6888
   1719.2830
   1714.8854
   1710.4976
   1706.1213
   1701.7593
   1697.4141
   1693.0901
   1688.7936
   1684.5352
# Travel time at depth = 400.00 km.
     -1.0000
   1757.4495
   1753.0106
   1748.5721
   1744.1346
   1739.6984
   1735.2639
   1730.8319
   1726.4031
   1721.9779
   1717.5573
   1713.1421
   1708.7335
   1704.3326
   1699.9409
   1695.5602
   1691.1924
   1686.8405
   1682.5082
   1678.2006
   1673.9264
# Travel time at depth = 500.00 km.
     -1.0000
     -1.0000
   1743.3497
   1738.9111
   1734.4730
   1730.0363
   1725.6010
   1721.1678
   1716.7375
   1712.3107
   1707.8879
   1703.4703
   1699.0588
   1694.6545
   1690.2587
   1685.8730
   1681.4995
   1677.1405
   1672.7994
   1668.4807
   1664.1913
# Travel time at depth = 600.00 km.
     -1.0000
     -1.0000
   1734.1617
   1729.7229
   1725.2845
   1720.8470
   1716.4110
   1711.9768
   1707.5450
   1703.1165
   1698.6918
   1694.2717
   1689.8572
   1685.4493
   1681.0494
   1676.6589
   1672.2795
   1667.9135
   1663.5637
   1659.2343
   1654.9305
# Travel time at depth = 700.00 km.
     -1.0000
     -1.0000
     -1.0000
   1721.1819
   1716.7432
   1712.3052
   1707.8683
   1703.4331
   1699.0000
   1694.5697
   1690.1428
   1685.7202
   1681.3027
   1676.8914
   1672.4872
   1668.0916
   1663.7062
   1659.3330
   1654.9745
   1650.6342
   1646.3165
# Modelling error(s)
   1   1
#
   3.000
#@(#)        iasp91.PKKPab     2.1     06/06/96
