# IASPEI travel-time table for phase: PKKPdf  
 14   Number of depth samples at the following depths (km):
    0.00   15.00   35.00   50.00   75.00  100.00  150.00  200.00  250.00  300.00
  400.00  500.00  600.00  700.00
 31   Number of distance samples at the following distances (deg):
    0.00    5.00   10.00   15.00   20.00   25.00   30.00   35.00   40.00   45.00
   50.00   55.00   60.00   65.00   70.00   75.00   80.00   85.00   90.00   95.00
  100.00  105.00  110.00  115.00  120.00  125.00  130.00  135.00  140.00  145.00
  150.00
# Travel time at depth =   0.00 km.
   1912.9500
   1912.6652
   1911.8120
   1910.3917
   1908.4069
   1905.8615
   1902.7604
   1899.1102
   1894.9197
   1890.1991
   1884.9615
   1879.2231
   1873.0033
   1866.3253
   1859.2173
   1851.7113
   1843.8439
   1835.6550
   1827.1866
   1818.4806
   1809.5769
   1800.5118
   1791.3173
   1782.0200
   1772.6427
   1763.2035
   1753.7173
   1744.1963
   1734.6506
   1725.0884
   1715.5165
# Travel time at depth =  15.00 km.
   1910.3636
   1910.0790
   1909.2260
   1907.8059
   1905.8214
   1903.2762
   1900.1757
   1896.5262
   1892.3363
   1887.6163
   1882.3796
   1876.6420
   1870.4229
   1863.7458
   1856.6385
   1849.1334
   1841.2667
   1833.0786
   1824.6108
   1815.9053
   1807.0021
   1797.9374
   1788.7430
   1779.4462
   1770.0690
   1760.6299
   1751.1438
   1741.6229
   1732.0773
   1722.5151
   1712.9432
# Travel time at depth =  35.00 km.
   1907.1940
   1906.9094
   1906.0565
   1904.6368
   1902.6528
   1900.1083
   1897.0084
   1893.3597
   1889.1707
   1884.4518
   1879.2162
   1873.4797
   1867.2618
   1860.5861
   1853.4800
   1845.9760
   1838.1104
   1829.9232
   1821.4564
   1812.7517
   1803.8491
   1794.7849
   1785.5911
   1776.2946
   1766.9176
   1757.4788
   1747.9928
   1738.4720
   1728.9265
   1719.3644
   1709.7925
# Travel time at depth =  50.00 km.
   1905.3285
   1905.0439
   1904.1913
   1902.7719
   1900.7883
   1898.2443
   1895.1451
   1891.4972
   1887.3091
   1882.5912
   1877.3566
   1871.6212
   1865.4045
   1858.7299
   1851.6250
   1844.1221
   1836.2577
   1828.0715
   1819.6056
   1810.9016
   1801.9996
   1792.9360
   1783.7426
   1774.4463
   1765.0697
   1755.6310
   1746.1453
   1736.6246
   1727.0791
   1717.5170
   1707.9452
# Travel time at depth =  75.00 km.
   1902.2202
   1901.9358
   1901.0835
   1899.6646
   1897.6818
   1895.1388
   1892.0406
   1888.3942
   1884.2075
   1879.4912
   1874.2584
   1868.5249
   1862.3102
   1855.6376
   1848.5345
   1841.0336
   1833.1709
   1824.9865
   1816.5220
   1807.8192
   1798.9183
   1789.8556
   1780.6628
   1771.3672
   1761.9910
   1752.5526
   1743.0671
   1733.5468
   1724.0013
   1714.4393
   1704.8676
# Travel time at depth = 100.00 km.
   1899.1133
   1898.8289
   1897.9769
   1896.5585
   1894.5764
   1892.0344
   1888.9375
   1885.2922
   1881.1071
   1876.3925
   1871.1614
   1865.4298
   1859.2170
   1852.5464
   1845.4454
   1837.9464
   1830.0856
   1821.9027
   1813.4397
   1804.7383
   1795.8384
   1786.7766
   1777.5846
   1768.2894
   1758.9137
   1749.4757
   1739.9905
   1730.4702
   1720.9250
   1711.3630
   1701.7914
# Travel time at depth = 150.00 km.
   1892.9208
   1892.6367
   1891.7853
   1890.3680
   1888.3875
   1885.8473
   1882.7527
   1879.1102
   1874.9281
   1870.2169
   1864.9895
   1859.2617
   1853.0529
   1846.3862
   1839.2894
   1831.7942
   1823.9370
   1815.7576
   1807.2975
   1798.5988
   1789.7010
   1780.6410
   1771.4504
   1762.1565
   1752.7817
   1743.3445
   1733.8597
   1724.3398
   1714.7949
   1705.2332
   1695.6615
# Travel time at depth = 200.00 km.
   1886.8250
   1886.5410
   1885.6904
   1884.2743
   1882.2953
   1879.7571
   1876.6649
   1873.0251
   1868.8462
   1864.1384
   1858.9147
   1853.1909
   1846.9862
   1840.3237
   1833.2311
   1825.7399
   1817.8865
   1809.7106
   1801.2537
   1792.5575
   1783.6621
   1774.6039
   1765.4149
   1756.1222
   1746.7483
   1737.3118
   1727.8276
   1718.3081
   1708.7634
   1699.2019
   1689.6302
# Travel time at depth = 250.00 km.
   1880.8406
   1880.5569
   1879.7069
   1878.2919
   1876.3146
   1873.7784
   1870.6887
   1867.0518
   1862.8761
   1858.1719
   1852.9521
   1847.2324
   1841.0320
   1834.3739
   1827.2854
   1819.7985
   1811.9490
   1803.7766
   1795.3229
   1786.6296
   1777.7366
   1768.6803
   1759.4929
   1750.2014
   1740.8285
   1731.3927
   1721.9092
   1712.3901
   1702.8457
   1693.2843
   1683.7128
# Travel time at depth = 300.00 km.
   1874.9834
   1874.7001
   1873.8507
   1872.4370
   1870.4613
   1867.9272
   1864.8401
   1861.2062
   1857.0338
   1852.3334
   1847.1176
   1841.4021
   1835.2062
   1828.5525
   1821.4685
   1813.9858
   1806.1405
   1797.9719
   1789.5216
   1780.8312
   1771.9406
   1762.8864
   1753.7006
   1744.4104
   1735.0385
   1725.6035
   1716.1205
   1706.6019
   1697.0579
   1687.4966
   1677.9253
# Travel time at depth = 400.00 km.
   1863.6320
   1863.3490
   1862.5013
   1861.0901
   1859.1179
   1856.5884
   1853.5066
   1849.8790
   1845.7137
   1841.0212
   1835.8138
   1830.1074
   1823.9207
   1817.2766
   1810.2020
   1802.7285
   1794.8920
   1786.7313
   1778.2881
   1769.6038
   1760.7184
   1751.6685
   1742.4862
   1733.1987
   1723.8291
   1714.3958
   1704.9141
   1695.3964
   1685.8530
   1676.2921
   1666.7211
# Travel time at depth = 500.00 km.
   1853.0587
   1852.7764
   1851.9303
   1850.5219
   1848.5536
   1846.0291
   1842.9532
   1839.3326
   1835.1753
   1830.4915
   1825.2935
   1819.5969
   1813.4207
   1806.7870
   1799.7229
   1792.2596
   1784.4327
   1776.2810
   1767.8457
   1759.1682
   1750.2887
   1741.2437
   1732.0652
   1722.7809
   1713.4137
   1703.9823
   1694.5020
   1684.9854
   1675.4427
   1665.8823
   1656.3115
# Travel time at depth = 600.00 km.
   1842.8844
   1842.6027
   1841.7584
   1840.3530
   1838.3889
   1835.8698
   1832.8004
   1829.1873
   1825.0383
   1820.3636
   1815.1758
   1809.4900
   1803.3247
   1796.7025
   1789.6497
   1782.1974
   1774.3809
   1766.2386
   1757.8119
   1749.1420
   1740.2688
   1731.2289
   1722.0547
   1712.7738
   1703.4092
   1693.9799
   1684.5011
   1674.9857
   1665.4437
   1655.8839
   1646.3134
# Travel time at depth = 700.00 km.
   1833.2535
   1832.9725
   1832.1302
   1830.7281
   1828.7686
   1826.2551
   1823.1929
   1819.5879
   1815.4481
   1810.7837
   1805.6068
   1799.9326
   1793.7795
   1787.1697
   1780.1293
   1772.6890
   1764.8838
   1756.7522
   1748.3348
   1739.6731
   1730.8069
   1721.7728
   1712.6033
   1703.3262
   1693.9645
   1684.5374
   1675.0604
   1665.5463
   1656.0052
   1646.4460
   1636.8757
# Modelling error(s)
   1   1
#
   2.700
#@(#)        iasp91.PKKPdf     2.1     06/06/96
