# IASPEI travel-time table for phase: PKKSbc  
 14   Number of depth samples at the following depths (km):
    0.00   15.00   35.00   50.00   75.00  100.00  150.00  200.00  250.00  300.00
  400.00  500.00  600.00  700.00
 23   Number of distance samples at the following distances (deg):
   78.00   81.00   84.00   87.00   90.00   93.00   96.00   99.00  102.00  105.00
  108.00  111.00  114.00  117.00  120.00  123.00  126.00  129.00  132.00  135.00
  138.00  141.00  144.00
# Travel time at depth =   0.00 km.
   2078.6184
   2072.2583
   2065.6719
   2058.8628
   2051.8259
   2044.5592
   2037.0609
   2029.3282
   2021.3582
   2013.1477
   2004.6937
   1995.9915
   1987.0354
   1977.8219
   1968.3457
   1958.6001
   1948.5776
   1938.2699
   1927.6663
   1916.7534
   1905.5133
   1893.9199
   1881.9298
# Travel time at depth =  15.00 km.
   2076.0476
   2069.6885
   2063.1033
   2056.2954
   2049.2598
   2041.9944
   2034.4976
   2026.7664
   2018.7977
   2010.5887
   2002.1365
   1993.4359
   1984.4818
   1975.2701
   1965.7959
   1956.0524
   1946.0322
   1935.7268
   1925.1257
   1914.2156
   1902.9786
   1891.3885
   1879.4026
# Travel time at depth =  35.00 km.
   2072.9001
   2066.5430
   2059.9595
   2053.1533
   2046.1196
   2038.8561
   2031.3612
   2023.6321
   2015.6658
   2007.4591
   1999.0093
   1990.3113
   1981.3597
   1972.1508
   1962.6794
   1952.9391
   1942.9222
   1932.6204
   1922.0231
   1911.1169
   1899.8844
   1888.2994
   1876.3195
# Travel time at depth =  50.00 km.
   2071.0562
   2064.7007
   2058.1187
   2051.3142
   2044.2823
   2037.0208
   2029.5278
   2021.8008
   2013.8364
   2005.6321
   1997.1844
   1988.4890
   1979.5400
   1970.3337
   1960.8654
   1951.1279
   1941.1143
   1930.8158
   1920.2220
   1909.3199
   1898.0917
   1886.5116
   1874.5375
# Travel time at depth =  75.00 km.
   2067.9841
   2061.6311
   2055.0520
   2048.2505
   2041.2216
   2033.9630
   2026.4734
   2018.7498
   2010.7891
   2002.5884
   1994.1448
   1985.4532
   1976.5087
   1967.3070
   1957.8433
   1948.1108
   1938.1025
   1927.8097
   1917.2220
   1906.3265
   1895.1055
   1883.5337
   1871.5693
# Travel time at depth = 100.00 km.
   2064.9133
   2058.5632
   2051.9868
   2045.1882
   2038.1622
   2030.9069
   2023.4205
   2015.7003
   2007.7433
   1999.5463
   1991.1066
   1982.4193
   1973.4790
   1964.2819
   1954.8230
   1945.0956
   1935.0927
   1924.8055
   1914.2240
   1903.3351
   1892.1213
   1880.5577
   1868.6033
# Travel time at depth = 150.00 km.
   2058.7944
   2052.4502
   2045.8793
   2039.0865
   2032.0668
   2024.8177
   2017.3381
   2009.6249
   2001.6750
   1993.4857
   1985.0540
   1976.3751
   1967.4436
   1958.2556
   1948.8065
   1939.0895
   1929.0973
   1918.8218
   1908.2527
   1897.3772
   1886.1782
   1874.6312
   1862.6965
# Travel time at depth = 200.00 km.
   2052.7747
   2046.4362
   2039.8708
   2033.0842
   2026.0708
   2018.8284
   2011.3556
   2003.6495
   1995.7073
   1987.5259
   1979.1023
   1970.4320
   1961.5096
   1952.3312
   1942.8921
   1933.1855
   1923.2047
   1912.9410
   1902.3848
   1891.5231
   1880.3392
   1868.8093
   1856.8948
# Travel time at depth = 250.00 km.
   2046.8687
   2040.5363
   2033.9769
   2027.1965
   2020.1897
   2012.9541
   2005.4884
   1997.7898
   1989.8553
   1981.6820
   1973.2668
   1964.6056
   1955.6926
   1946.5240
   1937.0952
   1927.3997
   1917.4303
   1907.1791
   1896.6359
   1885.7885
   1874.6202
   1863.1079
   1851.2141
# Travel time at depth = 300.00 km.
     -1.0000
   2034.7668
   2028.2137
   2021.4397
   2014.4397
   2007.2112
   1999.7529
   1992.0620
   1984.1356
   1975.9706
   1967.5643
   1958.9124
   1950.0090
   1940.8507
   1931.4326
   1921.7484
   1911.7911
   1901.5526
   1891.0231
   1880.1904
   1869.0385
   1857.5443
   1845.6718
# Travel time at depth = 400.00 km.
     -1.0000
   2023.6005
   2017.0604
   2010.2999
   2003.3143
   1996.1008
   1988.6581
   1980.9835
   1973.0741
   1964.9270
   1956.5393
   1947.9069
   1939.0242
   1929.8873
   1920.4918
   1910.8317
   1900.8997
   1890.6881
   1880.1875
   1869.3860
   1858.2679
   1846.8119
   1834.9839
# Travel time at depth = 500.00 km.
     -1.0000
   2013.2322
   2006.7065
   1999.9613
   1992.9916
   1985.7947
   1978.3691
   1970.7128
   1962.8223
   1954.6948
   1946.3278
   1937.7172
   1928.8573
   1919.7443
   1910.3740
   1900.7404
   1890.8365
   1880.6549
   1870.1863
   1859.4192
   1848.3389
   1836.9248
   1825.1455
# Travel time at depth = 600.00 km.
     -1.0000
   2003.2775
   1996.7675
   1990.0383
   1983.0857
   1975.9065
   1968.4996
   1960.8625
   1952.9923
   1944.8861
   1936.5411
   1927.9537
   1919.1184
   1910.0311
   1900.6877
   1891.0825
   1881.2089
   1871.0592
   1860.6248
   1849.8945
   1838.8544
   1827.4850
   1815.7572
# Travel time at depth = 700.00 km.
     -1.0000
   1993.8862
   1987.3933
   1980.6818
   1973.7479
   1966.5883
   1959.2015
   1951.5857
   1943.7375
   1935.6545
   1927.3337
   1918.7719
   1909.9634
   1900.9041
   1891.5902
   1882.0161
   1872.1754
   1862.0609
   1851.6638
   1840.9738
   1829.9773
   1818.6564
   1806.9841
# Modelling error(s)
   1   1
#
   3.500
#@(#)        iasp91.PKKSbc     2.1     06/06/96
