# IASPEI travel-time table for phase: PKKSdf  
 14   Number of depth samples at the following depths (km):
    0.00   15.00   35.00   50.00   75.00  100.00  150.00  200.00  250.00  300.00
  400.00  500.00  600.00  700.00
 40   Number of distance samples at the following distances (deg):
    0.00    4.00    8.00   12.00   16.00   20.00   24.00   28.00   32.00   36.00
   40.00   44.00   48.00   52.00   56.00   60.00   64.00   68.00   72.00   76.00
   80.00   84.00   88.00   92.00   96.00  100.00  104.00  108.00  112.00  116.00
  120.00  124.00  128.00  132.00  136.00  140.00  144.00  148.00  152.00  156.00
# Travel time at depth =   0.00 km.
   2125.0957
   2124.9226
   2124.4045
   2123.5415
   2122.3347
   2120.7849
   2118.8945
   2116.6650
   2114.0996
   2111.2009
   2107.9731
   2104.4207
   2100.5488
   2096.3635
   2091.8723
   2087.0833
   2082.0063
   2076.6523
   2071.0337
   2065.1650
   2059.0618
   2052.7412
   2046.2220
   2039.5233
   2032.6649
   2025.6664
   2018.5463
   2011.3223
   2004.0104
   1996.6246
   1989.1776
   1981.6803
   1974.1416
   1966.5697
   1958.9713
   1951.3522
   1943.7173
   1936.0708
   1928.4165
   1920.7576
# Travel time at depth =  15.00 km.
   2122.5093
   2122.3364
   2121.8184
   2120.9556
   2119.7488
   2118.1995
   2116.3091
   2114.0801
   2111.5149
   2108.6169
   2105.3894
   2101.8376
   2097.9661
   2093.7815
   2089.2908
   2084.5024
   2079.4260
   2074.0728
   2068.4548
   2062.5867
   2056.4841
   2050.1641
   2043.6454
   2036.9473
   2030.0894
   2023.0912
   2015.9714
   2008.7478
   2001.4360
   1994.0505
   1986.6038
   1979.1064
   1971.5680
   1963.9962
   1956.3979
   1948.7788
   1941.1439
   1933.4976
   1925.8433
   1918.1843
# Travel time at depth =  35.00 km.
   2119.3396
   2119.1670
   2118.6489
   2117.7861
   2116.5798
   2115.0308
   2113.1409
   2110.9124
   2108.3477
   2105.4502
   2102.2236
   2098.6724
   2094.8018
   2090.6179
   2086.1282
   2081.3406
   2076.2651
   2070.9128
   2065.2959
   2059.4287
   2053.3269
   2047.0078
   2040.4899
   2033.7925
   2026.9352
   2019.9376
   2012.8184
   2005.5952
   1998.2838
   1990.8987
   1983.4521
   1975.9551
   1968.4167
   1960.8451
   1953.2469
   1945.6279
   1937.9932
   1930.3468
   1922.6925
   1915.0336
# Travel time at depth =  50.00 km.
   2117.4741
   2117.3013
   2116.7834
   2115.9209
   2114.7148
   2113.1660
   2111.2766
   2109.0486
   2106.4844
   2103.5876
   2100.3616
   2096.8110
   2092.9412
   2088.7583
   2084.2693
   2079.4827
   2074.4082
   2069.0566
   2063.4404
   2057.5742
   2051.4734
   2045.1550
   2038.6379
   2031.9412
   2025.0846
   2018.0875
   2010.9689
   2003.7460
   1996.4351
   1989.0502
   1981.6040
   1974.1071
   1966.5690
   1958.9974
   1951.3994
   1943.7805
   1936.1458
   1928.4994
   1920.8452
   1913.1863
# Travel time at depth =  75.00 km.
   2114.3660
   2114.1934
   2113.6755
   2112.8135
   2111.6077
   2110.0596
   2108.1707
   2105.9434
   2103.3801
   2100.4841
   2097.2593
   2093.7100
   2089.8413
   2085.6597
   2081.1724
   2076.3872
   2071.3140
   2065.9639
   2060.3494
   2054.4846
   2048.3853
   2042.0684
   2035.5525
   2028.8569
   2022.0013
   2015.0052
   2007.8875
   2000.6654
   1993.3550
   1985.9707
   1978.5249
   1971.0283
   1963.4905
   1955.9193
   1948.3214
   1940.7026
   1933.0680
   1925.4218
   1917.7675
   1910.1086
# Travel time at depth = 100.00 km.
   2111.2590
   2111.0862
   2110.5688
   2109.7068
   2108.5015
   2106.9539
   2105.0659
   2102.8394
   2100.2771
   2097.3821
   2094.1582
   2090.6101
   2086.7429
   2082.5625
   2078.0764
   2073.2927
   2068.2212
   2062.8728
   2057.2598
   2051.3962
   2045.2983
   2038.9829
   2032.4683
   2025.7739
   2018.9196
   2011.9244
   2004.8074
   1997.5861
   1990.2764
   1982.8925
   1975.4471
   1967.9510
   1960.4135
   1952.8424
   1945.2448
   1937.6261
   1929.9916
   1922.3453
   1914.6913
   1907.0325
# Travel time at depth = 150.00 km.
   2105.0664
   2104.8940
   2104.3770
   2103.5156
   2102.3110
   2100.7646
   2098.8779
   2096.6528
   2094.0925
   2091.1995
   2087.9780
   2084.4324
   2080.5676
   2076.3901
   2071.9070
   2067.1262
   2062.0576
   2056.7122
   2051.1023
   2045.2421
   2039.1470
   2032.8344
   2026.3224
   2019.6305
   2012.7782
   2005.7850
   1998.6698
   1991.4500
   1984.1415
   1976.7588
   1969.3142
   1961.8188
   1954.2819
   1946.7114
   1939.1140
   1931.4957
   1923.8615
   1916.2155
   1908.5614
   1900.9026
# Travel time at depth = 200.00 km.
   2098.9707
   2098.7983
   2098.2815
   2097.4209
   2096.2173
   2094.6721
   2092.7866
   2090.5635
   2088.0049
   2085.1140
   2081.8948
   2078.3516
   2074.4895
   2070.3149
   2065.8345
   2061.0571
   2055.9917
   2050.6494
   2045.0426
   2039.1854
   2033.0935
   2026.7837
   2020.2745
   2013.5851
   2006.7351
   1999.7440
   1992.6305
   1985.4122
   1978.1051
   1970.7235
   1963.2799
   1955.7853
   1948.2489
   1940.6790
   1933.0820
   1925.4640
   1917.8300
   1910.1841
   1902.5302
   1894.8715
# Travel time at depth = 250.00 km.
   2092.9863
   2092.8140
   2092.2976
   2091.4377
   2090.2351
   2088.6909
   2086.8071
   2084.5854
   2082.0288
   2079.1401
   2075.9233
   2072.3826
   2068.5234
   2064.3518
   2059.8745
   2055.1001
   2050.0381
   2044.6991
   2039.0956
   2033.2417
   2027.1528
   2020.8461
   2014.3397
   2007.6530
   2000.8054
   1993.8164
   1986.7047
   1979.4880
   1972.1823
   1964.8018
   1957.3591
   1949.8654
   1942.3296
   1934.7601
   1927.1636
   1919.5459
   1911.9121
   1904.2665
   1896.6127
   1888.9540
# Travel time at depth = 300.00 km.
   2087.1292
   2086.9570
   2086.4412
   2085.5818
   2084.3801
   2082.8374
   2080.9548
   2078.7351
   2076.1804
   2073.2939
   2070.0796
   2066.5417
   2062.6853
   2058.5166
   2054.0427
   2049.2717
   2044.2129
   2038.8773
   2033.2773
   2027.4268
   2021.3412
   2015.0376
   2008.5342
   2001.8501
   1995.0050
   1988.0182
   1980.9084
   1973.6934
   1966.3890
   1959.0098
   1951.5681
   1944.0752
   1936.5402
   1928.9712
   1921.3751
   1913.7578
   1906.1241
   1898.4786
   1890.8250
   1883.1664
# Travel time at depth = 400.00 km.
   2075.7776
   2075.6057
   2075.0908
   2074.2329
   2073.0334
   2071.4932
   2069.6138
   2067.3977
   2064.8474
   2061.9658
   2058.7566
   2055.2244
   2051.3740
   2047.2118
   2042.7446
   2037.9805
   2032.9290
   2027.6006
   2022.0078
   2016.1644
   2010.0858
   2003.7888
   1997.2916
   1990.6134
   1983.7734
   1976.7913
   1969.6857
   1962.4741
   1955.1729
   1947.7960
   1940.3566
   1932.8654
   1925.3318
   1917.7640
   1910.1688
   1902.5522
   1894.9192
   1887.2740
   1879.6206
   1871.9622
# Travel time at depth = 500.00 km.
   2065.2043
   2065.0330
   2064.5188
   2063.6626
   2062.4653
   2060.9280
   2059.0522
   2056.8403
   2054.2944
   2051.4182
   2048.2148
   2044.6888
   2040.8453
   2036.6902
   2032.2303
   2027.4740
   2022.4304
   2017.1102
   2011.5255
   2005.6901
   1999.6191
   1993.3295
   1986.8392
   1980.1674
   1973.3333
   1966.3563
   1959.2552
   1952.0477
   1944.7498
   1937.3759
   1929.9388
   1922.4496
   1914.9176
   1907.3512
   1899.7571
   1892.1412
   1884.5088
   1876.8641
   1869.2109
   1861.5526
# Travel time at depth = 600.00 km.
   2055.0300
   2054.8589
   2054.3459
   2053.4915
   2052.2966
   2050.7625
   2048.8904
   2046.6827
   2044.1421
   2041.2714
   2038.0742
   2034.5549
   2030.7186
   2026.5712
   2022.1195
   2017.3715
   2012.3363
   2007.0248
   2001.4486
   1995.6217
   1989.5591
   1983.2775
   1976.7947
   1970.1298
   1963.3020
   1956.3307
   1949.2345
   1942.0312
   1934.7371
   1927.3662
   1919.9318
   1912.4447
   1904.9144
   1897.3494
   1889.7565
   1882.1415
   1874.5098
   1866.8656
   1859.2128
   1851.5546
# Travel time at depth = 700.00 km.
   2045.3993
   2045.2285
   2044.7167
   2043.8641
   2042.6719
   2041.1410
   2039.2731
   2037.0703
   2034.5352
   2031.6705
   2028.4802
   2024.9683
   2021.1399
   2017.0007
   2012.5577
   2007.8188
   2002.7931
   1997.4908
   1991.9243
   1986.1067
   1980.0532
   1973.7803
   1967.3058
   1960.6484
   1953.8276
   1946.8625
   1939.7719
   1932.5734
   1925.2831
   1917.9158
   1910.4841
   1902.9994
   1895.4712
   1887.9077
   1880.3160
   1872.7020
   1865.0710
   1857.4274
   1849.7749
   1842.1169
# Modelling error(s)
   1   1
#
   3.200
#@(#)        iasp91.PKKSdf     2.1     06/06/96
