# IASPEI travel-time table for phase: PKPdf   
 14   Number of depth samples at the following depths (km):
    0.00   15.00   35.00   50.00   75.00  100.00  150.00  200.00  250.00  300.00
  400.00  500.00  600.00  700.00
 34   Number of distance samples at the following distances (deg):
  114.00  116.00  118.00  120.00  122.00  124.00  126.00  128.00  130.00  132.00
  134.00  136.00  138.00  140.00  142.00  144.00  146.00  148.00  150.00  152.00
  154.00  156.00  158.00  160.00  162.00  164.00  166.00  168.00  170.00  172.00
  174.00  176.00  178.00  180.00
# Travel time at depth =   0.00 km.
   1120.8385
   1124.6686
   1128.4971
   1132.3226
   1136.1432
   1139.9569
   1143.7614
   1147.5537
   1151.3303
   1155.0874
   1158.8199
   1162.5217
   1166.1858
   1169.8031
   1173.3634
   1176.8545
   1180.2623
   1183.5714
   1186.7650
   1189.8264
   1192.7388
   1195.4866
   1198.0557
   1200.4336
   1202.6100
   1204.5759
   1206.3242
   1207.8492
   1209.1462
   1210.2118
   1211.0432
   1211.6384
   1211.9960
   1212.1154
# Travel time at depth =  15.00 km.
   1118.2653
   1122.0953
   1125.9238
   1129.7493
   1133.5698
   1137.3835
   1141.1879
   1144.9801
   1148.7567
   1152.5135
   1156.2458
   1159.9475
   1163.6112
   1167.2283
   1170.7882
   1174.2788
   1177.6860
   1180.9945
   1184.1875
   1187.2480
   1190.1597
   1192.9066
   1195.4749
   1197.8519
   1200.0275
   1201.9927
   1203.7404
   1205.2648
   1206.5613
   1207.6263
   1208.4574
   1209.0524
   1209.4098
   1209.5292
# Travel time at depth =  35.00 km.
   1115.1145
   1118.9446
   1122.7731
   1126.5985
   1130.4191
   1134.2327
   1138.0369
   1141.8290
   1145.6053
   1149.3621
   1153.0941
   1156.7954
   1160.4587
   1164.0753
   1167.6346
   1171.1245
   1174.5310
   1177.8385
   1181.0304
   1184.0900
   1187.0004
   1189.7461
   1192.3131
   1194.6890
   1196.8634
   1198.8275
   1200.5741
   1202.0977
   1203.3934
   1204.4579
   1205.2885
   1205.8829
   1206.2402
   1206.3595
# Travel time at depth =  50.00 km.
   1113.2672
   1117.0973
   1120.9258
   1124.7511
   1128.5715
   1132.3851
   1136.1892
   1139.9812
   1143.7574
   1147.5139
   1151.2457
   1154.9467
   1158.6096
   1162.2257
   1165.7845
   1169.2738
   1172.6794
   1175.9861
   1179.1770
   1182.2355
   1185.1448
   1187.8893
   1190.4551
   1192.8298
   1195.0032
   1196.9662
   1198.7119
   1200.2345
   1201.5295
   1202.5935
   1203.4235
   1204.0177
   1204.3748
   1204.4939
# Travel time at depth =  75.00 km.
   1110.1896
   1114.0197
   1117.8481
   1121.6733
   1125.4938
   1129.3071
   1133.1111
   1136.9028
   1140.6788
   1144.4349
   1148.1663
   1151.8667
   1155.5291
   1159.1444
   1162.7023
   1166.1903
   1169.5947
   1172.8999
   1176.0892
   1179.1458
   1182.0532
   1184.7958
   1187.3596
   1189.7324
   1191.9038
   1193.8651
   1195.6093
   1197.1305
   1198.4243
   1199.4872
   1200.3164
   1200.9100
   1201.2667
   1201.3857
# Travel time at depth = 100.00 km.
   1107.1134
   1110.9434
   1114.7719
   1118.5970
   1122.4174
   1126.2306
   1130.0344
   1133.8259
   1137.6016
   1141.3574
   1145.0883
   1148.7882
   1152.4498
   1156.0643
   1159.6212
   1163.1083
   1166.5114
   1169.8149
   1173.0026
   1176.0574
   1178.9629
   1181.7035
   1184.2654
   1186.6362
   1188.8058
   1190.7653
   1192.5078
   1194.0276
   1195.3201
   1196.3820
   1197.2103
   1197.8035
   1198.1598
   1198.2787
# Travel time at depth = 150.00 km.
   1100.9835
   1104.8136
   1108.6418
   1112.4670
   1116.2871
   1120.1001
   1123.9036
   1127.6946
   1131.4697
   1135.2247
   1138.9547
   1142.6536
   1146.3138
   1149.9268
   1153.4817
   1156.9664
   1160.3668
   1163.6675
   1166.8517
   1169.9028
   1172.8043
   1175.5410
   1178.0988
   1180.4657
   1182.6315
   1184.5874
   1186.3267
   1187.8435
   1189.1335
   1190.1932
   1191.0200
   1191.6119
   1191.9675
   1192.0863
# Travel time at depth = 200.00 km.
   1094.9524
   1098.7823
   1102.6106
   1106.4355
   1110.2555
   1114.0681
   1117.8712
   1121.6617
   1125.4363
   1129.1907
   1132.9197
   1136.6174
   1140.2764
   1143.8876
   1147.4404
   1150.9229
   1154.3204
   1157.6179
   1160.7987
   1163.8459
   1166.7435
   1169.4760
   1172.0295
   1174.3925
   1176.5542
   1178.5065
   1180.2424
   1181.7563
   1183.0438
   1184.1013
   1184.9264
   1185.5171
   1185.8719
   1185.9905
# Travel time at depth = 250.00 km.
   1089.0349
   1092.8649
   1096.6930
   1100.5178
   1104.3375
   1108.1499
   1111.9526
   1115.7427
   1119.5166
   1123.2701
   1126.9983
   1130.6947
   1134.3522
   1137.9617
   1141.5126
   1144.9924
   1148.3872
   1151.6813
   1154.8584
   1157.9019
   1160.7952
   1163.5233
   1166.0726
   1168.4313
   1170.5890
   1172.5376
   1174.2700
   1175.7808
   1177.0656
   1178.1210
   1178.9443
   1179.5337
   1179.8878
   1180.0060
# Travel time at depth = 300.00 km.
   1083.2474
   1087.0773
   1090.9054
   1094.7300
   1098.5494
   1102.3616
   1106.1638
   1109.9534
   1113.7267
   1117.4794
   1121.2064
   1124.9017
   1128.5577
   1132.1653
   1135.7140
   1139.1913
   1142.5830
   1145.8738
   1149.0471
   1152.0864
   1154.9755
   1157.6991
   1160.2440
   1162.5983
   1164.7518
   1166.6964
   1168.4253
   1169.9329
   1171.2150
   1172.2681
   1173.0895
   1173.6776
   1174.0310
   1174.1489
# Travel time at depth = 400.00 km.
   1072.0432
   1075.8730
   1079.7008
   1083.5251
   1087.3441
   1091.1556
   1094.9570
   1098.7455
   1102.5173
   1106.2683
   1109.9932
   1113.6858
   1117.3385
   1120.9423
   1124.4863
   1127.9580
   1131.3434
   1134.6270
   1137.7922
   1140.8228
   1143.7026
   1146.4169
   1148.9524
   1151.2974
   1153.4421
   1155.3785
   1157.0999
   1158.6007
   1159.8770
   1160.9253
   1161.7429
   1162.3284
   1162.6801
   1162.7974
# Travel time at depth = 500.00 km.
   1061.6337
   1065.4634
   1069.2910
   1073.1150
   1076.9333
   1080.7440
   1084.5444
   1088.3317
   1092.1019
   1095.8510
   1099.5734
   1103.2629
   1106.9121
   1110.5114
   1114.0502
   1117.5157
   1120.8939
   1124.1693
   1127.3257
   1130.3466
   1133.2162
   1135.9200
   1138.4451
   1140.7799
   1142.9149
   1144.8423
   1146.5553
   1148.0488
   1149.3186
   1150.3616
   1151.1752
   1151.7574
   1152.1073
   1152.2241
# Travel time at depth = 600.00 km.
   1051.6356
   1055.4652
   1059.2926
   1063.1161
   1066.9338
   1070.7437
   1074.5431
   1078.3289
   1082.0973
   1085.8441
   1089.5640
   1093.2502
   1096.8954
   1100.4899
   1104.0229
   1107.4818
   1110.8522
   1114.1188
   1117.2654
   1120.2759
   1123.1346
   1125.8273
   1128.3412
   1130.6650
   1132.7897
   1134.7073
   1136.4115
   1137.8972
   1139.1603
   1140.1975
   1141.0066
   1141.5858
   1141.9337
   1142.0499
# Travel time at depth = 700.00 km.
   1042.1980
   1046.0275
   1049.8545
   1053.6775
   1057.4946
   1061.3035
   1065.1017
   1068.8859
   1072.6523
   1076.3969
   1080.1136
   1083.7963
   1087.4369
   1091.0260
   1094.5527
   1098.0040
   1101.3660
   1104.6228
   1107.7588
   1110.7577
   1113.6045
   1116.2849
   1118.7866
   1121.0988
   1123.2120
   1125.1191
   1126.8137
   1128.2909
   1129.5466
   1130.5778
   1131.3821
   1131.9578
   1132.3036
   1132.4191
# Modelling error(s)
   6   1
	114.0	126.0	134.0	142.0	150.0	180.0
#
	1.0
	1.0	
	2.0
	5.4
	1.5
	1.5
#%Z%        %M%     %I%     %G%
