# IASPEI travel-time table for phase: P'P'ab  
 14   Number of depth samples at the following depths (km):
    0.00   15.00   35.00   50.00   75.00  100.00  150.00  200.00  250.00  300.00
  400.00  500.00  600.00  700.00
 33   Number of distance samples at the following distances (deg):
    7.00    9.00   11.00   13.00   15.00   17.00   19.00   21.00   23.00   25.00
   27.00   29.00   31.00   33.00   35.00   37.00   39.00   41.00   43.00   45.00
   47.00   49.00   51.00   53.00   55.00   57.00   59.00   61.00   63.00   65.00
   67.00   69.00   71.00
# Travel time at depth =   0.00 km.
   2626.2144
   2617.3369
   2608.4604
   2599.5859
   2590.7144
   2581.8464
   2572.9836
   2564.1265
   2555.2766
   2546.4348
   2537.6028
   2528.7820
   2519.9736
   2511.1799
   2502.4023
   2493.6428
   2484.9041
   2476.1880
   2467.4976
   2458.8357
   2450.2058
   2441.6118
   2433.0579
   2424.5488
   2416.0913
   2407.6914
   2399.3582
   2391.1018
   2382.9368
   2374.8821
   2366.9658
   2359.2368
     -1.0000
# Travel time at depth =  15.00 km.
   2623.6985
   2614.8210
   2605.9446
   2597.0701
   2588.1985
   2579.3306
   2570.4675
   2561.6104
   2552.7603
   2543.9185
   2535.0862
   2526.2651
   2517.4568
   2508.6626
   2499.8848
   2491.1250
   2482.3857
   2473.6694
   2464.9785
   2456.3162
   2447.6858
   2439.0911
   2430.5366
   2422.0269
   2413.5684
   2405.1677
   2396.8333
   2388.5759
   2380.4092
   2372.3528
   2364.4343
   2356.7021
     -1.0000
# Travel time at depth =  35.00 km.
   2620.6321
   2611.7546
   2602.8782
   2594.0037
   2585.1318
   2576.2639
   2567.4006
   2558.5435
   2549.6931
   2540.8511
   2532.0186
   2523.1973
   2514.3884
   2505.5940
   2496.8159
   2488.0557
   2479.3159
   2470.5989
   2461.9075
   2453.2444
   2444.6133
   2436.0178
   2427.4622
   2418.9514
   2410.4917
   2402.0896
   2393.7537
   2385.4944
   2377.3257
   2369.2666
   2361.3447
   2353.6079
     -1.0000
# Travel time at depth =  50.00 km.
   2618.8667
   2609.9893
   2601.1128
   2592.2380
   2583.3662
   2574.4983
   2565.6348
   2556.7773
   2547.9270
   2539.0847
   2530.2520
   2521.4304
   2512.6213
   2503.8267
   2495.0479
   2486.2874
   2477.5471
   2468.8296
   2460.1375
   2451.4736
   2442.8418
   2434.2454
   2425.6890
   2417.1772
   2408.7163
   2400.3127
   2391.9753
   2383.7144
   2375.5435
   2367.4817
   2359.5569
   2351.8157
     -1.0000
# Travel time at depth =  75.00 km.
   2615.9265
   2607.0488
   2598.1724
   2589.2976
   2580.4258
   2571.5574
   2562.6938
   2553.8362
   2544.9856
   2536.1428
   2527.3098
   2518.4878
   2509.6782
   2500.8828
   2492.1035
   2483.3423
   2474.6011
   2465.8826
   2457.1895
   2448.5247
   2439.8916
   2431.2937
   2422.7356
   2414.2222
   2405.7593
   2397.3535
   2389.0134
   2380.7495
   2372.5752
   2364.5093
   2356.5791
   2348.8306
     -1.0000
# Travel time at depth = 100.00 km.
   2612.9888
   2604.1113
   2595.2346
   2586.3599
   2577.4878
   2568.6194
   2559.7556
   2550.8977
   2542.0466
   2533.2036
   2524.3704
   2515.5476
   2506.7375
   2497.9417
   2489.1616
   2480.3997
   2471.6577
   2462.9382
   2454.2441
   2445.5784
   2436.9438
   2428.3447
   2419.7849
   2411.2698
   2402.8047
   2394.3967
   2386.0542
   2377.7871
   2369.6094
   2361.5393
   2353.6038
   2345.8479
   2338.3960
# Travel time at depth = 150.00 km.
   2607.1406
   2598.2629
   2589.3862
   2580.5112
   2571.6389
   2562.7703
   2553.9062
   2545.0476
   2536.1960
   2527.3525
   2518.5181
   2509.6948
   2500.8835
   2492.0864
   2483.3052
   2474.5415
   2465.7981
   2457.0769
   2448.3806
   2439.7124
   2431.0752
   2422.4731
   2413.9104
   2405.3916
   2396.9226
   2388.5100
   2380.1624
   2371.8894
   2363.7043
   2355.6257
   2347.6797
   2339.9092
   2332.4258
# Travel time at depth = 200.00 km.
   2601.4006
   2592.5229
   2583.6462
   2574.7710
   2565.8984
   2557.0295
   2548.1648
   2539.3059
   2530.4536
   2521.6094
   2512.7742
   2503.9500
   2495.1377
   2486.3394
   2477.5566
   2468.7915
   2460.0464
   2451.3232
   2442.6248
   2433.9541
   2425.3145
   2416.7095
   2408.1433
   2399.6208
   2391.1477
   2382.7307
   2374.3774
   2366.0984
   2357.9062
   2349.8188
   2341.8618
   2334.0767
   2326.5645
# Travel time at depth = 250.00 km.
     -1.0000
   2586.9077
   2578.0308
   2569.1555
   2560.2827
   2551.4133
   2542.5483
   2533.6887
   2524.8359
   2515.9907
   2507.1548
   2498.3296
   2489.5161
   2480.7166
   2471.9326
   2463.1658
   2454.4189
   2445.6938
   2436.9932
   2428.3201
   2419.6777
   2411.0698
   2402.5002
   2393.9739
   2385.4966
   2377.0747
   2368.7161
   2360.4307
   2352.2312
   2344.1348
   2336.1667
   2328.3667
   2320.8271
# Travel time at depth = 300.00 km.
     -1.0000
   2581.4346
   2572.5576
   2563.6821
   2554.8091
   2545.9392
   2537.0740
   2528.2139
   2519.3604
   2510.5146
   2501.6777
   2492.8513
   2484.0369
   2475.2361
   2466.4504
   2457.6824
   2448.9333
   2440.2063
   2431.5034
   2422.8279
   2414.1829
   2405.5715
   2396.9985
   2388.4685
   2379.9866
   2371.5598
   2363.1956
   2354.9036
   2346.6963
   2338.5911
   2330.6116
   2322.7964
   2315.2302
# Travel time at depth = 400.00 km.
     -1.0000
   2570.8987
   2562.0215
   2553.1455
   2544.2720
   2535.4016
   2526.5352
   2517.6741
   2508.8191
   2499.9719
   2491.1333
   2482.3047
   2473.4878
   2464.6843
   2455.8958
   2447.1240
   2438.3713
   2429.6401
   2420.9326
   2412.2517
   2403.6006
   2394.9829
   2386.4026
   2377.8643
   2369.3730
   2360.9358
   2352.5598
   2344.2542
   2336.0312
   2327.9067
   2319.9038
   2312.0576
   2304.4407
# Travel time at depth = 500.00 km.
     -1.0000
   2561.2378
   2552.3604
   2543.4841
   2534.6101
   2525.7388
   2516.8716
   2508.0090
   2499.1528
   2490.3037
   2481.4631
   2472.6323
   2463.8130
   2455.0063
   2446.2146
   2437.4390
   2428.6821
   2419.9460
   2411.2334
   2402.5466
   2393.8892
   2385.2642
   2376.6755
   2368.1282
   2359.6270
   2351.1782
   2342.7893
   2334.4688
   2326.2283
   2318.0833
   2310.0549
   2302.1758
   2294.5076
# Travel time at depth = 600.00 km.
     -1.0000
   2552.0498
   2543.1721
   2534.2957
   2525.4209
   2516.5488
   2507.6807
   2498.8169
   2489.9592
   2481.1084
   2472.2656
   2463.4324
   2454.6104
   2445.8005
   2437.0051
   2428.2256
   2419.4644
   2410.7234
   2402.0049
   2393.3120
   2384.6475
   2376.0149
   2367.4177
   2358.8608
   2350.3489
   2341.8879
   2333.4851
   2325.1489
   2316.8901
   2308.7234
   2300.6685
   2292.7554
   2285.0371
# Travel time at depth = 700.00 km.
     -1.0000
     -1.0000
   2534.6311
   2525.7542
   2516.8789
   2508.0061
   2499.1367
   2490.2717
   2481.4124
   2472.5596
   2463.7146
   2454.8789
   2446.0537
   2437.2405
   2428.4412
   2419.6575
   2410.8914
   2402.1448
   2393.4204
   2384.7207
   2376.0488
   2367.4077
   2358.8013
   2350.2339
   2341.7102
   2333.2361
   2324.8184
   2316.4651
   2308.1868
   2299.9966
   2291.9136
   2283.9646
   2276.1963
# Modelling error(s)
   1   1
#
   3.000
#@(#)        iasp91.PKP2ab     2.1     06/06/96
