# IASPEI travel-time table for phase: P'P'df  
 14   Number of depth samples at the following depths (km):
    0.00   15.00   35.00   50.00   75.00  100.00  150.00  200.00  250.00  300.00
  400.00  500.00  600.00  700.00
 34   Number of distance samples at the following distances (deg):
    0.00    4.00    8.00   12.00   16.00   20.00   24.00   28.00   32.00   36.00
   40.00   44.00   48.00   52.00   56.00   60.00   64.00   68.00   72.00   76.00
   80.00   84.00   88.00   92.00   96.00  100.00  104.00  108.00  112.00  116.00
  120.00  124.00  128.00  132.00
# Travel time at depth =   0.00 km.
   2424.2307
   2423.9919
   2423.2769
   2422.0864
   2420.4236
   2418.2925
   2415.6985
   2412.6484
   2409.1519
   2405.2200
   2400.8672
   2396.1113
   2390.9731
   2385.4775
   2379.6528
   2373.5300
   2367.1428
   2360.5247
   2353.7090
   2346.7268
   2339.6062
   2332.3716
   2325.0435
   2317.6399
   2310.1748
   2302.6606
   2295.1074
   2287.5227
   2279.9138
   2272.2864
   2264.6453
   2256.9941
   2249.3372
   2241.6770
# Travel time at depth =  15.00 km.
   2421.6445
   2421.4058
   2420.6907
   2419.5005
   2417.8381
   2415.7075
   2413.1140
   2410.0645
   2406.5686
   2402.6375
   2398.2856
   2393.5305
   2388.3933
   2382.8984
   2377.0745
   2370.9524
   2364.5659
   2357.9485
   2351.1333
   2344.1516
   2337.0315
   2329.7969
   2322.4692
   2315.0657
   2307.6011
   2300.0872
   2292.5337
   2284.9492
   2277.3406
   2269.7131
   2262.0718
   2254.4209
   2246.7639
   2239.1038
# Travel time at depth =  35.00 km.
   2418.4749
   2418.2363
   2417.5212
   2416.3315
   2414.6697
   2412.5396
   2409.9468
   2406.8984
   2403.4033
   2399.4734
   2395.1226
   2390.3687
   2385.2327
   2379.7390
   2373.9163
   2367.7954
   2361.4099
   2354.7932
   2347.9790
   2340.9980
   2333.8784
   2326.6445
   2319.3171
   2311.9141
   2304.4495
   2296.9358
   2289.3826
   2281.7983
   2274.1895
   2266.5623
   2258.9211
   2251.2703
   2243.6133
   2235.9531
# Travel time at depth =  50.00 km.
   2416.6094
   2416.3708
   2415.6560
   2414.4668
   2412.8052
   2410.6758
   2408.0837
   2405.0361
   2401.5420
   2397.6130
   2393.2634
   2388.5107
   2383.3760
   2377.8835
   2372.0618
   2365.9421
   2359.5574
   2352.9419
   2346.1284
   2339.1479
   2332.0288
   2324.7954
   2317.4685
   2310.0657
   2302.6013
   2295.0879
   2287.5349
   2279.9507
   2272.3420
   2264.7148
   2257.0737
   2249.4229
   2241.7659
   2234.1057
# Travel time at depth =  75.00 km.
   2413.5012
   2413.2627
   2412.5483
   2411.3596
   2409.6990
   2407.5706
   2404.9797
   2401.9336
   2398.4412
   2394.5139
   2390.1660
   2385.4153
   2380.2825
   2374.7920
   2368.9722
   2362.8542
   2356.4712
   2349.8572
   2343.0449
   2336.0657
   2328.9475
   2321.7148
   2314.3884
   2306.9861
   2299.5225
   2292.0093
   2284.4565
   2276.8726
   2269.2642
   2261.6370
   2253.9961
   2246.3452
   2238.6882
   2231.0281
# Travel time at depth = 100.00 km.
   2410.3940
   2410.1558
   2409.4419
   2408.2537
   2406.5938
   2404.4663
   2401.8767
   2398.8320
   2395.3413
   2391.4158
   2387.0698
   2382.3210
   2377.1902
   2371.7017
   2365.8838
   2359.7678
   2353.3865
   2346.7737
   2339.9629
   2332.9846
   2325.8674
   2318.6355
   2311.3101
   2303.9082
   2296.4448
   2288.9319
   2281.3796
   2273.7959
   2266.1875
   2258.5605
   2250.9197
   2243.2690
   2235.6121
   2227.9519
# Travel time at depth = 150.00 km.
   2404.2017
   2403.9636
   2403.2502
   2402.0632
   2400.4053
   2398.2798
   2395.6929
   2392.6509
   2389.1633
   2385.2415
   2380.8994
   2376.1545
   2371.0278
   2365.5435
   2359.7295
   2353.6169
   2347.2390
   2340.6294
   2333.8210
   2326.8452
   2319.7300
   2312.4998
   2305.1753
   2297.7747
   2290.3123
   2282.8000
   2275.2483
   2267.6648
   2260.0571
   2252.4302
   2244.7896
   2237.1389
   2229.4822
   2221.8220
# Travel time at depth = 200.00 km.
   2398.1057
   2397.8679
   2397.1555
   2395.9697
   2394.3132
   2392.1902
   2389.6057
   2386.5669
   2383.0825
   2379.1643
   2374.8264
   2370.0854
   2364.9629
   2359.4827
   2353.6726
   2347.5640
   2341.1897
   2334.5830
   2327.7776
   2320.8042
   2313.6909
   2306.4622
   2299.1394
   2291.7397
   2284.2781
   2276.7668
   2269.2156
   2261.6326
   2254.0251
   2246.3987
   2238.7581
   2231.1077
   2223.4509
   2215.7908
# Travel time at depth = 250.00 km.
   2392.1213
   2391.8838
   2391.1721
   2389.9875
   2388.3328
   2386.2119
   2383.6301
   2380.5945
   2377.1138
   2373.1995
   2368.8652
   2364.1289
   2359.0105
   2353.5344
   2347.7288
   2341.6240
   2335.2532
   2328.6499
   2321.8474
   2314.8765
   2307.7651
   2300.5381
   2293.2168
   2285.8184
   2278.3577
   2270.8472
   2263.2964
   2255.7141
   2248.1069
   2240.4807
   2232.8403
   2225.1902
   2217.5334
   2209.8735
# Travel time at depth = 300.00 km.
   2386.2644
   2386.0271
   2385.3159
   2384.1328
   2382.4800
   2380.3613
   2377.7825
   2374.7498
   2371.2727
   2367.3623
   2363.0325
   2358.3003
   2353.1865
   2347.7151
   2341.9136
   2335.8130
   2329.4460
   2322.8462
   2316.0464
   2309.0781
   2301.9690
   2294.7439
   2287.4238
   2280.0266
   2272.5671
   2265.0571
   2257.5071
   2249.9253
   2242.3186
   2234.6926
   2227.0527
   2219.4026
   2211.7458
   2204.0859
# Travel time at depth = 400.00 km.
   2374.9128
   2374.6760
   2373.9668
   2372.7864
   2371.1375
   2369.0237
   2366.4504
   2363.4248
   2359.9553
   2356.0532
   2351.7324
   2347.0095
   2341.9050
   2336.4431
   2330.6509
   2324.5588
   2318.2000
   2311.6072
   2304.8140
   2297.8508
   2290.7463
   2283.5251
   2276.2083
   2268.8137
   2261.3562
   2253.8481
   2246.2993
   2238.7185
   2231.1128
   2223.4875
   2215.8479
   2208.1980
   2200.5415
   2192.8816
# Travel time at depth = 500.00 km.
   2364.3396
   2364.1035
   2363.3960
   2362.2185
   2360.5740
   2358.4656
   2355.8989
   2352.8806
   2349.4197
   2345.5269
   2341.2158
   2336.5032
   2331.4094
   2325.9578
   2320.1758
   2314.0935
   2307.7434
   2301.1587
   2294.3726
   2287.4155
   2280.3162
   2273.0991
   2265.7859
   2258.3943
   2250.9392
   2243.4329
   2235.8857
   2228.3062
   2220.7014
   2213.0769
   2205.4377
   2197.7883
   2190.1321
   2182.4722
# Travel time at depth = 600.00 km.
   2354.1653
   2353.9297
   2353.2244
   2352.0503
   2350.4102
   2348.3076
   2345.7478
   2342.7378
   2339.2856
   2335.4026
   2331.1023
   2326.4006
   2321.3181
   2315.8779
   2310.1069
   2304.0349
   2297.6946
   2291.1184
   2284.3398
   2277.3894
   2270.2957
   2263.0833
   2255.7739
   2248.3855
   2240.9329
   2233.4287
   2225.8833
   2218.3052
   2210.7012
   2203.0774
   2195.4390
   2187.7898
   2180.1338
   2172.4741
# Travel time at depth = 700.00 km.
   2344.5344
   2344.2998
   2343.5964
   2342.4258
   2340.7905
   2338.6943
   2336.1423
   2333.1409
   2329.6987
   2325.8264
   2321.5376
   2316.8481
   2311.7778
   2306.3501
   2300.5911
   2294.5305
   2288.2007
   2281.6343
   2274.8640
   2267.9207
   2260.8333
   2253.6260
   2246.3208
   2238.9358
   2231.4861
   2223.9844
   2216.4407
   2208.8640
   2201.2612
   2193.6384
   2186.0005
   2178.3518
   2170.6963
   2163.0366
# Modelling error(s)
   1   1
#
   2.700
#@(#)        iasp91.PKP2df     2.1     06/06/96
