# IASPEI travel-time table for phase: P'P'P'df_B (PKP3df_B)
  7   Number of depth samples at the following depths (km):
    0.00   20.00   50.00  100.00  200.00  400.00  700.00
 37   Number of distance samples at the following distances (deg):
    0.00    5.00   10.00   15.00   20.00   25.00   30.00   35.00   40.00   45.00
   50.00   55.00   60.00   65.00   70.00   75.00   80.00   85.00   90.00   95.00
  100.00  105.00  110.00  115.00  120.00  125.00  130.00  135.00  140.00  145.00
  150.00  155.00  160.00  165.00  170.00  175.00  180.00
# Travel time at depth =   0.00 km.
   3396.9678
   3406.5208
   3416.0598
   3425.5815
   3435.0811
   3444.5530
   3453.9912
   3463.3887
   3472.7366
   3482.0254
   3491.2432
   3500.3765
   3509.4094
   3518.3237
   3527.0981
   3535.7095
   3544.1313
   3552.3364
   3560.2952
   3567.9783
   3575.3567
   3582.4028
   3589.0906
   3595.3967
   3601.3010
   3606.7849
   3611.8333
   3616.4329
   3620.5730
   3624.2439
   3627.4390
   3630.1514
   3632.3767
   3634.1113
   3635.3523
   3636.0974
   3636.3462
# Travel time at depth =  20.00 km.
   3393.5369
   3403.0896
   3412.6289
   3422.1504
   3431.6497
   3441.1216
   3450.5598
   3459.9568
   3469.3047
   3478.5933
   3487.8108
   3496.9438
   3505.9763
   3514.8901
   3523.6641
   3532.2749
   3540.6963
   3548.9004
   3556.8584
   3564.5408
   3571.9182
   3578.9634
   3585.6501
   3591.9556
   3597.8589
   3603.3420
   3608.3894
   3612.9883
   3617.1274
   3620.7981
   3623.9922
   3626.7043
   3628.9292
   3630.6636
   3631.9041
   3632.6492
   3632.8979
# Travel time at depth =  50.00 km.
   3389.3965
   3398.9490
   3408.4880
   3418.0095
   3427.5088
   3436.9805
   3446.4182
   3455.8152
   3465.1626
   3474.4507
   3483.6677
   3492.8003
   3501.8320
   3510.7451
   3519.5181
   3528.1277
   3536.5479
   3544.7507
   3552.7073
   3560.3879
   3567.7637
   3574.8071
   3581.4922
   3587.7957
   3593.6973
   3599.1787
   3604.2246
   3608.8220
   3612.9597
   3616.6289
   3619.8223
   3622.5332
   3624.7576
   3626.4910
   3627.7312
   3628.4761
   3628.7249
# Travel time at depth = 100.00 km.
   3383.2424
   3392.7949
   3402.3337
   3411.8550
   3421.3538
   3430.8250
   3440.2625
   3449.6587
   3459.0056
   3468.2927
   3477.5088
   3486.6401
   3495.6707
   3504.5820
   3513.3533
   3521.9609
   3530.3789
   3538.5791
   3546.5330
   3554.2104
   3561.5833
   3568.6233
   3575.3052
   3581.6055
   3587.5037
   3592.9819
   3598.0249
   3602.6194
   3606.7546
   3610.4216
   3613.6128
   3616.3220
   3618.5449
   3620.2773
   3621.5166
   3622.2610
   3622.5095
# Travel time at depth = 200.00 km.
   3371.0808
   3380.6331
   3390.1716
   3399.6921
   3409.1904
   3418.6609
   3428.0972
   3437.4924
   3446.8376
   3456.1233
   3465.3374
   3474.4663
   3483.4941
   3492.4023
   3501.1699
   3509.7732
   3518.1863
   3526.3813
   3534.3293
   3542.0007
   3549.3669
   3556.4001
   3563.0752
   3569.3687
   3575.2603
   3580.7319
   3585.7688
   3590.3574
   3594.4875
   3598.1497
   3601.3364
   3604.0422
   3606.2620
   3607.9922
   3609.2297
   3609.9731
   3610.2212
# Travel time at depth = 400.00 km.
   3348.1707
   3357.7222
   3367.2595
   3376.7791
   3386.2759
   3395.7444
   3405.1787
   3414.5710
   3423.9133
   3433.1951
   3442.4045
   3451.5283
   3460.5498
   3469.4509
   3478.2102
   3486.8040
   3495.2063
   3503.3896
   3511.3247
   3518.9822
   3526.3337
   3533.3521
   3540.0117
   3546.2898
   3552.1665
   3557.6238
   3562.6470
   3567.2229
   3571.3411
   3574.9927
   3578.1702
   3580.8679
   3583.0811
   3584.8059
   3586.0398
   3586.7808
   3587.0283
# Travel time at depth = 700.00 km.
   3318.3232
   3327.8735
   3337.4092
   3346.9263
   3356.4202
   3365.8853
   3375.3152
   3384.7026
   3394.0388
   3403.3132
   3412.5144
   3421.6279
   3430.6377
   3439.5249
   3448.2683
   3456.8442
   3465.2266
   3473.3872
   3481.2979
   3488.9294
   3496.2537
   3503.2437
   3509.8748
   3516.1245
   3521.9731
   3527.4036
   3532.4011
   3536.9531
   3541.0493
   3544.6812
   3547.8413
   3550.5242
   3552.7249
   3554.4399
   3555.6670
   3556.4038
   3556.6499
# Modelling error(s)
   1   1
#
   3.500
#@(#)        iasp91.PKP3df_B     2.1     06/06/96
