# IASPEI travel-time table for phase: PKPab   
 14   Number of depth samples at the following depths (km):
    0.00   15.00   35.00   50.00   75.00  100.00  150.00  200.00  250.00  300.00
  400.00  500.00  600.00  700.00
 32   Number of distance samples at the following distances (deg):
  145.00  146.00  147.00  148.00  149.00  150.00  151.00  152.00  153.00  154.00
  155.00  156.00  157.00  158.00  159.00  160.00  161.00  162.00  163.00  164.00
  165.00  166.00  167.00  168.00  169.00  170.00  171.00  172.00  173.00  174.00
  175.00  176.00
# Travel time at depth =   0.00 km.
   1177.7375
   1181.5366
   1185.4521
   1189.4470
   1193.5034
   1197.6097
   1201.7579
   1205.9418
   1210.1566
   1214.3987
   1218.6647
   1222.9520
   1227.2583
   1231.5814
   1235.9197
   1240.2715
   1244.6354
   1249.0101
   1253.3944
   1257.7875
   1262.1881
   1266.5955
   1271.0088
   1275.4272
   1279.8502
   1284.2771
   1288.7072
   1293.1400
   1297.5748
   1302.0115
   1306.4492
   1310.8877
# Travel time at depth =  15.00 km.
   1175.2004
   1179.0037
   1182.9218
   1186.9187
   1190.9767
   1195.0844
   1199.2336
   1203.4186
   1207.6343
   1211.8771
   1216.1438
   1220.4318
   1224.7385
   1229.0621
   1233.4009
   1237.7531
   1242.1173
   1246.4924
   1250.8771
   1255.2703
   1259.6711
   1264.0787
   1268.4923
   1272.9109
   1277.3340
   1281.7610
   1286.1912
   1290.6240
   1295.0590
   1299.4956
   1303.9333
   1308.3719
# Travel time at depth =  35.00 km.
   1172.1031
   1175.9122
   1179.8342
   1183.8340
   1187.8943
   1192.0040
   1196.1549
   1200.3413
   1204.5582
   1208.8022
   1213.0699
   1217.3588
   1221.6664
   1225.9908
   1230.3302
   1234.6830
   1239.0477
   1243.4232
   1247.8083
   1252.2020
   1256.6031
   1261.0111
   1265.4248
   1269.8438
   1274.2670
   1278.6941
   1283.1245
   1287.5574
   1291.9924
   1296.4292
   1300.8669
   1305.3055
# Travel time at depth =  50.00 km.
   1170.3077
   1174.1226
   1178.0481
   1182.0507
   1186.1133
   1190.2249
   1194.3774
   1198.5652
   1202.7834
   1207.0286
   1211.2972
   1215.5870
   1219.8954
   1224.2205
   1228.5605
   1232.9138
   1237.2792
   1241.6552
   1246.0406
   1250.4347
   1254.8362
   1259.2443
   1263.6583
   1268.0774
   1272.5010
   1276.9282
   1281.3586
   1285.7917
   1290.2269
   1294.6637
   1299.1016
   1303.5402
# Travel time at depth =  75.00 km.
   1167.3180
   1171.1420
   1175.0735
   1179.0807
   1183.1471
   1187.2618
   1191.4171
   1195.6073
   1199.8276
   1204.0746
   1208.3450
   1212.6361
   1216.9459
   1221.2721
   1225.6133
   1229.9675
   1234.3337
   1238.7104
   1243.0967
   1247.4912
   1251.8933
   1256.3020
   1260.7164
   1265.1359
   1269.5597
   1273.9872
   1278.4178
   1282.8512
   1287.2864
   1291.7233
   1296.1613
   1300.5999
# Travel time at depth = 100.00 km.
   1164.3312
   1168.1641
   1172.1016
   1176.1133
   1180.1835
   1184.3014
   1188.4595
   1192.6520
   1196.8744
   1201.1232
   1205.3953
   1209.6879
   1213.9989
   1218.3264
   1222.6686
   1227.0238
   1231.3909
   1235.7683
   1240.1553
   1244.5504
   1248.9530
   1253.3622
   1257.7770
   1262.1969
   1266.6210
   1271.0488
   1275.4797
   1279.9131
   1284.3485
   1288.7855
   1293.2235
   1297.6622
# Travel time at depth = 150.00 km.
   1158.3854
   1162.2356
   1166.1847
   1170.2057
   1174.2833
   1178.4076
   1182.5710
   1186.7683
   1190.9950
   1195.2474
   1199.5228
   1203.8185
   1208.1322
   1212.4620
   1216.8063
   1221.1636
   1225.5323
   1229.9114
   1234.2996
   1238.6960
   1243.0997
   1247.5098
   1251.9255
   1256.3461
   1260.7709
   1265.1992
   1269.6305
   1274.0643
   1278.5000
   1282.9371
   1287.3754
   1291.8141
# Travel time at depth = 200.00 km.
   1152.5475
   1156.4144
   1160.3752
   1164.4054
   1168.4907
   1172.6213
   1176.7903
   1180.9924
   1185.2234
   1189.4796
   1193.7584
   1198.0570
   1202.3734
   1206.7057
   1211.0522
   1215.4114
   1219.7819
   1224.1625
   1228.5521
   1232.9498
   1237.3546
   1241.7657
   1246.1823
   1250.6035
   1255.0289
   1259.4578
   1263.8896
   1268.3237
   1272.7596
   1277.1970
   1281.6354
   1286.0741
# Travel time at depth = 250.00 km.
   1146.8335
   1150.7167
   1154.6893
   1158.7288
   1162.8217
   1166.9589
   1171.1334
   1175.3405
   1179.5757
   1183.8359
   1188.1180
   1192.4198
   1196.7390
   1201.0737
   1205.4225
   1209.7837
   1214.1560
   1218.5382
   1222.9293
   1227.3282
   1231.7341
   1236.1462
   1240.5636
   1244.9856
   1249.4117
   1253.8411
   1258.2733
   1262.7078
   1267.1440
   1271.5815
   1276.0200
   1280.4589
# Travel time at depth = 300.00 km.
   1141.2607
   1145.1599
   1149.1443
   1153.1931
   1157.2938
   1161.4376
   1165.6180
   1169.8301
   1174.0698
   1178.3339
   1182.6196
   1186.9246
   1191.2466
   1195.5839
   1199.9348
   1204.2981
   1208.6722
   1213.0560
   1217.4486
   1221.8489
   1226.2560
   1230.6689
   1235.0873
   1239.5101
   1243.9368
   1248.3667
   1252.7993
   1257.2343
   1261.6707
   1266.1084
   1270.5470
     -1.0000
# Travel time at depth = 400.00 km.
   1130.5217
   1134.4524
   1138.4603
   1142.5283
   1146.6450
   1150.8024
   1154.9945
   1159.2170
   1163.4659
   1167.7383
   1172.0312
   1176.3427
   1180.6705
   1185.0132
   1189.3689
   1193.7363
   1198.1143
   1202.5015
   1206.8971
   1211.3000
   1215.7095
   1220.1245
   1224.5447
   1228.9690
   1233.3970
   1237.8280
   1242.2616
   1246.6971
   1251.1342
   1255.5723
   1260.0109
     -1.0000
# Travel time at depth = 500.00 km.
   1120.6461
   1124.6086
   1128.6414
   1132.7294
   1136.8629
   1141.0349
   1145.2399
   1149.4734
   1153.7323
   1158.0134
   1162.3143
   1166.6329
   1170.9672
   1175.3154
   1179.6763
   1184.0482
   1188.4303
   1192.8212
   1197.2200
   1201.6259
   1206.0377
   1210.4551
   1214.8771
   1219.3031
   1223.7324
   1228.1647
   1232.5991
   1237.0353
   1241.4729
   1245.9113
   1250.3501
     -1.0000
# Travel time at depth = 600.00 km.
   1111.2396
   1115.2333
   1119.2908
   1123.3993
   1127.5502
   1131.7371
   1135.9551
   1140.2003
   1144.4694
   1148.7598
   1153.0688
   1157.3948
   1161.7356
   1166.0897
   1170.4559
   1174.8326
   1179.2189
   1183.6135
   1188.0157
   1192.4246
   1196.8391
   1201.2587
   1205.6826
   1210.1102
   1214.5410
   1218.9742
   1223.4097
   1227.8466
   1232.2845
   1236.7231
     -1.0000
     -1.0000
# Travel time at depth = 700.00 km.
   1102.4714
   1106.4966
   1110.5793
   1114.7090
   1118.8779
   1123.0806
   1127.3124
   1131.5698
   1135.8500
   1140.1499
   1144.4678
   1148.8014
   1153.1493
   1157.5098
   1161.8815
   1166.2632
   1170.6539
   1175.0526
   1179.4583
   1183.8701
   1188.2874
   1192.7094
   1197.1353
   1201.5646
   1205.9968
   1210.4313
   1214.8674
   1219.3049
   1223.7433
   1228.1821
     -1.0000
     -1.0000
# Modelling error(s)
   2   2
	144.0	180.0
	0.0	200.0
#
   1.4
   1.4
#
   1.1
   1.1
#%Z%        %M%     %I%     %G%
