# IASPEI travel-time table for phase: PKSdf   
 14   Number of depth samples at the following depths (km):
    0.00   15.00   35.00   50.00   75.00  100.00  150.00  200.00  250.00  300.00
  400.00  500.00  600.00  700.00
 36   Number of distance samples at the following distances (deg):
  110.00  112.00  114.00  116.00  118.00  120.00  122.00  124.00  126.00  128.00
  130.00  132.00  134.00  136.00  138.00  140.00  142.00  144.00  146.00  148.00
  150.00  152.00  154.00  156.00  158.00  160.00  162.00  164.00  166.00  168.00
  170.00  172.00  174.00  176.00  178.00  180.00
# Travel time at depth =   0.00 km.
   1329.9098
   1333.7393
   1337.5664
   1341.3895
   1345.2069
   1349.0164
   1352.8151
   1356.6003
   1360.3683
   1364.1149
   1367.8350
   1371.5223
   1375.1698
   1378.7692
   1382.3104
   1385.7828
   1389.1740
   1392.4711
   1395.6609
   1398.7301
   1401.6660
   1404.4567
   1407.0914
   1409.5609
   1411.8567
   1413.9718
   1415.9001
   1417.6367
   1419.1774
   1420.5188
   1421.6580
   1422.5929
   1423.3218
   1423.8433
   1424.1566
   1424.2611
# Travel time at depth =  15.00 km.
   1327.3364
   1331.1659
   1334.9930
   1338.8163
   1342.6335
   1346.4429
   1350.2416
   1354.0267
   1357.7946
   1361.5410
   1365.2607
   1368.9480
   1372.5952
   1376.1942
   1379.7351
   1383.2070
   1386.5977
   1389.8942
   1393.0834
   1396.1519
   1399.0870
   1401.8770
   1404.5110
   1406.9797
   1409.2748
   1411.3892
   1413.3168
   1415.0529
   1416.5930
   1417.9338
   1419.0728
   1420.0073
   1420.7358
   1421.2572
   1421.5703
   1421.6749
# Travel time at depth =  35.00 km.
   1324.1858
   1328.0153
   1331.8423
   1335.6654
   1339.4827
   1343.2919
   1347.0905
   1350.8755
   1354.6432
   1358.3893
   1362.1089
   1365.7957
   1369.4425
   1373.0410
   1376.5813
   1380.0525
   1383.4424
   1386.7382
   1389.9264
   1392.9938
   1395.9279
   1398.7168
   1401.3497
   1403.8174
   1406.1113
   1408.2247
   1410.1515
   1411.8866
   1413.4260
   1414.7662
   1415.9044
   1416.8385
   1417.5668
   1418.0878
   1418.4008
   1418.5052
# Travel time at depth =  50.00 km.
   1322.3385
   1326.1678
   1329.9950
   1333.8180
   1337.6353
   1341.4443
   1345.2428
   1349.0276
   1352.7952
   1356.5411
   1360.2604
   1363.9468
   1367.5933
   1371.1913
   1374.7311
   1378.2017
   1381.5908
   1384.8856
   1388.0730
   1391.1394
   1394.0725
   1396.8604
   1399.4923
   1401.9589
   1404.2518
   1406.3643
   1408.2900
   1410.0244
   1411.5630
   1412.9026
   1414.0403
   1414.9739
   1415.7017
   1416.2224
   1416.5353
   1416.6396
# Travel time at depth =  75.00 km.
   1319.2609
   1323.0902
   1326.9172
   1330.7402
   1334.5574
   1338.3663
   1342.1646
   1345.9492
   1349.7164
   1353.4619
   1357.1808
   1360.8667
   1364.5125
   1368.1096
   1371.6484
   1375.1179
   1378.5059
   1381.7993
   1384.9851
   1388.0500
   1390.9813
   1393.7675
   1396.3976
   1398.8624
   1401.1537
   1403.2645
   1405.1888
   1406.9218
   1408.4591
   1409.7975
   1410.9342
   1411.8671
   1412.5944
   1413.1146
   1413.4271
   1413.5315
# Travel time at depth = 100.00 km.
   1316.1846
   1320.0139
   1323.8409
   1327.6638
   1331.4808
   1335.2897
   1339.0878
   1342.8721
   1346.6390
   1350.3842
   1354.1025
   1357.7878
   1361.4330
   1365.0294
   1368.5673
   1372.0356
   1375.4222
   1378.7144
   1381.8986
   1384.9618
   1387.8915
   1390.6758
   1393.3042
   1395.7672
   1398.0569
   1400.1660
   1402.0889
   1403.8203
   1405.3564
   1406.6937
   1407.8295
   1408.7615
   1409.4880
   1410.0079
   1410.3202
   1410.4244
# Travel time at depth = 150.00 km.
   1310.0548
   1313.8840
   1317.7109
   1321.5337
   1325.3505
   1329.1589
   1332.9567
   1336.7405
   1340.5067
   1344.2512
   1347.9685
   1351.6527
   1355.2965
   1358.8912
   1362.4271
   1365.8933
   1369.2773
   1372.5667
   1375.7477
   1378.8076
   1381.7338
   1384.5145
   1387.1393
   1389.5988
   1391.8850
   1393.9908
   1395.9105
   1397.6392
   1399.1727
   1400.5077
   1401.6416
   1402.5719
   1403.2972
   1403.8163
   1404.1279
   1404.2319
# Travel time at depth = 200.00 km.
   1304.0236
   1307.8528
   1311.6796
   1315.5022
   1319.3187
   1323.1268
   1326.9242
   1330.7074
   1334.4730
   1338.2167
   1341.9331
   1345.6161
   1349.2583
   1352.8514
   1356.3854
   1359.8491
   1363.2306
   1366.5168
   1369.6947
   1372.7512
   1375.6737
   1378.4508
   1381.0718
   1383.5277
   1385.8103
   1387.9127
   1389.8293
   1391.5551
   1393.0859
   1394.4186
   1395.5504
   1396.4791
   1397.2031
   1397.7212
   1398.0323
   1398.1361
# Travel time at depth = 250.00 km.
   1298.1061
   1301.9353
   1305.7620
   1309.5844
   1313.4006
   1317.2085
   1321.0054
   1324.7881
   1328.5530
   1332.2958
   1336.0111
   1339.6929
   1343.3336
   1346.9249
   1350.4568
   1353.9181
   1357.2969
   1360.5801
   1363.7546
   1366.8075
   1369.7263
   1372.4995
   1375.1167
   1377.5688
   1379.8477
   1381.9467
   1383.8600
   1385.5826
   1387.1108
   1388.4410
   1389.5708
   1390.4978
   1391.2205
   1391.7375
   1392.0481
   1392.1517
# Travel time at depth = 300.00 km.
   1292.3186
   1296.1477
   1299.9742
   1303.7964
   1307.6124
   1311.4199
   1315.2163
   1318.9985
   1322.7627
   1326.5046
   1330.2189
   1333.8993
   1337.5386
   1341.1279
   1344.6576
   1348.1165
   1351.4923
   1354.7723
   1357.9434
   1360.9926
   1363.9075
   1366.6768
   1369.2899
   1371.7382
   1374.0132
   1376.1085
   1378.0184
   1379.7380
   1381.2633
   1382.5911
   1383.7186
   1384.6439
   1385.3651
   1385.8812
   1386.1912
   1386.2947
# Travel time at depth = 400.00 km.
   1281.1144
   1284.9434
   1288.7695
   1292.5914
   1296.4067
   1300.2135
   1304.0090
   1307.7899
   1311.5526
   1315.2926
   1319.0045
   1322.6823
   1326.3181
   1329.9036
   1333.4285
   1336.8820
   1340.2517
   1343.5250
   1346.6887
   1349.7300
   1352.6367
   1355.3976
   1358.0024
   1360.4423
   1362.7094
   1364.7970
   1366.6997
   1368.4127
   1369.9320
   1371.2545
   1372.3777
   1373.2992
   1374.0175
   1374.5314
   1374.8401
   1374.9431
# Travel time at depth = 500.00 km.
   1270.7048
   1274.5336
   1278.3595
   1282.1809
   1285.9956
   1289.8015
   1293.5958
   1297.3754
   1301.1364
   1304.8743
   1308.5836
   1312.2581
   1315.8901
   1319.4712
   1322.9910
   1326.4384
   1329.8013
   1333.0669
   1336.2224
   1339.2550
   1342.1526
   1344.9042
   1347.4996
   1349.9303
   1352.1886
   1354.2678
   1356.1626
   1357.8683
   1359.3811
   1360.6979
   1361.8159
   1362.7333
   1363.4484
   1363.9600
   1364.2673
   1364.3699
# Travel time at depth = 600.00 km.
   1260.7067
   1264.5353
   1268.3608
   1272.1816
   1275.9957
   1279.8007
   1283.5938
   1287.3718
   1291.1309
   1294.8663
   1298.5729
   1302.2439
   1305.8719
   1309.4480
   1312.9620
   1316.4030
   1319.7585
   1323.0160
   1326.1626
   1329.1858
   1332.0736
   1334.8152
   1337.4006
   1339.8215
   1342.0702
   1344.1405
   1346.0269
   1347.7249
   1349.2306
   1350.5411
   1351.6539
   1352.5669
   1353.2786
   1353.7877
   1354.0935
   1354.1956
# Travel time at depth = 700.00 km.
   1251.2690
   1255.0974
   1258.9226
   1262.7428
   1266.5560
   1270.3600
   1274.1517
   1277.9280
   1281.6849
   1285.4177
   1289.1211
   1292.7883
   1296.4117
   1299.9824
   1303.4901
   1306.9237
   1310.2711
   1313.5197
   1316.6564
   1319.6692
   1322.5464
   1325.2770
   1327.8516
   1330.2618
   1332.5002
   1334.5607
   1336.4379
   1338.1273
   1339.6256
   1340.9294
   1342.0364
   1342.9447
   1343.6526
   1344.1591
   1344.4633
   1344.5648
# Modelling error(s)
   1   1
#
   1.200
#@(#)        iasp91.PKSdf     2.1     06/06/96
