# IASPEI travel-time table for phase: PKSbc   
 14   Number of depth samples at the following depths (km):
    0.00   15.00   35.00   50.00   75.00  100.00  150.00  200.00  250.00  300.00
  400.00  500.00  600.00  700.00
 20   Number of distance samples at the following distances (deg):
  130.00  131.00  132.00  133.00  134.00  135.00  136.00  137.00  138.00  139.00
  140.00  141.00  142.00  143.00  144.00  145.00  146.00  147.00  148.00  149.00
# Travel time at depth =   0.00 km.
   1354.7294
   1358.4563
   1362.0210
   1365.4590
   1368.7859
   1372.0117
   1375.1434
   1378.1864
   1381.1442
   1384.0199
   1386.8169
   1389.5378
   1392.1844
   1394.7584
   1397.2615
   1399.6951
   1402.0601
   1404.3574
   1406.5887
   1408.7559
# Travel time at depth =  15.00 km.
   1352.1956
   1355.9170
   1359.4783
   1362.9133
   1366.2378
   1369.4613
   1372.5911
   1375.6321
   1378.5881
   1381.4622
   1384.2576
   1386.9771
   1389.6223
   1392.1951
   1394.6968
   1397.1292
   1399.4930
   1401.7893
   1404.0197
   1406.1858
# Travel time at depth =  35.00 km.
   1349.1022
   1352.8160
   1356.3722
   1359.8030
   1363.1238
   1366.3441
   1369.4708
   1372.5090
   1375.4625
   1378.3341
   1381.1273
   1383.8447
   1386.4879
   1389.0587
   1391.5587
   1393.9893
   1396.3514
   1398.6461
   1400.8750
   1403.0396
# Travel time at depth =  50.00 km.
   1347.3099
   1351.0166
   1354.5677
   1357.9945
   1361.3118
   1364.5289
   1367.6527
   1370.6884
   1373.6394
   1376.5087
   1379.2997
   1382.0150
   1384.6562
   1387.2252
   1389.7234
   1392.1523
   1394.5129
   1396.8060
   1399.0334
   1401.1967
# Travel time at depth =  75.00 km.
   1344.3240
   1348.0188
   1351.5618
   1354.9818
   1358.2932
   1361.5051
   1364.6241
   1367.6553
   1370.6021
   1373.4675
   1376.2549
   1378.9668
   1381.6049
   1384.1707
   1386.6659
   1389.0920
   1391.4500
   1393.7405
   1395.9655
   1398.1262
# Travel time at depth = 100.00 km.
   1341.3390
   1345.0226
   1348.5574
   1351.9707
   1355.2761
   1358.4828
   1361.5970
   1364.6238
   1367.5664
   1370.4279
   1373.2117
   1375.9200
   1378.5548
   1381.1176
   1383.6099
   1386.0331
   1388.3883
   1390.6763
   1392.8988
   1395.0573
# Travel time at depth = 150.00 km.
   1335.3920
   1339.0535
   1342.5723
   1345.9720
   1349.2657
   1352.4618
   1355.5663
   1358.5840
   1361.5182
   1364.3718
   1367.1483
   1369.8497
   1372.4779
   1375.0343
   1377.5206
   1379.9382
   1382.2878
   1384.5706
   1386.7883
   1388.9419
# Travel time at depth = 200.00 km.
   1329.5458
   1333.1862
   1336.6887
   1340.0750
   1343.3566
   1346.5417
   1349.6365
   1352.6450
   1355.5706
   1358.4161
   1361.1851
   1363.8794
   1366.5007
   1369.0507
   1371.5309
   1373.9425
   1376.2866
   1378.5640
   1380.7766
   1382.9252
# Travel time at depth = 250.00 km.
   1323.8167
   1327.4360
   1330.9225
   1334.2948
   1337.5643
   1340.7384
   1343.8229
   1346.8220
   1349.7388
   1352.5760
   1355.3373
   1358.0243
   1360.6385
   1363.1819
   1365.6558
   1368.0614
   1370.3997
   1372.6715
   1374.8790
   1377.0223
# Travel time at depth = 300.00 km.
   1318.2214
   1321.8202
   1325.2902
   1328.6484
   1331.9054
   1335.0682
   1338.1423
   1341.1317
   1344.0393
   1346.8682
   1349.6213
   1352.3008
   1354.9078
   1357.4443
   1359.9116
   1362.3110
   1364.6433
   1366.9094
   1369.1117
   1371.2495
# Travel time at depth = 400.00 km.
   1307.4142
   1310.9720
   1314.4087
   1317.7380
   1320.9691
   1324.1084
   1327.1609
   1330.1300
   1333.0186
   1335.8298
   1338.5663
   1341.2297
   1343.8218
   1346.3439
   1348.7976
   1351.1838
   1353.5035
   1355.7578
   1357.9487
   1360.0752
# Travel time at depth = 500.00 km.
   1297.4323
   1300.9481
   1304.3495
   1307.6479
   1310.8512
   1313.9651
   1316.9939
   1319.9409
   1322.8088
   1325.6007
   1328.3188
   1330.9648
   1333.5404
   1336.0468
   1338.4854
   1340.8573
   1343.1631
   1345.4044
   1347.5829
   1349.6964
# Travel time at depth = 600.00 km.
   1287.8789
   1291.3529
   1294.7183
   1297.9847
   1301.1591
   1304.2463
   1307.2505
   1310.1741
   1313.0203
   1315.7917
   1318.4906
   1321.1183
   1323.6761
   1326.1659
   1328.5886
   1330.9453
   1333.2365
   1335.4640
   1337.6292
     -1.0000
# Travel time at depth = 700.00 km.
   1278.9135
   1282.3444
   1285.6722
   1288.9050
   1292.0486
   1295.1074
   1298.0850
   1300.9838
   1303.8066
   1306.5562
   1309.2341
   1311.8419
   1314.3810
   1316.8527
   1319.2583
   1321.5983
   1323.8738
   1326.0864
   1328.2371
     -1.0000
# Modelling error(s)
   1   1
#
   1.500
#@(#)        iasp91.PKSbc     2.1     06/06/96
