# PvmP travel-time tables for ak135.vel structure. (From TauP_Table)
7      # number of depth samples
    0.00   5.00  10.00  15.00  20.00  25.00  34.00
81     # number of distances
    0.00   0.25   0.50   0.75   1.00   1.25   1.50   1.75   2.00   2.25
    2.50   2.75   3.00   3.25   3.50   3.75   4.00   4.25   4.50   4.75
    5.00   5.25   5.50   5.75   6.00   6.25   6.50   6.75   7.00   7.25
    7.50   7.75   8.00   8.25   8.50   8.75   9.00   9.25   9.50   9.75
   10.00  10.25  10.50  10.75  11.00  11.25  11.50  11.75  12.00  12.25
   12.50  12.75  13.00  13.25  13.50  13.75  14.00  14.25  14.50  14.75
   15.00  15.25  15.50  15.75  16.00  16.25  16.50  16.75  17.00  17.25
   17.50  17.75  18.00  18.25  18.50  18.75  19.00  19.25  19.50  19.75
   20.00
#  Travel time for z =     0.0
     11.5119    
     12.3786    
     14.6701    
     17.8346    
     21.4747    
     25.3705    
     29.4055    
     33.5190    
     37.6785    
     41.8674    
     46.0715    
     50.3038    
     54.5360    
     58.7683    
     63.0005    
     67.2328    
     71.4660    
     75.7122    
     79.9584    
     84.2046    
     88.4535    
     92.7032    
     96.9529    
    101.2037    
    105.4551    
    109.7066    
    113.9588    
    118.2111    
    122.4638    
    126.7169    
    130.9699    
    135.2230    
    139.4760    
    143.7291    
    147.9821    
     -1.0000    
     -1.0000    
     -1.0000    
     -1.0000    
     -1.0000    
     -1.0000    
     -1.0000    
     -1.0000    
     -1.0000    
     -1.0000    
     -1.0000    
     -1.0000    
     -1.0000    
     -1.0000    
     -1.0000    
     -1.0000    
     -1.0000    
     -1.0000    
     -1.0000    
     -1.0000    
     -1.0000    
     -1.0000    
     -1.0000    
     -1.0000    
     -1.0000    
     -1.0000    
     -1.0000    
     -1.0000    
     -1.0000    
     -1.0000    
     -1.0000    
     -1.0000    
     -1.0000    
     -1.0000    
     -1.0000    
     -1.0000    
     -1.0000    
     -1.0000    
     -1.0000    
     -1.0000    
     -1.0000    
     -1.0000    
     -1.0000    
     -1.0000    
     -1.0000    
     -1.0000    
#  Travel time for z =     5.0
     10.6499    
     11.5742    
     13.9797    
     17.2448    
     20.9549    
     24.8947    
     28.9584    
     33.0875    
     37.2582    
     41.4520    
     45.6674    
     49.8997    
     54.1319    
     58.3642    
     62.5965    
     66.8287    
     71.0667    
     75.3129    
     79.5591    
     83.8058    
     88.0555    
     92.3052    
     96.5549    
    100.8062    
    105.0577    
    109.3093    
    113.5617    
    117.8140    
    122.0669    
    126.3200    
    130.5730    
    134.8261    
    139.0791    
    143.3322    
     -1.0000    
     -1.0000    
     -1.0000    
     -1.0000    
     -1.0000    
     -1.0000    
     -1.0000    
     -1.0000    
     -1.0000    
     -1.0000    
     -1.0000    
     -1.0000    
     -1.0000    
     -1.0000    
     -1.0000    
     -1.0000    
     -1.0000    
     -1.0000    
     -1.0000    
     -1.0000    
     -1.0000    
     -1.0000    
     -1.0000    
     -1.0000    
     -1.0000    
     -1.0000    
     -1.0000    
     -1.0000    
     -1.0000    
     -1.0000    
     -1.0000    
     -1.0000    
     -1.0000    
     -1.0000    
     -1.0000    
     -1.0000    
     -1.0000    
     -1.0000    
     -1.0000    
     -1.0000    
     -1.0000    
     -1.0000    
     -1.0000    
     -1.0000    
     -1.0000    
     -1.0000    
     -1.0000    
#  Travel time for z =     10.0
      9.7878    
     10.7775    
     13.3058    
     16.6722    
     20.4488    
     24.4292    
     28.5160    
     32.6608    
     36.8418    
     41.0406    
     45.2645    
     49.4967    
     53.7290    
     57.9613    
     62.1935    
     66.4258    
     70.6686    
     74.9148    
     79.1610    
     83.4089    
     87.6586    
     91.9083    
     96.1585    
    100.4100    
    104.6614    
    108.9133    
    113.1657    
    117.4182    
    121.6712    
    125.9243    
    130.1773    
    134.4303    
    138.6834    
    142.9364    
     -1.0000    
     -1.0000    
     -1.0000    
     -1.0000    
     -1.0000    
     -1.0000    
     -1.0000    
     -1.0000    
     -1.0000    
     -1.0000    
     -1.0000    
     -1.0000    
     -1.0000    
     -1.0000    
     -1.0000    
     -1.0000    
     -1.0000    
     -1.0000    
     -1.0000    
     -1.0000    
     -1.0000    
     -1.0000    
     -1.0000    
     -1.0000    
     -1.0000    
     -1.0000    
     -1.0000    
     -1.0000    
     -1.0000    
     -1.0000    
     -1.0000    
     -1.0000    
     -1.0000    
     -1.0000    
     -1.0000    
     -1.0000    
     -1.0000    
     -1.0000    
     -1.0000    
     -1.0000    
     -1.0000    
     -1.0000    
     -1.0000    
     -1.0000    
     -1.0000    
     -1.0000    
     -1.0000    
#  Travel time for z =     15.0
      7.2016    
      9.9904    
     12.6501    
     16.1172    
     19.9565    
     23.9732    
     28.0809    
     32.2381    
     36.4265    
     40.6312    
     44.8634    
     49.0956    
     53.3278    
     57.5600    
     61.7922    
     66.0270    
     70.2727    
     74.5184    
     78.7641    
     83.0132    
     87.2629    
     91.5125    
     95.7634    
    100.0149    
    104.2663    
    108.5185    
    112.7709    
    117.0236    
    121.2767    
    125.5297    
    129.7827    
    134.0358    
    138.2888    
    142.5419    
     -1.0000    
     -1.0000    
     -1.0000    
     -1.0000    
     -1.0000    
     -1.0000    
     -1.0000    
     -1.0000    
     -1.0000    
     -1.0000    
     -1.0000    
     -1.0000    
     -1.0000    
     -1.0000    
     -1.0000    
     -1.0000    
     -1.0000    
     -1.0000    
     -1.0000    
     -1.0000    
     -1.0000    
     -1.0000    
     -1.0000    
     -1.0000    
     -1.0000    
     -1.0000    
     -1.0000    
     -1.0000    
     -1.0000    
     -1.0000    
     -1.0000    
     -1.0000    
     -1.0000    
     -1.0000    
     -1.0000    
     -1.0000    
     -1.0000    
     -1.0000    
     -1.0000    
     -1.0000    
     -1.0000    
     -1.0000    
     -1.0000    
     -1.0000    
     -1.0000    
     -1.0000    
     -1.0000    
#  Travel time for z =     20.0
      8.0637    
      9.2146    
     12.0142    
     15.5798    
     19.4760    
     23.5262    
     27.6510    
     31.8204    
     36.0142    
     40.2297    
     44.4620    
     48.6943    
     52.9265    
     57.1588    
     61.3911    
     65.6297    
     69.8759    
     74.1221    
     78.3689    
     82.6186    
     86.8683    
     91.1180    
     95.3694    
     99.6209    
    103.8726    
    108.1249    
    112.3772    
    116.6302    
    120.8833    
    125.1363    
    129.3894    
    133.6424    
    137.8954    
     -1.0000    
     -1.0000    
     -1.0000    
     -1.0000    
     -1.0000    
     -1.0000    
     -1.0000    
     -1.0000    
     -1.0000    
     -1.0000    
     -1.0000    
     -1.0000    
     -1.0000    
     -1.0000    
     -1.0000    
     -1.0000    
     -1.0000    
     -1.0000    
     -1.0000    
     -1.0000    
     -1.0000    
     -1.0000    
     -1.0000    
     -1.0000    
     -1.0000    
     -1.0000    
     -1.0000    
     -1.0000    
     -1.0000    
     -1.0000    
     -1.0000    
     -1.0000    
     -1.0000    
     -1.0000    
     -1.0000    
     -1.0000    
     -1.0000    
     -1.0000    
     -1.0000    
     -1.0000    
     -1.0000    
     -1.0000    
     -1.0000    
     -1.0000    
     -1.0000    
     -1.0000    
     -1.0000    
     -1.0000    
#  Travel time for z =     25.0
      7.2944    
      8.5611    
     11.5434    
     15.2419    
     19.2234    
     23.3272    
     27.4896    
     31.6843    
     35.9043    
     40.1366    
     44.3690    
     48.6014    
     52.8338    
     57.0717    
     61.3179    
     65.5641    
     69.8119    
     74.0616    
     78.3113    
     82.5620    
     86.8135    
     91.0649    
     95.3172    
     99.5695    
    103.8224    
    108.0754    
    112.3285    
    116.5815    
    120.8345    
    125.0876    
    129.3406    
     -1.0000    
     -1.0000    
     -1.0000    
     -1.0000    
     -1.0000    
     -1.0000    
     -1.0000    
     -1.0000    
     -1.0000    
     -1.0000    
     -1.0000    
     -1.0000    
     -1.0000    
     -1.0000    
     -1.0000    
     -1.0000    
     -1.0000    
     -1.0000    
     -1.0000    
     -1.0000    
     -1.0000    
     -1.0000    
     -1.0000    
     -1.0000    
     -1.0000    
     -1.0000    
     -1.0000    
     -1.0000    
     -1.0000    
     -1.0000    
     -1.0000    
     -1.0000    
     -1.0000    
     -1.0000    
     -1.0000    
     -1.0000    
     -1.0000    
     -1.0000    
     -1.0000    
     -1.0000    
     -1.0000    
     -1.0000    
     -1.0000    
     -1.0000    
     -1.0000    
     -1.0000    
     -1.0000    
     -1.0000    
     -1.0000    
     -1.0000    
#  Travel time for z =     34.0
      5.9098    
      7.4513    
     10.8081    
     14.7472    
     18.8697    
     23.0585    
     27.2843    
     31.5166    
     35.7489    
     39.9884    
     44.2346    
     48.4831    
     52.7328    
     56.9839    
     61.2313    
     65.4864    
     -1.0000    
     -1.0000    
     -1.0000    
     -1.0000    
     -1.0000    
     -1.0000    
     -1.0000    
     -1.0000    
     -1.0000    
     -1.0000    
     -1.0000    
     -1.0000    
     -1.0000    
     -1.0000    
     -1.0000    
     -1.0000    
     -1.0000    
     -1.0000    
     -1.0000    
     -1.0000    
     -1.0000    
     -1.0000    
     -1.0000    
     -1.0000    
     -1.0000    
     -1.0000    
     -1.0000    
     -1.0000    
     -1.0000    
     -1.0000    
     -1.0000    
     -1.0000    
     -1.0000    
     -1.0000    
     -1.0000    
     -1.0000    
     -1.0000    
     -1.0000    
     -1.0000    
     -1.0000    
     -1.0000    
     -1.0000    
     -1.0000    
     -1.0000    
     -1.0000    
     -1.0000    
     -1.0000    
     -1.0000    
     -1.0000    
     -1.0000    
     -1.0000    
     -1.0000    
     -1.0000    
     -1.0000    
     -1.0000    
     -1.0000    
     -1.0000    
     -1.0000    
     -1.0000    
     -1.0000    
     -1.0000    
     -1.0000    
     -1.0000    
     -1.0000    
     -1.0000    
# Distance-dependent modelling error(s) [0 to 20 deg.: 0.5 sec. * delta]
  12    1
        0.0     0.2     0.5     1.0     2.0     3.0     4.0     6.0
        8.0     10.0    15.0    20.0
#
        0.1
        0.5
        1.0
        1.5
        2.1
        2.5
        3.0
        3.6
        4.2
        4.8
        5.8
        6.8
#%Z%        %M%     %I%     %G%
