# IASPEI travel-time table for phase: Pn      
 12   Number of depth samples at the following depths (km):
    0.00    5.00   15.00   35.00   50.00   75.00  100.00  150.00  200.00  250.00
  300.00  400.00
 43   Number of distance samples at the following distances (deg):
    0.00    0.50    1.00    1.50    2.00    2.50    3.00    3.50    4.00    4.50
    5.00    5.50    6.00    6.50    7.00    7.50    8.00    8.50    9.00    9.50
   10.00   10.50   11.00   11.50   12.00   12.50   13.00   13.50   14.00   14.50
   15.00   15.50   16.00   16.50   17.00   17.50   18.00   18.50   19.00   19.50
   20.00   20.50   21.00
# Travel time at depth =   0.00 km.
     -1.0000
     -1.0000
     21.2729
     28.1499
     35.0267
     41.9031
     48.7790
     55.6541
     62.5284
     69.4017
     76.2738
     83.1445
     90.0138
     96.8814
    103.7473
    110.6111
    117.4729
    124.3324
    131.1894
    138.0439
    144.8956
    151.7445
    158.5903
    165.4328
    172.2720
    179.1077
    185.9397
    192.7681
    199.5925
    206.4126
    213.2282
    219.8801
    226.3815
    232.7977
    239.1274
    245.3841
    251.5772
    257.7110
    263.7862
    269.8030
    275.7615
    281.6611
    287.5008
# Travel time at depth =   5.00 km.
     -1.0000
     -1.0000
     20.6726
     27.5496
     34.4264
     41.3028
     48.1785
     55.0536
     61.9278
     68.8010
     75.6730
     82.5436
     89.4127
     96.2802
    103.1458
    110.0095
    116.8710
    123.7303
    130.5871
    137.4414
    144.2928
    151.1414
    157.9869
    164.8292
    171.6681
    178.5034
    185.3351
    192.1631
    198.9871
    205.8069
    212.6220
    219.2499
    225.7445
    232.1535
    238.4769
    244.7285
    250.9169
    257.0464
    263.1172
    269.1299
    275.0842
    280.9796
    286.8151
# Travel time at depth =  15.00 km.
     -1.0000
     -1.0000
     19.4735
     26.3505
     33.2272
     40.1035
     46.9791
     53.8541
     60.7281
     67.6010
     74.4728
     81.3431
     88.2120
     95.0791
    101.9444
    108.8077
    115.6688
    122.5276
    129.3840
    136.2377
    143.0887
    149.9367
    156.7816
    163.6233
    170.4615
    177.2962
    184.1272
    190.9545
    197.7778
    204.5967
    211.4109
    217.9891
    224.4701
    230.8646
    237.1758
    243.4172
    249.5965
    255.7171
    261.7794
    267.7836
    273.7296
    279.6166
    285.4437
# Travel time at depth =  35.00 km.
      5.7559
     10.6365
     17.5135
     24.3904
     31.2669
     38.1429
     45.0183
     51.8928
     58.7663
     65.6387
     72.5099
     79.3795
     86.2476
     93.1139
     99.9783
    106.8406
    113.7007
    120.5584
    127.4136
    134.2661
    141.1157
    147.9623
    154.8057
    161.6458
    168.4825
    175.3155
    182.1448
    188.9703
    195.7917
    202.6085
    209.3396
    215.8683
    222.3158
    228.6767
    234.9604
    241.1783
    247.3364
    253.4365
    259.4786
    265.4630
    271.3894
    277.2569
    283.0646
# Travel time at depth =  50.00 km.
      7.6214
     11.2362
     17.6984
     24.4817
     31.3156
     38.1644
     45.0196
     51.8776
     58.7366
     65.5959
     72.4548
     79.3130
     86.1700
     93.0255
     99.8795
    106.7316
    113.5816
    120.4295
    127.2748
    134.1176
    140.9576
    147.7947
    154.6287
    161.4595
    168.2870
    175.1109
    181.9310
    188.7468
    195.5582
    202.2256
    208.7659
    215.2337
    221.6216
    227.9319
    234.1756
    240.3594
    246.4864
    252.5567
    258.5703
    264.5274
    270.4271
    276.2684
     -1.0000
# Travel time at depth =  75.00 km.
     10.7296
     13.2540
     18.7346
     25.1024
     31.7326
     38.4609
     45.2341
     52.0311
     58.8417
     65.6606
     72.4845
     79.3115
     86.1403
     92.9699
     99.7995
    106.6286
    113.4568
    120.2837
    127.1089
    133.9322
    140.7531
    147.5714
    154.3868
    161.1989
    168.0078
    174.8135
    181.5868
    188.2075
    194.7773
    201.2892
    207.7361
    214.1107
    220.4156
    226.6586
    232.8448
    238.9765
    245.0537
    251.0764
    257.0443
    262.9568
    268.8128
    274.6112
     -1.0000
# Travel time at depth = 100.00 km.
     13.8367
     15.7568
     20.3894
     26.2218
     32.5384
     39.0691
     45.7071
     52.4045
     59.1378
     65.8937
     72.6650
     79.4466
     86.2353
     93.0288
     99.8255
    106.6243
    113.4240
    120.2241
    127.0237
    133.8224
    140.6201
    147.4165
    154.2115
    160.9476
    167.6085
    174.2339
    180.8186
    187.3569
    193.8427
    200.2693
    206.6302
    212.9283
    219.1689
    225.3558
    231.4906
    237.5732
    243.6032
    249.5803
    255.5038
    261.3727
    267.1860
     -1.0000
     -1.0000
# Travel time at depth = 150.00 km.
     20.0291
     21.3081
     24.7314
     29.5207
     35.0817
     41.0740
     47.3167
     53.7118
     60.2047
     66.7619
     73.3630
     79.9946
     86.6472
     93.3132
     99.9862
    106.6611
    113.3339
    120.0011
    126.6592
    133.3044
    139.9327
    146.5400
    153.1221
    159.6743
    166.1918
    172.6696
    179.1024
    185.4844
    191.8138
    198.0924
    204.3221
    210.5042
    216.6390
    222.7259
    228.7644
    234.7539
    240.6936
    246.5824
    252.4191
     -1.0000
     -1.0000
     -1.0000
     -1.0000
# Travel time at depth = 200.00 km.
     26.1250
     27.0726
     29.7229
     33.6599
     38.4692
     43.8459
     49.5912
     55.5805
     61.7349
     68.0035
     74.3522
     80.7582
     87.2046
     93.6792
    100.1725
    106.6769
    113.1865
    119.6957
    126.1994
    132.6920
    139.1682
    145.6227
    152.0503
    158.4458
    164.8047
    171.1254
    177.4071
    183.6491
    189.8510
    196.0122
    202.1318
    208.2087
    214.2420
    220.2307
    226.1738
    232.0702
    237.9184
    243.7174
     -1.0000
     -1.0000
     -1.0000
     -1.0000
     -1.0000
# Travel time at depth = 250.00 km.
     32.1094
     32.8567
     34.9883
     38.2713
     42.4248
     47.2073
     52.4357
     57.9802
     63.7505
     69.6841
     75.7368
     81.8770
     88.0814
     94.3324
    100.6165
    106.9225
    113.2415
    119.5657
    125.8884
    132.2037
    138.5066
    144.7927
    151.0584
    157.3002
    163.5153
    169.7010
    175.8549
    181.9752
    188.0604
    194.1089
    200.1194
    206.0908
    212.0218
    217.9106
    223.7560
    229.5563
     -1.0000
     -1.0000
     -1.0000
     -1.0000
     -1.0000
     -1.0000
     -1.0000
# Travel time at depth = 300.00 km.
     37.9665
     38.5794
     40.3443
     43.1260
     46.7307
     50.9764
     55.7079
     60.8041
     66.1734
     71.7481
     77.4779
     83.3251
     89.2615
     95.2649
    101.3183
    107.4080
    113.5227
    119.6532
    125.7916
    131.9315
    138.0668
    144.1926
    150.3045
    156.3990
    162.4727
    168.5228
    174.5468
    180.5424
    186.5076
    192.4401
    198.3382
    204.2000
    210.0236
    215.8075
     -1.0000
     -1.0000
     -1.0000
     -1.0000
     -1.0000
     -1.0000
     -1.0000
     -1.0000
     -1.0000
# Travel time at depth = 400.00 km.
     49.3180
     49.7621
     51.0545
     53.1329
     55.9139
     59.2877
     63.1560
     67.4276
     72.0252
     76.8848
     81.9543
     87.1920
     92.5640
     98.0432
    103.6078
    109.2393
    114.9227
    120.6459
    126.3986
    132.1719
    137.9582
    143.7510
    149.5446
    155.3340
    161.1147
     -1.0000
     -1.0000
     -1.0000
     -1.0000
     -1.0000
     -1.0000
     -1.0000
     -1.0000
     -1.0000
     -1.0000
     -1.0000
     -1.0000
     -1.0000
     -1.0000
     -1.0000
     -1.0000
     -1.0000
     -1.0000
# Distance-dependent modelling error(s) 
  11    1
	0.0	0.2	0.5	1.0	2.0	3.0	4.0	8.0
	12.0	15.0	17.0
#
	0.1
	0.5
	1.0
	1.5	
	2.1
	2.4
	2.6
	2.7
	2.9
	3.6
	3.0
#%Z%        %M%     %I%     %G%
