# IASPEI travel-time table for phase: PnPn    
 12   Number of depth samples at the following depths (km):
    0.00    5.00   15.00   35.00   50.00   75.00  100.00  150.00  200.00  250.00
  300.00  400.00
 41   Number of distance samples at the following distances (deg):
    2.00    3.00    4.00    5.00    6.00    7.00    8.00    9.00   10.00   11.00
   12.00   13.00   14.00   15.00   16.00   17.00   18.00   19.00   20.00   21.00
   22.00   23.00   24.00   25.00   26.00   27.00   28.00   29.00   30.00   31.00
   32.00   33.00   34.00   35.00   36.00   37.00   38.00   39.00   40.00   41.00
   42.00
# Travel time at depth =   0.00 km.
     42.5458
     56.2999
     70.0535
     83.8063
     97.5580
    111.3083
    125.0569
    138.8034
    152.5476
    166.2891
    180.0276
    193.7629
    207.4945
    221.2223
    234.9458
    248.6647
    262.3788
    276.0878
    289.7913
    303.4890
    317.1806
    330.8657
    344.5441
    358.2154
    371.8795
    385.5361
    399.1850
    412.8253
    426.4563
    439.7602
    452.7630
    465.5954
    478.2548
    490.7682
    503.1544
    515.4220
    527.5724
    539.6061
    551.5231
    563.3222
    575.0015
# Travel time at depth =   5.00 km.
     41.9455
     55.6996
     69.4531
     83.2059
     96.9575
    110.7078
    124.4562
    138.2027
    151.9467
    165.6881
    179.4265
    193.1616
    206.8931
    220.6206
    234.3439
    248.0627
    261.7766
    275.4853
    289.1885
    302.8859
    316.5772
    330.2621
    343.9401
    357.6111
    371.2749
    384.9312
    398.5796
    412.2195
    425.8501
    439.1301
    452.1262
    464.9514
    477.6044
    490.1127
    502.4942
    514.7574
    526.9036
    538.9329
    550.8458
    562.6407
    574.3159
# Travel time at depth =  15.00 km.
     40.7464
     54.5004
     68.2539
     82.0066
     95.7581
    109.5082
    123.2565
    137.0027
    150.7466
    164.4877
    178.2258
    191.9606
    205.6917
    219.4189
    233.1418
    246.8601
    260.5735
    274.2817
    287.9844
    301.6813
    315.3720
    329.0562
    342.7336
    356.4040
    370.0670
    383.7226
    397.3703
    411.0095
    424.6392
    437.8705
    450.8529
    463.6636
    476.3042
    488.8021
    501.1744
    513.4289
    525.5663
    537.5873
    549.4918
    561.2784
    572.9451
# Travel time at depth =  35.00 km.
     38.7865
     52.5404
     66.2937
     80.0462
     93.7974
    107.5471
    121.2949
    135.0406
    148.7838
    162.5243
    176.2616
    189.9956
    203.7258
    217.4520
    231.1739
    244.8911
    258.6034
    272.3103
    286.0117
    299.7072
    313.3965
    327.0792
    340.7550
    354.4237
    368.0851
    381.7389
    395.3847
    409.0218
    422.6490
    435.7569
    448.7062
    461.4823
    474.0941
    486.5678
    498.9186
    511.1523
    523.2694
    535.2704
    547.1553
    558.9223
    570.5695
# Travel time at depth =  50.00 km.
     -1.0000
     -1.0000
     -1.0000
     -1.0000
     -1.0000
     -1.0000
     -1.0000
     -1.0000
     -1.0000
     -1.0000
     -1.0000
    189.9284
    203.6454
    217.3595
    231.0698
    244.7759
    258.4774
    272.1740
    285.8651
    299.5505
    313.2297
    326.9026
    340.5688
    354.2281
    367.8802
    381.5246
    395.1605
    408.7872
    422.1103
    435.1544
    448.0412
    460.7592
    473.3263
    485.7632
    498.0817
    510.2847
    522.3726
    534.3456
    546.2032
    557.9436
    569.5648
# Travel time at depth =  75.00 km.
     -1.0000
     -1.0000
     -1.0000
     -1.0000
     -1.0000
     -1.0000
     -1.0000
     -1.0000
     -1.0000
     -1.0000
     -1.0000
     -1.0000
     -1.0000
     -1.0000
     -1.0000
     -1.0000
     -1.0000
     -1.0000
    285.7394
    299.3972
    313.0518
    326.7018
    340.3463
    353.9843
    367.6150
    381.2378
    394.8531
    408.1021
    421.1844
    434.1258
    446.9117
    459.5439
    472.0430
    484.4221
    496.6876
    508.8401
    520.8797
    532.8064
    544.6188
    556.3149
     -1.0000
# Travel time at depth = 100.00 km.
     -1.0000
     -1.0000
     -1.0000
     -1.0000
     -1.0000
     -1.0000
     -1.0000
     -1.0000
     -1.0000
     -1.0000
     -1.0000
     -1.0000
     -1.0000
     -1.0000
     -1.0000
     -1.0000
     -1.0000
     -1.0000
     -1.0000
     -1.0000
     -1.0000
     -1.0000
     -1.0000
    353.8722
    367.4704
    380.9189
    394.1376
    407.2451
    420.2269
    433.0688
    445.7619
    458.3202
    470.7572
    483.0813
    495.2948
    507.3976
    519.3895
    531.2701
    543.0374
    554.6893
     -1.0000
# Travel time at depth = 150.00 km.
     -1.0000
     -1.0000
     -1.0000
     -1.0000
     -1.0000
     -1.0000
     -1.0000
     -1.0000
     -1.0000
     -1.0000
     -1.0000
     -1.0000
     -1.0000
     -1.0000
     -1.0000
     -1.0000
     -1.0000
     -1.0000
     -1.0000
     -1.0000
    313.3083
    326.6488
    339.9614
    353.2278
    366.4306
    379.5530
    392.5793
    405.4940
    418.2829
    430.9413
    443.4802
    455.9077
    468.2291
    480.4452
    492.5555
    504.5593
    516.4561
    528.2437
    539.9199
     -1.0000
     -1.0000
# Travel time at depth = 200.00 km.
     -1.0000
     -1.0000
     -1.0000
     -1.0000
     -1.0000
     -1.0000
     -1.0000
     -1.0000
     -1.0000
     -1.0000
     -1.0000
     -1.0000
     -1.0000
     -1.0000
     -1.0000
     -1.0000
     -1.0000
     -1.0000
     -1.0000
     -1.0000
     -1.0000
     -1.0000
    339.5594
    352.5712
    365.5406
    378.4387
    391.2437
    403.9428
    416.5381
    429.0330
    441.4298
    453.7298
    465.9317
    478.0341
    490.0359
    501.9358
    513.7313
    525.4202
    536.9999
     -1.0000
     -1.0000
# Travel time at depth = 250.00 km.
     -1.0000
     -1.0000
     -1.0000
     -1.0000
     -1.0000
     -1.0000
     -1.0000
     -1.0000
     -1.0000
     -1.0000
     -1.0000
     -1.0000
     -1.0000
     -1.0000
     -1.0000
     -1.0000
     -1.0000
     -1.0000
     -1.0000
     -1.0000
     -1.0000
     -1.0000
     -1.0000
     -1.0000
    365.0169
    377.6295
    390.1887
    402.6818
    415.0999
    427.4365
    439.6874
    451.8498
    463.9214
    475.9005
    487.7849
    499.5717
    511.2576
    522.8398
     -1.0000
     -1.0000
     -1.0000
# Travel time at depth = 300.00 km.
     -1.0000
     -1.0000
     -1.0000
     -1.0000
     -1.0000
     -1.0000
     -1.0000
     -1.0000
     -1.0000
     -1.0000
     -1.0000
     -1.0000
     -1.0000
     -1.0000
     -1.0000
     -1.0000
     -1.0000
     -1.0000
     -1.0000
     -1.0000
     -1.0000
     -1.0000
     -1.0000
     -1.0000
     -1.0000
     -1.0000
    389.6532
    401.9069
    414.1140
    426.2616
    438.3409
    450.3458
    462.2712
    474.1123
    485.8647
    497.5245
     -1.0000
     -1.0000
     -1.0000
     -1.0000
     -1.0000
# Travel time at depth = 400.00 km.
     -1.0000
     -1.0000
     -1.0000
     -1.0000
     -1.0000
     -1.0000
     -1.0000
     -1.0000
     -1.0000
     -1.0000
     -1.0000
     -1.0000
     -1.0000
     -1.0000
     -1.0000
     -1.0000
     -1.0000
     -1.0000
     -1.0000
     -1.0000
     -1.0000
     -1.0000
     -1.0000
     -1.0000
     -1.0000
     -1.0000
     -1.0000
     -1.0000
     -1.0000
     -1.0000
    437.0471
    448.6233
     -1.0000
     -1.0000
     -1.0000
     -1.0000
     -1.0000
     -1.0000
     -1.0000
     -1.0000
     -1.0000
# Distance-dependent modelling error(s)
   3	1
    0.00   36.00   42.00
#
   0.100
   6.000
   1.200
#@(#)        iasp91.PnPn     2.1     06/06/96
