# IASPEI travel-time table for phase: PP (All 1st PP-type phaseMap)
 14   Number of depth samples at the following depths (km):
    0.00   15.00   35.00   50.00   75.00  100.00  150.00  200.00  250.00  300.00
  400.00  500.00  600.00  700.00
181   Number of distance samples at the following distances (deg):
    0.00    1.00    2.00    3.00    4.00    5.00    6.00    7.00    8.00    9.00
   10.00   11.00   12.00   13.00   14.00   15.00   16.00   17.00   18.00   19.00
   20.00   21.00   22.00   23.00   24.00   25.00   26.00   27.00   28.00   29.00
   30.00   31.00   32.00   33.00   34.00   35.00   36.00   37.00   38.00   39.00
   40.00   41.00   42.00   43.00   44.00   45.00   46.00   47.00   48.00   49.00
   50.00   51.00   52.00   53.00   54.00   55.00   56.00   57.00   58.00   59.00
   60.00   61.00   62.00   63.00   64.00   65.00   66.00   67.00   68.00   69.00
   70.00   71.00   72.00   73.00   74.00   75.00   76.00   77.00   78.00   79.00
   80.00   81.00   82.00   83.00   84.00   85.00   86.00   87.00   88.00   89.00
   90.00   91.00   92.00   93.00   94.00   95.00   96.00   97.00   98.00   99.00
  100.00  101.00  102.00  103.00  104.00  105.00  106.00  107.00  108.00  109.00
  110.00  111.00  112.00  113.00  114.00  115.00  116.00  117.00  118.00  119.00
  120.00  121.00  122.00  123.00  124.00  125.00  126.00  127.00  128.00  129.00
  130.00  131.00  132.00  133.00  134.00  135.00  136.00  137.00  138.00  139.00
  140.00  141.00  142.00  143.00  144.00  145.00  146.00  147.00  148.00  149.00
  150.00  151.00  152.00  153.00  154.00  155.00  156.00  157.00  158.00  159.00
  160.00  161.00  162.00  163.00  164.00  165.00  166.00  167.00  168.00  169.00
  170.00  171.00  172.00  173.00  174.00  175.00  176.00  177.00  178.00  179.00
  180.00
# Travel time at depth =   0.00 km.
      0.0011
     19.1715
     38.3426
     56.2999
     70.0535
     83.8063
     97.5580
    111.3083
    125.0569
    138.8034
    152.5476
    166.2891
    180.0276
    193.7629
    207.4945
    221.2223
    234.9458
    248.6647
    262.3788
    276.0878
    289.7913
    303.4890
    317.1806
    330.8657
    344.5441
    358.2154
    371.8795
    385.5361
    399.1850
    412.8253
    426.4563
    439.7602
    452.7630
    465.5954
    478.2548
    490.7682
    503.1544
    515.3277
    526.3187
    537.2769
    548.1975
    559.0762
    569.9084
    580.6894
    591.4151
    602.0818
    612.6857
    623.2233
    632.6196
    641.7481
    650.8574
    659.9462
    669.0134
    678.0574
    687.0741
    696.0576
    705.0049
    713.9239
    722.8193
    731.6937
    740.5490
    749.3857
    758.2042
    767.0044
    775.7851
    784.5443
    793.2798
    801.9892
    810.6722
    819.3290
    827.9587
    836.5604
    845.1330
    853.6760
    862.1887
    870.6709
    879.1221
    887.5417
    895.9291
    904.2838
    912.6048
    920.8922
    929.1459
    937.3664
    945.5532
    953.7059
    961.8240
    969.9075
    977.9562
    985.9698
    993.9483
   1001.8915
   1009.7992
   1017.6713
   1025.5078
   1033.3085
   1041.0735
   1048.8026
   1056.4957
   1064.1527
   1071.7734
   1079.3577
   1086.9056
   1094.4174
   1101.8931
   1109.3328
   1116.7363
   1124.1039
   1131.4352
   1138.7303
   1145.9893
   1153.2118
   1160.3981
   1167.5481
   1174.6617
   1181.7391
   1188.7803
   1195.7853
   1202.7539
   1209.6863
   1216.5824
   1223.4421
   1230.2656
   1237.0529
   1243.8037
   1250.5183
   1257.1967
   1263.8385
   1270.4441
   1277.0132
   1283.5458
   1290.0420
   1296.5018
   1302.9252
   1309.3121
   1315.6626
   1321.9768
   1328.2545
   1334.4958
   1340.7006
   1346.8688
   1353.0002
   1359.0951
   1365.1532
   1371.1746
   1377.1591
   1383.1067
   1389.0175
   1394.8911
   1400.7277
   1406.5271
   1412.2892
   1418.0138
   1423.7012
   1429.3510
   1434.9634
   1440.5382
   1446.0753
   1451.5747
   1457.0360
   1462.4591
   1467.8439
   1473.1904
   1478.4985
   1483.7684
   1489.0000
   1494.1926
   1499.3457
   1504.4585
   1509.5304
   1514.5629
   1519.5576
   1524.5162
   1529.4398
   1534.3232
   1539.1520
   1543.9114
   1548.6373
   1553.3408
   1558.0262
   1562.6956
# Travel time at depth =  15.00 km.
     -1.0000
     -1.0000
     39.1945
     54.5004
     68.2539
     82.0066
     95.7581
    109.5082
    123.2565
    137.0027
    150.7466
    164.4877
    178.2258
    191.9606
    205.6917
    219.4189
    233.1418
    246.8601
    260.5735
    274.2817
    287.9844
    301.6813
    315.3720
    329.0562
    342.7336
    356.4040
    370.0670
    383.7226
    397.3703
    411.0095
    424.6392
    437.8705
    450.8529
    463.6636
    476.3042
    488.8021
    501.1744
    513.2112
    524.1993
    535.1541
    546.0710
    556.9456
    567.7732
    578.5493
    589.2698
    599.9310
    610.5291
    621.0605
    630.3467
    639.4739
    648.5817
    657.6690
    666.7346
    675.7767
    684.7913
    693.7721
    702.7172
    711.6344
    720.5283
    729.4013
    738.2552
    747.0906
    755.9078
    764.7067
    773.4860
    782.2437
    790.9774
    799.6849
    808.3663
    817.0212
    825.6490
    834.2487
    842.8193
    851.3603
    859.8710
    868.3511
    876.8002
    885.2178
    893.6031
    901.9554
    910.2744
    918.5595
    926.8112
    935.0294
    943.2141
    951.3646
    959.4806
    967.5619
    975.6083
    983.6198
    991.5961
    999.5370
   1007.4426
   1015.3126
   1023.1469
   1030.9454
   1038.7083
   1046.4353
   1054.1262
   1061.7811
   1069.3997
   1076.9818
   1084.5276
   1092.0374
   1099.5110
   1106.9486
   1114.3501
   1121.7156
   1129.0449
   1136.3381
   1143.5950
   1150.8156
   1157.9999
   1165.1478
   1172.2595
   1179.3350
   1186.3743
   1193.3772
   1200.3440
   1207.2744
   1214.1687
   1221.0266
   1227.8481
   1234.6335
   1241.3826
   1248.0953
   1254.7719
   1261.4119
   1268.0156
   1274.5829
   1281.1138
   1287.6083
   1294.0663
   1300.4878
   1306.8730
   1313.2219
   1319.5343
   1325.8104
   1332.0499
   1338.2529
   1344.4194
   1350.5493
   1356.6425
   1362.6990
   1368.7186
   1374.7015
   1380.6475
   1386.5566
   1392.4287
   1398.2637
   1404.0614
   1409.8219
   1415.5450
   1421.2308
   1426.8790
   1432.4899
   1438.0632
   1443.5988
   1449.0966
   1454.5564
   1459.9779
   1465.3612
   1470.7062
   1476.0129
   1481.2814
   1486.5114
   1491.7025
   1496.8541
   1501.9653
   1507.0358
   1512.0668
   1517.0602
   1522.0176
   1526.9398
   1531.8217
   1536.6479
   1541.4056
   1546.1306
   1550.8335
   1555.5183
   1560.1873
# Travel time at depth =  35.00 km.
     -1.0000
     -1.0000
     38.7865
     52.5404
     66.2937
     80.0462
     93.7974
    107.5471
    121.2949
    135.0406
    148.7838
    162.5243
    176.2616
    189.9956
    203.7258
    217.4520
    231.1739
    244.8911
    258.6034
    272.3103
    286.0117
    299.7072
    313.3965
    327.0792
    340.7550
    354.4237
    368.0851
    381.7389
    395.3847
    409.0218
    422.6490
    435.7569
    448.7062
    461.4823
    474.0941
    486.5678
    498.9186
    510.7444
    521.7279
    532.6775
    543.5886
    554.4567
    565.2772
    576.0457
    586.7581
    597.4108
    607.9999
    618.4987
    627.6418
    636.7669
    645.8726
    654.9575
    664.0206
    673.0600
    682.0713
    691.0480
    699.9897
    708.9043
    717.7958
    726.6667
    735.5187
    744.3522
    753.1675
    761.9644
    770.7415
    779.4968
    788.2278
    796.9327
    805.6113
    814.2635
    822.8885
    831.4853
    840.0529
    848.5908
    857.0984
    865.5755
    874.0215
    882.4359
    890.8180
    899.1671
    907.4827
    915.7646
    924.0130
    932.2281
    940.4094
    948.5567
    956.6694
    964.7475
    972.7907
    980.7989
    988.7719
    996.7097
   1004.6119
   1012.4786
   1020.3097
   1028.1051
   1035.8647
   1043.5885
   1051.2762
   1058.9280
   1066.5433
   1074.1223
   1081.6650
   1089.1716
   1096.6422
   1104.0768
   1111.4753
   1118.8378
   1126.1641
   1133.4542
   1140.7081
   1147.9258
   1155.1071
   1162.2521
   1169.3610
   1176.4335
   1183.4698
   1190.4700
   1197.4340
   1204.3616
   1211.2529
   1218.1080
   1224.9269
   1231.7095
   1238.4558
   1245.1659
   1251.8396
   1258.4771
   1265.0780
   1271.6427
   1278.1709
   1284.6627
   1291.1182
   1297.5371
   1303.9198
   1310.2661
   1316.5759
   1322.8495
   1329.0865
   1335.2871
   1341.4510
   1347.5785
   1353.6692
   1359.7231
   1365.7404
   1371.7208
   1377.6644
   1383.5712
   1389.4409
   1395.2736
   1401.0690
   1406.8270
   1412.5479
   1418.2312
   1423.8772
   1429.4857
   1435.0568
   1440.5901
   1446.0857
   1451.5432
   1456.9625
   1462.3435
   1467.6863
   1472.9908
   1478.2571
   1483.4850
   1488.6738
   1493.8232
   1498.9323
   1504.0005
   1509.0294
   1514.0208
   1518.9763
   1523.8966
   1528.7761
   1533.5985
   1538.3539
   1543.0776
   1547.7795
   1552.4635
   1557.1316
# Travel time at depth =  50.00 km.
     -1.0000
     -1.0000
     -1.0000
     -1.0000
     -1.0000
     -1.0000
     -1.0000
     -1.0000
     -1.0000
     -1.0000
     -1.0000
     -1.0000
     -1.0000
    189.9284
    203.6454
    217.3595
    231.0698
    244.7759
    258.4774
    272.1740
    285.8651
    299.5505
    313.2297
    326.9026
    340.5688
    354.2281
    367.8802
    381.5246
    395.1605
    408.7872
    422.1103
    435.1544
    448.0412
    460.7592
    473.3263
    485.7632
    498.0817
    509.6264
    520.6041
    531.5471
    542.4509
    553.3110
    564.1229
    574.8820
    585.5846
    596.2269
    606.8053
    617.1074
    626.2484
    635.3712
    644.4744
    653.5568
    662.6172
    671.6536
    680.6611
    689.6334
    698.5717
    707.4835
    716.3725
    725.2411
    734.0909
    742.9224
    751.7357
    760.5304
    769.3051
    778.0579
    786.7861
    795.4880
    804.1636
    812.8129
    821.4349
    830.0285
    838.5930
    847.1276
    855.6320
    864.1058
    872.5485
    880.9595
    889.3381
    897.6838
    905.9959
    914.2744
    922.5194
    930.7311
    938.9090
    947.0529
    955.1621
    963.2368
    971.2765
    979.2813
    987.2509
    995.1852
   1003.0842
   1010.9475
   1018.7752
   1026.5673
   1034.3235
   1042.0439
   1049.7285
   1057.3768
   1064.9890
   1072.5647
   1080.1041
   1087.6075
   1095.0750
   1102.5063
   1109.9017
   1117.2611
   1124.5844
   1131.8715
   1139.1223
   1146.3368
   1153.5151
   1160.6572
   1167.7631
   1174.8326
   1181.8661
   1188.8633
   1195.8243
   1202.7490
   1209.6376
   1216.4899
   1223.3059
   1230.0858
   1236.8293
   1243.5366
   1250.2075
   1256.8423
   1263.4406
   1270.0026
   1276.5281
   1283.0173
   1289.4701
   1295.8865
   1302.2665
   1308.6102
   1314.9175
   1321.1885
   1327.4231
   1333.6211
   1339.7826
   1345.9075
   1351.9957
   1358.0472
   1364.0621
   1370.0402
   1375.9813
   1381.8856
   1387.7531
   1393.5833
   1399.3763
   1405.1321
   1410.8506
   1416.5316
   1422.1754
   1427.7816
   1433.3503
   1438.8815
   1444.3748
   1449.8300
   1455.2471
   1460.6260
   1465.9666
   1471.2688
   1476.5330
   1481.7587
   1486.9454
   1492.0925
   1497.1993
   1502.2654
   1507.2922
   1512.2817
   1517.2355
   1522.1539
   1527.0309
   1531.8496
   1536.6028
   1541.3253
   1546.0262
   1550.7094
   1555.3768
# Travel time at depth =  75.00 km.
     -1.0000
     -1.0000
     -1.0000
     -1.0000
     -1.0000
     -1.0000
     -1.0000
     -1.0000
     -1.0000
     -1.0000
     -1.0000
     -1.0000
     -1.0000
     -1.0000
     -1.0000
     -1.0000
     -1.0000
     -1.0000
     -1.0000
     -1.0000
    285.7394
    299.3972
    313.0518
    326.7018
    340.3463
    353.9843
    367.6150
    381.2378
    394.8531
    408.1021
    421.1844
    434.1258
    446.9117
    459.5439
    472.0430
    484.4221
    496.6876
    507.7729
    518.7406
    529.6722
    540.5635
    551.4099
    562.2068
    572.9501
    583.6359
    594.2607
    604.8209
    614.7951
    623.9326
    633.0515
    642.1506
    651.2287
    660.2845
    669.3156
    678.3167
    687.2817
    696.2143
    705.1214
    714.0063
    722.8713
    731.7175
    740.5455
    749.3553
    758.1464
    766.9171
    775.6653
    784.3887
    793.0857
    801.7565
    810.4008
    819.0176
    827.6060
    836.1650
    844.6942
    853.1932
    861.6614
    870.0985
    878.5038
    886.8768
    895.2167
    903.5229
    911.7956
    920.0349
    928.2409
    936.4131
    944.5511
    952.6547
    960.7235
    968.7575
    976.7566
    984.7205
    992.6491
   1000.5423
   1008.4000
   1016.2220
   1024.0085
   1031.7592
   1039.4741
   1047.1531
   1054.7959
   1062.4025
   1069.9728
   1077.5068
   1085.0048
   1092.4669
   1099.8931
   1107.2832
   1114.6373
   1121.9553
   1129.2373
   1136.4830
   1143.6925
   1150.8657
   1158.0027
   1165.1035
   1172.1682
   1179.1968
   1186.1891
   1193.1453
   1200.0652
   1206.9490
   1213.7965
   1220.6078
   1227.3829
   1234.1218
   1240.8245
   1247.4908
   1254.1210
   1260.7147
   1267.2722
   1273.7933
   1280.2781
   1286.7263
   1293.1384
   1299.5140
   1305.8535
   1312.1565
   1318.4232
   1324.6536
   1330.8474
   1337.0048
   1343.1255
   1349.2096
   1355.2570
   1361.2677
   1367.2417
   1373.1790
   1379.0792
   1384.9426
   1390.7689
   1396.5580
   1402.3098
   1408.0244
   1413.7017
   1419.3416
   1424.9440
   1430.5089
   1436.0363
   1441.5258
   1446.9772
   1452.3906
   1457.7657
   1463.1027
   1468.4014
   1473.6617
   1478.8839
   1484.0670
   1489.2104
   1494.3136
   1499.3760
   1504.3994
   1509.3856
   1514.3363
   1519.2515
   1524.1243
   1528.9365
   1533.6864
   1538.4069
   1543.1062
   1547.7880
   1552.4542
# Travel time at depth = 100.00 km.
     -1.0000
     -1.0000
     -1.0000
     -1.0000
     -1.0000
     -1.0000
     -1.0000
     -1.0000
     -1.0000
     -1.0000
     -1.0000
     -1.0000
     -1.0000
     -1.0000
     -1.0000
     -1.0000
     -1.0000
     -1.0000
     -1.0000
     -1.0000
     -1.0000
     -1.0000
     -1.0000
     -1.0000
     -1.0000
    353.8722
    367.4704
    380.9189
    394.1376
    407.2451
    420.2269
    433.0688
    445.7619
    458.3202
    470.7572
    483.0813
    494.9420
    505.9318
    516.8889
    527.8087
    538.6868
    549.5189
    560.3005
    571.0274
    581.6962
    592.3030
    602.8447
    612.4911
    621.6249
    630.7399
    639.8348
    648.9084
    657.9596
    666.9850
    675.9794
    684.9372
    693.8644
    702.7669
    711.6478
    720.5090
    729.3517
    738.1761
    746.9824
    755.7697
    764.5363
    773.2800
    781.9984
    790.6904
    799.3563
    807.9955
    816.6072
    825.1902
    833.7438
    842.2675
    850.7609
    859.2235
    867.6550
    876.0546
    884.4217
    892.7557
    901.0560
    909.3229
    917.5565
    925.7567
    933.9231
    942.0553
    950.1530
    958.2161
    966.2443
    974.2375
    982.1956
    990.1185
    998.0060
   1005.8579
   1013.6743
   1021.4551
   1029.2002
   1036.9094
   1044.5828
   1052.2201
   1059.8210
   1067.3859
   1074.9144
   1082.4071
   1089.8638
   1097.2847
   1104.6696
   1112.0183
   1119.3312
   1126.6079
   1133.8484
   1141.0527
   1148.2208
   1155.3528
   1162.4486
   1169.5083
   1176.5319
   1183.5193
   1190.4706
   1197.3856
   1204.2645
   1211.1073
   1217.9138
   1224.6842
   1231.4185
   1238.1165
   1244.7782
   1251.4037
   1257.9929
   1264.5459
   1271.0624
   1277.5426
   1283.9866
   1290.3942
   1296.7655
   1303.1006
   1309.3993
   1315.6617
   1321.8877
   1328.0773
   1334.2305
   1340.3469
   1346.4269
   1352.4702
   1358.4769
   1364.4468
   1370.3799
   1376.2761
   1382.1355
   1387.9578
   1393.7429
   1399.4908
   1405.2015
   1410.8749
   1416.5107
   1422.1094
   1427.6705
   1433.1940
   1438.6797
   1444.1274
   1449.5371
   1454.9084
   1460.2417
   1465.5366
   1470.7935
   1476.0120
   1481.1914
   1486.3311
   1491.4304
   1496.4893
   1501.5093
   1506.4922
   1511.4398
   1516.3516
   1521.2202
   1526.0259
   1530.7726
   1535.4911
   1540.1888
   1544.8693
   1549.5343
# Travel time at depth = 150.00 km.
     -1.0000
     -1.0000
     -1.0000
     -1.0000
     -1.0000
     -1.0000
     -1.0000
     -1.0000
     -1.0000
     -1.0000
     -1.0000
     -1.0000
     -1.0000
     -1.0000
     -1.0000
     -1.0000
     -1.0000
     -1.0000
     -1.0000
     -1.0000
     -1.0000
     -1.0000
    313.3083
    326.6488
    339.9614
    353.2278
    366.4306
    379.5530
    392.5793
    405.4940
    418.2829
    430.9413
    443.4802
    455.9077
    468.2291
    480.3485
    491.3489
    502.3183
    513.2523
    524.1464
    534.9966
    545.7983
    556.5473
    567.2401
    577.8729
    588.4426
    598.7893
    607.9332
    617.0592
    626.1660
    635.2521
    644.3166
    653.3577
    662.3711
    671.3507
    680.2950
    689.2118
    698.1053
    706.9781
    715.8320
    724.6673
    733.4846
    742.2836
    751.0630
    759.8209
    768.5551
    777.2632
    785.9452
    794.6010
    803.2297
    811.8306
    820.4026
    828.9451
    837.4575
    845.9396
    854.3908
    862.8107
    871.1985
    879.5538
    887.8757
    896.1641
    904.4191
    912.6410
    920.8294
    928.9840
    937.1043
    945.1901
    953.2413
    961.2577
    969.2392
    977.1855
    985.0967
    992.9725
   1000.8128
   1008.6176
   1016.3868
   1024.1205
   1031.8184
   1039.4803
   1047.1062
   1054.6959
   1062.2495
   1069.7670
   1077.2487
   1084.6945
   1092.1045
   1099.4786
   1106.8168
   1114.1189
   1121.3850
   1128.6150
   1135.8090
   1142.9667
   1150.0884
   1157.1740
   1164.2235
   1171.2369
   1178.2144
   1185.1556
   1192.0609
   1198.9299
   1205.7629
   1212.5599
   1219.3207
   1226.0453
   1232.7339
   1239.3862
   1246.0023
   1252.5823
   1259.1260
   1265.6334
   1272.1045
   1278.5394
   1284.9380
   1291.3004
   1297.6267
   1303.9166
   1310.1704
   1316.3877
   1322.5687
   1328.7133
   1334.8213
   1340.8927
   1346.9277
   1352.9259
   1358.8876
   1364.8125
   1370.7006
   1376.5516
   1382.3658
   1388.1429
   1393.8828
   1399.5854
   1405.2509
   1410.8790
   1416.4697
   1422.0231
   1427.5388
   1433.0168
   1438.4569
   1443.8589
   1449.2227
   1454.5483
   1459.8359
   1465.0853
   1470.2964
   1475.4683
   1480.6005
   1485.6921
   1490.7437
   1495.7567
   1500.7332
   1505.6744
   1510.5792
   1515.4388
   1520.2314
   1524.9723
   1529.6870
   1534.3816
   1539.0593
   1543.7219
# Travel time at depth = 200.00 km.
     -1.0000
     -1.0000
     -1.0000
     -1.0000
     -1.0000
     -1.0000
     -1.0000
     -1.0000
     -1.0000
     -1.0000
     -1.0000
     -1.0000
     -1.0000
     -1.0000
     -1.0000
     -1.0000
     -1.0000
     -1.0000
     -1.0000
     -1.0000
     -1.0000
     -1.0000
     -1.0000
     -1.0000
    339.5594
    352.5712
    365.5406
    378.4387
    391.2437
    403.9428
    416.5381
    429.0330
    441.4298
    453.7298
    465.9317
    476.9921
    487.9714
    498.9168
    509.8242
    520.6892
    531.5077
    542.2753
    552.9885
    563.6436
    574.2374
    584.7665
    594.4001
    603.5363
    612.6539
    621.7517
    630.8285
    639.8831
    648.9128
    657.9125
    666.8762
    675.8080
    684.7146
    693.5992
    702.4638
    711.3099
    720.1376
    728.9474
    737.7385
    746.5093
    755.2578
    763.9815
    772.6790
    781.3504
    789.9955
    798.6133
    807.2028
    815.7632
    824.2939
    832.7946
    841.2647
    849.7039
    858.1116
    866.4871
    874.8298
    883.1392
    891.4151
    899.6578
    907.8674
    916.0435
    924.1857
    932.2936
    940.3671
    948.4059
    956.4099
    964.3791
    972.3132
    980.2122
    988.0757
    995.9039
   1003.6967
   1011.4540
   1019.1757
   1026.8617
   1034.5117
   1042.1259
   1049.7037
   1057.2457
   1064.7517
   1072.2220
   1079.6565
   1087.0553
   1094.4182
   1101.7452
   1109.0364
   1116.2914
   1123.5105
   1130.6935
   1137.8406
   1144.9515
   1152.0265
   1159.0656
   1166.0685
   1173.0355
   1179.9666
   1186.8615
   1193.7205
   1200.5433
   1207.3302
   1214.0811
   1220.7958
   1227.4745
   1234.1171
   1240.7236
   1247.2938
   1253.8280
   1260.3259
   1266.7876
   1273.2131
   1279.6024
   1285.9557
   1292.2728
   1298.5537
   1304.7983
   1311.0067
   1317.1788
   1323.3145
   1329.4137
   1335.4764
   1341.5026
   1347.4923
   1353.4453
   1359.3616
   1365.2412
   1371.0839
   1376.8896
   1382.6583
   1388.3899
   1394.0844
   1399.7416
   1405.3616
   1410.9443
   1416.4896
   1421.9973
   1427.4673
   1432.8994
   1438.2935
   1443.6494
   1448.9673
   1454.2472
   1459.4889
   1464.6923
   1469.8564
   1474.9808
   1480.0646
   1485.1086
   1490.1146
   1495.0844
   1500.0190
   1504.9165
   1509.7660
   1514.5459
   1519.2812
   1523.9921
   1528.6835
   1533.3585
   1538.0187
# Travel time at depth = 250.00 km.
     -1.0000
     -1.0000
     -1.0000
     -1.0000
     -1.0000
     -1.0000
     -1.0000
     -1.0000
     -1.0000
     -1.0000
     -1.0000
     -1.0000
     -1.0000
     -1.0000
     -1.0000
     -1.0000
     -1.0000
     -1.0000
     -1.0000
     -1.0000
     -1.0000
     -1.0000
     -1.0000
     -1.0000
     -1.0000
    363.1942
    365.0169
    377.6295
    390.1887
    402.6818
    415.0999
    427.4365
    439.6874
    451.8498
    462.9078
    473.8941
    484.8480
    495.7651
    506.6414
    517.4727
    528.2548
    538.9841
    549.6572
    560.2706
    570.8213
    581.0529
    590.1982
    599.3258
    608.4343
    617.5224
    626.5891
    635.6326
    644.6493
    653.6331
    662.5811
    671.5010
    680.3974
    689.2729
    698.1292
    706.9671
    715.7869
    724.5887
    733.3712
    742.1325
    750.8705
    759.5829
    768.2693
    776.9296
    785.5632
    794.1692
    802.7466
    811.2947
    819.8130
    828.3012
    836.7588
    845.1853
    853.5801
    861.9426
    870.2721
    878.5682
    886.8311
    895.0610
    903.2576
    911.4208
    919.5499
    927.6448
    935.7052
    943.7311
    951.7222
    959.6785
    967.5997
    975.4858
    983.3367
    991.1523
    998.9324
   1006.6772
   1014.3864
   1022.0599
   1029.6975
   1037.2993
   1044.8650
   1052.3948
   1059.8888
   1067.3472
   1074.7699
   1082.1569
   1089.5081
   1096.8235
   1104.1030
   1111.3467
   1118.5544
   1125.7261
   1132.8618
   1139.9617
   1147.0256
   1154.0537
   1161.0458
   1168.0020
   1174.9222
   1181.8065
   1188.6549
   1195.4673
   1202.2438
   1208.9841
   1215.6886
   1222.3571
   1228.9895
   1235.5859
   1242.1462
   1248.6703
   1255.1583
   1261.6102
   1268.0260
   1274.4058
   1280.7494
   1287.0570
   1293.3284
   1299.5637
   1305.7627
   1311.9255
   1318.0520
   1324.1421
   1330.1957
   1336.2129
   1342.1935
   1348.1376
   1354.0450
   1359.9158
   1365.7498
   1371.5468
   1377.3068
   1383.0298
   1388.7156
   1394.3644
   1399.9758
   1405.5502
   1411.0872
   1416.5865
   1422.0482
   1427.4720
   1432.8579
   1438.2058
   1443.5156
   1448.7875
   1454.0212
   1459.2166
   1464.3727
   1469.4889
   1474.5646
   1479.6008
   1484.5996
   1489.5624
   1494.4904
   1499.3796
   1504.2178
   1508.9857
   1513.7159
   1518.4229
   1523.1112
   1527.7834
   1532.4410
# Travel time at depth = 300.00 km.
     -1.0000
     -1.0000
     -1.0000
     -1.0000
     -1.0000
     -1.0000
     -1.0000
     -1.0000
     -1.0000
     -1.0000
     -1.0000
     -1.0000
     -1.0000
     -1.0000
     -1.0000
     -1.0000
     -1.0000
     -1.0000
     -1.0000
     -1.0000
     -1.0000
     -1.0000
     -1.0000
     -1.0000
    349.4314
    360.5462
    371.6588
    382.7668
    389.6532
    401.9069
    414.1140
    426.2616
    438.1379
    449.1554
    460.1454
    471.1038
    482.0264
    492.9093
    503.7486
    514.5402
    525.2803
    535.9658
    546.5934
    557.1599
    567.6624
    577.0761
    586.2126
    595.3307
    604.4291
    613.5067
    622.5622
    631.5931
    640.5945
    649.5603
    658.4940
    667.4021
    676.2883
    685.1544
    694.0020
    702.8314
    711.6427
    720.4356
    729.2085
    737.9594
    746.6859
    755.3862
    764.0607
    772.7090
    781.3304
    789.9237
    798.4882
    807.0231
    815.5283
    824.0032
    832.4474
    840.8604
    849.2414
    857.5900
    865.9054
    874.1876
    882.4368
    890.6530
    898.8360
    906.9854
    915.1007
    923.1818
    931.2285
    939.2407
    947.2182
    955.1609
    963.0686
    970.9412
    978.7787
    986.5809
    994.3478
   1002.0793
   1009.7754
   1017.4358
   1025.0604
   1032.6490
   1040.2019
   1047.7190
   1055.2004
   1062.6464
   1070.0566
   1077.4313
   1084.7703
   1092.0735
   1099.3409
   1106.5725
   1113.7683
   1120.9281
   1128.0521
   1135.1403
   1142.1926
   1149.2091
   1156.1898
   1163.1348
   1170.0437
   1176.9169
   1183.7542
   1190.5555
   1197.3210
   1204.0507
   1210.7443
   1217.4021
   1224.0239
   1230.6097
   1237.1595
   1243.6732
   1250.1509
   1256.5925
   1262.9982
   1269.3678
   1275.7014
   1281.9991
   1288.2607
   1294.4862
   1300.6754
   1306.8285
   1312.9453
   1319.0259
   1325.0699
   1331.0778
   1337.0490
   1342.9838
   1348.8820
   1354.7435
   1360.5682
   1366.3562
   1372.1072
   1377.8212
   1383.4980
   1389.1379
   1394.7407
   1400.3063
   1405.8345
   1411.3252
   1416.7783
   1422.1935
   1427.5708
   1432.9102
   1438.2115
   1443.4751
   1448.7007
   1453.8876
   1459.0353
   1464.1429
   1469.2102
   1474.2385
   1479.2297
   1484.1854
   1489.1062
   1493.9866
   1498.8115
   1503.5691
   1508.2943
   1512.9973
   1517.6824
   1522.3518
   1527.0070
# Travel time at depth = 400.00 km.
     -1.0000
     -1.0000
     -1.0000
     -1.0000
     -1.0000
     -1.0000
     -1.0000
     -1.0000
     -1.0000
     -1.0000
     -1.0000
     -1.0000
     -1.0000
     -1.0000
     -1.0000
     -1.0000
     -1.0000
     -1.0000
     -1.0000
     -1.0000
     -1.0000
     -1.0000
    323.1109
    334.2249
    345.3355
    356.4403
    367.5367
    378.6218
    389.6927
    400.7464
    411.7794
    422.7884
    433.7698
    444.7200
    455.6353
    466.5122
    477.3471
    488.1365
    498.8772
    509.5660
    520.2001
    530.7765
    541.2925
    551.4951
    560.6461
    569.7802
    578.8958
    587.9917
    597.0667
    606.1196
    615.1477
    624.1460
    633.1087
    642.0402
    650.9467
    659.8315
    668.6966
    677.5432
    686.3716
    695.1822
    703.9744
    712.7465
    721.4967
    730.2226
    738.9225
    747.5968
    756.2451
    764.8665
    773.4600
    782.0250
    790.5607
    799.0668
    807.5428
    815.9883
    824.4030
    832.7859
    841.1367
    849.4545
    857.7394
    865.9914
    874.2108
    882.3972
    890.5502
    898.6694
    906.7546
    914.8058
    922.8227
    930.8051
    938.7530
    946.6661
    954.5444
    962.3878
    970.1962
    977.9695
    985.7078
    993.4107
   1001.0782
   1008.7103
   1016.3067
   1023.8673
   1031.3925
   1038.8821
   1046.3364
   1053.7555
   1061.1390
   1068.4871
   1075.7997
   1083.0767
   1090.3180
   1097.5238
   1104.6937
   1111.8281
   1118.9269
   1125.9900
   1133.0175
   1140.0093
   1146.9655
   1153.8860
   1160.7709
   1167.6201
   1174.4336
   1181.2113
   1187.9534
   1194.6598
   1201.3304
   1207.9653
   1214.5643
   1221.1276
   1227.6549
   1234.1464
   1240.6019
   1247.0217
   1253.4056
   1259.7537
   1266.0659
   1272.3424
   1278.5829
   1284.7874
   1290.9558
   1297.0881
   1303.1844
   1309.2445
   1315.2684
   1321.2560
   1327.2073
   1333.1222
   1339.0006
   1344.8425
   1350.6477
   1356.4163
   1362.1479
   1367.8428
   1373.5006
   1379.1216
   1384.7056
   1390.2526
   1395.7622
   1401.2345
   1406.6691
   1412.0660
   1417.4252
   1422.7465
   1428.0302
   1433.2760
   1438.4838
   1443.6527
   1448.7823
   1453.8718
   1458.9216
   1463.9333
   1468.9088
   1473.8495
   1478.7540
   1483.6138
   1488.4077
   1493.1495
   1497.8650
   1502.5604
   1507.2389
   1511.9025
   1516.5522
# Travel time at depth = 500.00 km.
     -1.0000
     -1.0000
     -1.0000
     -1.0000
     -1.0000
     -1.0000
     -1.0000
     -1.0000
     -1.0000
     -1.0000
     -1.0000
     -1.0000
     -1.0000
     -1.0000
     -1.0000
     -1.0000
     -1.0000
     -1.0000
     -1.0000
     -1.0000
     -1.0000
     -1.0000
     -1.0000
     -1.0000
     -1.0000
     -1.0000
     -1.0000
     -1.0000
     -1.0000
     -1.0000
     -1.0000
    435.2956
    444.5322
    453.7667
    462.9980
    464.8207
    475.4044
    485.9597
    496.4786
    506.9552
    517.3843
    527.4211
    536.5799
    545.7229
    554.8483
    563.9548
    573.0413
    582.1066
    591.1492
    600.1653
    609.1497
    618.0991
    627.0207
    635.9189
    644.7965
    653.6551
    662.4955
    671.3180
    680.1227
    688.9088
    697.6744
    706.4177
    715.1362
    723.8290
    732.4963
    741.1378
    749.7524
    758.3394
    766.8978
    775.4272
    783.9272
    792.3974
    800.8374
    809.2466
    817.6245
    825.9703
    834.2836
    842.5643
    850.8124
    859.0283
    867.2114
    875.3615
    883.4781
    891.5612
    899.6103
    907.6255
    915.6067
    923.5536
    931.4661
    939.3441
    947.1874
    954.9961
    962.7700
    970.5092
    978.2134
    985.8825
    993.5164
   1001.1150
   1008.6782
   1016.2060
   1023.6987
   1031.1565
   1038.5791
   1045.9666
   1053.3188
   1060.6359
   1067.9176
   1075.1639
   1082.3750
   1089.5505
   1096.6907
   1103.7955
   1110.8649
   1117.8989
   1124.8976
   1131.8610
   1138.7888
   1145.6812
   1152.5382
   1159.3597
   1166.1458
   1172.8964
   1179.6115
   1186.2911
   1192.9352
   1199.5437
   1206.1166
   1212.6538
   1219.1554
   1225.6213
   1232.0516
   1238.4464
   1244.8054
   1251.1289
   1257.4167
   1263.6688
   1269.8853
   1276.0658
   1282.2104
   1288.3192
   1294.3921
   1300.4290
   1306.4297
   1312.3944
   1318.3229
   1324.2152
   1330.0712
   1335.8907
   1341.6737
   1347.4202
   1353.1300
   1358.8031
   1364.4395
   1370.0391
   1375.6018
   1381.1276
   1386.6162
   1392.0675
   1397.4813
   1402.8575
   1408.1962
   1413.4973
   1418.7609
   1423.9867
   1429.1743
   1434.3230
   1439.4321
   1444.5012
   1449.5316
   1454.5251
   1459.4834
   1464.4070
   1469.2914
   1474.1233
   1478.8867
   1483.6151
   1488.3208
   1493.0081
   1497.6794
   1502.3368
   1506.9808
# Travel time at depth = 600.00 km.
     -1.0000
     -1.0000
     -1.0000
     -1.0000
     -1.0000
     -1.0000
     -1.0000
     -1.0000
     -1.0000
     -1.0000
     -1.0000
     -1.0000
     -1.0000
     -1.0000
     -1.0000
     -1.0000
     -1.0000
     -1.0000
     -1.0000
     -1.0000
     -1.0000
     -1.0000
     -1.0000
     -1.0000
     -1.0000
     -1.0000
     -1.0000
     -1.0000
     -1.0000
    412.2656
    421.5022
    430.7368
    439.9682
    449.1953
    458.4168
    467.6315
    476.8380
    486.0352
    495.2214
    504.3955
    513.5558
    522.7007
    531.8287
    540.9381
    550.0281
    559.0975
    568.1450
    577.1677
    586.1607
    595.1194
    604.0488
    612.9543
    621.8386
    630.7037
    639.5507
    648.3798
    657.1915
    665.9852
    674.7595
    683.5126
    692.2423
    700.9468
    709.6263
    718.2805
    726.9087
    735.5101
    744.0838
    752.6292
    761.1459
    769.6334
    778.0914
    786.5195
    794.9171
    803.2834
    811.6180
    819.9205
    828.1909
    836.4293
    844.6358
    852.8099
    860.9513
    869.0596
    877.1347
    885.1764
    893.1845
    901.1590
    909.0995
    917.0062
    924.8787
    932.7169
    940.5209
    948.2906
    956.0258
    963.7265
    971.3925
    979.0236
    986.6198
    994.1808
   1001.7071
   1009.1985
   1016.6553
   1024.0773
   1031.4645
   1038.8169
   1046.1344
   1053.4169
   1060.6643
   1067.8768
   1075.0541
   1082.1963
   1089.3035
   1096.3756
   1103.4126
   1110.4146
   1117.3815
   1124.3131
   1131.2097
   1138.0712
   1144.8975
   1151.6885
   1158.4445
   1165.1652
   1171.8506
   1178.5007
   1185.1156
   1191.6952
   1198.2394
   1204.7482
   1211.2216
   1217.6595
   1224.0621
   1230.4294
   1236.7614
   1243.0579
   1249.3188
   1255.5444
   1261.7344
   1267.8888
   1274.0076
   1280.0906
   1286.1378
   1292.1493
   1298.1249
   1304.0646
   1309.9683
   1315.8359
   1321.6674
   1327.4625
   1333.2214
   1338.9438
   1344.6299
   1350.2794
   1355.8923
   1361.4688
   1367.0084
   1372.5112
   1377.9769
   1383.4054
   1388.7966
   1394.1504
   1399.4669
   1404.7460
   1409.9878
   1415.1918
   1420.3573
   1425.4839
   1430.5707
   1435.6183
   1440.6283
   1445.6025
   1450.5424
   1455.4462
   1460.3055
   1465.1003
   1469.8430
   1474.5591
   1479.2552
   1483.9343
   1488.5985
   1493.2493
   1497.8872
# Travel time at depth = 700.00 km.
     -1.0000
     -1.0000
     -1.0000
     -1.0000
     -1.0000
     -1.0000
     -1.0000
     -1.0000
     -1.0000
     -1.0000
     -1.0000
     -1.0000
     -1.0000
     -1.0000
     -1.0000
     -1.0000
     -1.0000
     -1.0000
     -1.0000
     -1.0000
     -1.0000
     -1.0000
     -1.0000
     -1.0000
     -1.0000
     -1.0000
     -1.0000
     -1.0000
     -1.0000
     -1.0000
     -1.0000
     -1.0000
     -1.0000
     -1.0000
     -1.0000
     -1.0000
     -1.0000
     -1.0000
     -1.0000
    501.7719
    510.8452
    519.9066
    528.9536
    537.9825
    546.9894
    555.9699
    564.9224
    573.8510
    582.7585
    591.6466
    600.5164
    609.3687
    618.2039
    627.0224
    635.8242
    644.6082
    653.3730
    662.1166
    670.8373
    679.5339
    688.2067
    696.8551
    705.4786
    714.0762
    722.6471
    731.1908
    739.7068
    748.1949
    756.6544
    765.0851
    773.4863
    781.8574
    790.1978
    798.5071
    806.7853
    815.0323
    823.2483
    831.4329
    839.5858
    847.7065
    855.7949
    863.8506
    871.8738
    879.8640
    887.8212
    895.7451
    903.6357
    911.4929
    919.3164
    927.1063
    934.8625
    942.5848
    950.2731
    957.9273
    965.5472
    973.1326
    980.6837
    988.2003
    995.6828
   1003.1311
   1010.5452
   1017.9249
   1025.2704
   1032.5813
   1039.8578
   1047.0996
   1054.3069
   1061.4795
   1068.6176
   1075.7208
   1082.7896
   1089.8236
   1096.8230
   1103.7877
   1110.7177
   1117.6128
   1124.4733
   1131.2990
   1138.0897
   1144.8457
   1151.5669
   1158.2532
   1164.9045
   1171.5210
   1178.1024
   1184.6488
   1191.1602
   1197.6365
   1204.0776
   1210.4838
   1216.8549
   1223.1909
   1229.4919
   1235.7577
   1241.9884
   1248.1837
   1254.3439
   1260.4685
   1266.5579
   1272.6117
   1278.6300
   1284.6128
   1290.5599
   1296.4714
   1302.3470
   1308.1869
   1313.9907
   1319.7585
   1325.4902
   1331.1858
   1336.8450
   1342.4680
   1348.0547
   1353.6051
   1359.1188
   1364.5957
   1370.0359
   1375.4388
   1380.8048
   1386.1335
   1391.4253
   1396.6799
   1401.8972
   1407.0765
   1412.2174
   1417.3191
   1422.3812
   1427.4055
   1432.3936
   1437.3468
   1442.2657
   1447.1449
   1451.9700
   1456.7290
   1461.4554
   1466.1598
   1470.8461
   1475.5167
   1480.1732
   1484.8169
   1489.4485
# Distance-dependent modelling error(s)
	21 	2
	0.0	0.4	1.0	2.0	4.0	6.0	8.0	16.0	24.0
	30.0	34.0	38.0	50.0	66.0	74.0	98.0	114.0	130.0
	158.0	166.0	180.0
	0.0	200.0
#
	0.1
	1.1
	1.5
	2.1
	3.0
	3.4
	3.7
	3.8
	4.1
	5.2
	4.2
	3.0
	2.0
	2.0
	1.9
	1.9
	1.8
	1.5
	1.5
	1.8
	1.9
#
	0.7
	0.9
	1.2
	1.8
	2.6
	2.9
	3.3
	3.3
	3.5
	4.4
	3.6
	2.5
	1.8
	1.8
	1.5
	1.5
	1.4
	1.3
	1.3
	1.4	
	1.5
#@(#)        iasp91.PP     2.1     06/06/96
