# IASPEI travel-time table for phase: pPdiff  
 14   Number of depth samples at the following depths (km):
    0.00   15.00   35.00   50.00   75.00  100.00  150.00  200.00  250.00  300.00
  400.00  500.00  600.00  700.00
 46   Number of distance samples at the following distances (deg):
   99.00  100.00  101.00  102.00  103.00  104.00  105.00  106.00  107.00  108.00
  109.00  110.00  111.00  112.00  113.00  114.00  115.00  116.00  117.00  118.00
  119.00  120.00  121.00  122.00  123.00  124.00  125.00  126.00  127.00  128.00
  129.00  130.00  131.00  132.00  133.00  134.00  135.00  136.00  137.00  138.00
  139.00  140.00  141.00  142.00  143.00  144.00
# Travel time at depth =   0.00 km.
    822.3270
    826.7659
    831.2048
    835.6437
    840.0826
    844.5216
    848.9605
    853.3994
    857.8383
    862.2773
    866.7162
    871.1551
    875.5940
    880.0330
    884.4719
    888.9108
    893.3497
    897.7886
    902.2275
    906.6664
    911.1053
    915.5443
    919.9832
    924.4221
    928.8610
    933.3000
    937.7389
    942.1778
    946.6167
    951.0557
    955.4946
    959.9335
    964.3724
    968.8113
    973.2502
    977.6891
    982.1281
    986.5670
    991.0059
    995.4448
    999.8837
   1004.3227
   1008.7616
   1013.2005
   1017.6394
   1022.0784
# Travel time at depth =  15.00 km.
    824.8428
    829.2817
    833.7206
    838.1595
    842.5984
    847.0374
    851.4763
    855.9152
    860.3541
    864.7930
    869.2319
    873.6709
    878.1098
    882.5487
    886.9876
    891.4266
    895.8655
    900.3044
    904.7433
    909.1823
    913.6212
    918.0601
    922.4990
    926.9379
    931.3768
    935.8157
    940.2546
    944.6936
    949.1325
    953.5714
    958.0104
    962.4493
    966.8882
    971.3271
    975.7661
    980.2050
    984.6439
    989.0828
    993.5217
    997.9606
   1002.3995
   1006.8384
   1011.2774
   1015.7163
   1020.1552
   1024.5941
# Travel time at depth =  35.00 km.
    827.9091
    832.3481
    836.7870
    841.2259
    845.6648
    850.1038
    854.5427
    858.9816
    863.4205
    867.8594
    872.2983
    876.7372
    881.1761
    885.6151
    890.0540
    894.4929
    898.9318
    903.3708
    907.8097
    912.2486
    916.6875
    921.1265
    925.5654
    930.0043
    934.4432
    938.8821
    943.3210
    947.7599
    952.1989
    956.6378
    961.0767
    965.5156
    969.9545
    974.3935
    978.8324
    983.2713
    987.7102
    992.1492
    996.5881
   1001.0270
   1005.4659
   1009.9048
   1014.3438
   1018.7827
   1023.2216
   1027.6605
# Travel time at depth =  50.00 km.
    829.6746
    834.1135
    838.5524
    842.9913
    847.4302
    851.8692
    856.3081
    860.7470
    865.1859
    869.6249
    874.0638
    878.5027
    882.9416
    887.3806
    891.8195
    896.2584
    900.6973
    905.1362
    909.5751
    914.0140
    918.4529
    922.8919
    927.3308
    931.7697
    936.2086
    940.6476
    945.0865
    949.5254
    953.9644
    958.4033
    962.8422
    967.2811
    971.7200
    976.1589
    980.5978
    985.0367
    989.4757
    993.9146
    998.3535
   1002.7924
   1007.2314
   1011.6703
   1016.1092
   1020.5481
   1024.9871
   1029.4259
# Travel time at depth =  75.00 km.
    832.6148
    837.0537
    841.4927
    845.9316
    850.3705
    854.8094
    859.2484
    863.6873
    868.1262
    872.5651
    877.0040
    881.4429
    885.8818
    890.3208
    894.7597
    899.1986
    903.6375
    908.0765
    912.5154
    916.9543
    921.3932
    925.8322
    930.2711
    934.7100
    939.1489
    943.5878
    948.0267
    952.4656
    956.9045
    961.3435
    965.7824
    970.2213
    974.6602
    979.0992
    983.5381
    987.9770
    992.4159
    996.8549
   1001.2938
   1005.7327
   1010.1716
   1014.6105
   1019.0494
   1023.4883
   1027.9272
   1032.3662
# Travel time at depth = 100.00 km.
    835.5525
    839.9914
    844.4303
    848.8693
    853.3082
    857.7471
    862.1860
    866.6249
    871.0638
    875.5027
    879.9417
    884.3806
    888.8195
    893.2584
    897.6973
    902.1363
    906.5752
    911.0141
    915.4530
    919.8920
    924.3309
    928.7698
    933.2087
    937.6476
    942.0865
    946.5255
    950.9644
    955.4033
    959.8422
    964.2811
    968.7200
    973.1590
    977.5979
    982.0368
    986.4757
    990.9147
    995.3536
    999.7925
   1004.2314
   1008.6703
   1013.1093
   1017.5482
   1021.9871
   1026.4260
   1030.8649
   1035.3038
# Travel time at depth = 150.00 km.
    841.4006
    845.8395
    850.2785
    854.7174
    859.1563
    863.5952
    868.0342
    872.4731
    876.9120
    881.3509
    885.7899
    890.2288
    894.6677
    899.1066
    903.5455
    907.9844
    912.4233
    916.8622
    921.3012
    925.7401
    930.1790
    934.6179
    939.0569
    943.4958
    947.9347
    952.3736
    956.8126
    961.2515
    965.6904
    970.1293
    974.5682
    979.0071
    983.4460
    987.8850
    992.3239
    996.7628
   1001.2017
   1005.6407
   1010.0796
   1014.5185
   1018.9574
   1023.3964
   1027.8352
   1032.2742
   1036.7131
   1041.1520
# Travel time at depth = 200.00 km.
    847.1406
    851.5795
    856.0184
    860.4573
    864.8962
    869.3351
    873.7741
    878.2130
    882.6519
    887.0908
    891.5298
    895.9687
    900.4076
    904.8465
    909.2855
    913.7244
    918.1633
    922.6022
    927.0411
    931.4800
    935.9189
    940.3578
    944.7968
    949.2357
    953.6746
    958.1135
    962.5525
    966.9914
    971.4303
    975.8692
    980.3082
    984.7471
    989.1860
    993.6249
    998.0638
   1002.5027
   1006.9417
   1011.3806
   1015.8195
   1020.2584
   1024.6974
   1029.1362
   1033.5752
   1038.0140
   1042.4530
   1046.8920
# Travel time at depth = 250.00 km.
     -1.0000
    857.1948
    861.6337
    866.0726
    870.5115
    874.9505
    879.3894
    883.8283
    888.2672
    892.7062
    897.1451
    901.5840
    906.0229
    910.4619
    914.9008
    919.3397
    923.7786
    928.2175
    932.6564
    937.0953
    941.5342
    945.9732
    950.4121
    954.8510
    959.2899
    963.7289
    968.1678
    972.6067
    977.0456
    981.4846
    985.9235
    990.3624
    994.8013
    999.2402
   1003.6791
   1008.1180
   1012.5569
   1016.9959
   1021.4348
   1025.8738
   1030.3126
   1034.7516
   1039.1904
   1043.6294
   1048.0684
   1052.5072
# Travel time at depth = 300.00 km.
     -1.0000
    862.6678
    867.1067
    871.5456
    875.9846
    880.4235
    884.8624
    889.3013
    893.7402
    898.1791
    902.6180
    907.0570
    911.4959
    915.9348
    920.3737
    924.8127
    929.2516
    933.6905
    938.1294
    942.5684
    947.0073
    951.4462
    955.8851
    960.3240
    964.7629
    969.2018
    973.6407
    978.0797
    982.5186
    986.9575
    991.3964
    995.8354
   1000.2743
   1004.7132
   1009.1521
   1013.5911
   1018.0300
   1022.4689
   1026.9078
   1031.3467
   1035.7856
   1040.2246
   1044.6635
   1049.1024
   1053.5413
   1057.9802
# Travel time at depth = 400.00 km.
     -1.0000
    873.2038
    877.6427
    882.0816
    886.5205
    890.9595
    895.3984
    899.8373
    904.2762
    908.7151
    913.1541
    917.5930
    922.0319
    926.4708
    930.9097
    935.3486
    939.7875
    944.2265
    948.6654
    953.1043
    957.5432
    961.9822
    966.4211
    970.8600
    975.2989
    979.7379
    984.1768
    988.6157
    993.0546
    997.4935
   1001.9324
   1006.3713
   1010.8102
   1015.2492
   1019.6881
   1024.1271
   1028.5659
   1033.0049
   1037.4437
   1041.8827
   1046.3217
   1050.7605
   1055.1995
   1059.6384
   1064.0773
   1068.5162
# Travel time at depth = 500.00 km.
     -1.0000
     -1.0000
    887.3035
    891.7424
    896.1813
    900.6202
    905.0592
    909.4981
    913.9370
    918.3759
    922.8149
    927.2538
    931.6927
    936.1316
    940.5706
    945.0095
    949.4484
    953.8873
    958.3262
    962.7651
    967.2040
    971.6429
    976.0819
    980.5208
    984.9597
    989.3986
    993.8376
    998.2765
   1002.7154
   1007.1543
   1011.5933
   1016.0322
   1020.4711
   1024.9100
   1029.3489
   1033.7878
   1038.2268
   1042.6656
   1047.1046
   1051.5435
   1055.9824
   1060.4214
   1064.8602
   1069.2992
   1073.7382
   1078.1770
# Travel time at depth = 600.00 km.
     -1.0000
     -1.0000
    896.4915
    900.9304
    905.3693
    909.8083
    914.2472
    918.6861
    923.1250
    927.5640
    932.0029
    936.4418
    940.8807
    945.3196
    949.7585
    954.1974
    958.6364
    963.0753
    967.5142
    971.9531
    976.3921
    980.8310
    985.2699
    989.7088
    994.1478
    998.5867
   1003.0256
   1007.4645
   1011.9034
   1016.3423
   1020.7812
   1025.2202
   1029.6591
   1034.0980
   1038.5370
   1042.9758
   1047.4148
   1051.8536
   1056.2926
   1060.7316
   1065.1704
   1069.6094
   1074.0483
   1078.4872
   1082.9261
   1087.3650
# Travel time at depth = 700.00 km.
     -1.0000
     -1.0000
     -1.0000
    909.4714
    913.9103
    918.3492
    922.7882
    927.2271
    931.6660
    936.1049
    940.5439
    944.9828
    949.4217
    953.8606
    958.2996
    962.7385
    967.1774
    971.6163
    976.0552
    980.4941
    984.9330
    989.3719
    993.8109
    998.2498
   1002.6887
   1007.1276
   1011.5666
   1016.0055
   1020.4444
   1024.8833
   1029.3223
   1033.7611
   1038.2001
   1042.6390
   1047.0779
   1051.5168
   1055.9558
   1060.3947
   1064.8336
   1069.2725
   1073.7114
   1078.1504
   1082.5892
   1087.0282
   1091.4672
   1095.9060
# Distance-dependent modelling error(s)   
   4   2
	97.0	101.0	104.0	109.0
	0.0	200.0
#
	1.4
	2.0
	2.3
	2.6
#
	1.7
	2.1
	2.5
	2.8
#@(#)        iasp91.pPdiff     2.1     06/06/96
