# IASPEI travel-time table for phase: pPKiKP  
 14   Number of depth samples at the following depths (km):
    0.00   15.00   35.00   50.00   75.00  100.00  150.00  200.00  250.00  300.00
  400.00  500.00  600.00  700.00
 32   Number of distance samples at the following distances (deg):
    0.00    5.00   10.00   15.00   20.00   25.00   30.00   35.00   40.00   45.00
   50.00   55.00   60.00   65.00   70.00   75.00   80.00   85.00   90.00   95.00
  100.00  105.00  110.00  115.00  120.00  125.00  130.00  135.00  140.00  145.00
  150.00  155.00
# Travel time at depth =   0.00 km.
    994.5978
    994.8775
    995.7156
    997.1091
    999.0533
   1001.5414
   1004.5651
   1008.1141
   1012.1764
   1016.7386
   1021.7857
   1027.3016
   1033.2686
   1039.6681
   1046.4803
   1053.6848
   1061.2601
   1069.1842
   1077.4344
   1085.9878
   1094.8208
   1103.9098
   1113.2310
   1122.7603
   1132.4738
   1142.3477
   1152.3582
   1162.4821
   1172.6960
   1182.9773
   1193.3038
   1203.6534
# Travel time at depth =  15.00 km.
    997.1841
    997.4637
    998.3016
    999.6949
   1001.6389
   1004.1266
   1007.1498
   1010.6982
   1014.7599
   1019.3215
   1024.3680
   1029.8832
   1035.8494
   1042.2482
   1049.0596
   1056.2633
   1063.8379
   1071.7612
   1080.0107
   1088.5634
   1097.3958
   1106.4841
   1115.8046
   1125.3334
   1135.0464
   1144.9198
   1154.9301
   1165.0536
   1175.2673
   1185.5486
   1195.8749
   1206.2246
# Travel time at depth =  35.00 km.
   1000.3538
   1000.6333
   1001.4710
   1002.8640
   1004.8075
   1007.2947
   1010.3173
   1013.8649
   1017.9258
   1022.4865
   1027.5320
   1033.0460
   1039.0112
   1045.4088
   1052.2191
   1059.4216
   1066.9951
   1074.9174
   1083.1658
   1091.7174
   1100.5488
   1109.6362
   1118.9559
   1128.4839
   1138.1962
   1148.0691
   1158.0787
   1168.2019
   1178.4153
   1188.6962
   1199.0225
   1209.3721
# Travel time at depth =  50.00 km.
   1002.2192
   1002.4988
   1003.3363
   1004.7290
   1006.6721
   1009.1588
   1012.1807
   1015.7276
   1019.7877
   1024.3474
   1029.3920
   1034.9050
   1040.8691
   1047.2656
   1054.0750
   1061.2764
   1068.8488
   1076.7699
   1085.0173
   1093.5679
   1102.3983
   1111.4849
   1120.8038
   1130.3311
   1140.0426
   1149.9149
   1159.9241
   1170.0469
   1180.2599
   1190.5406
   1200.8667
   1211.2162
# Travel time at depth =  75.00 km.
   1005.3275
   1005.6069
   1006.4441
   1007.8363
   1009.7786
   1012.2644
   1015.2853
   1018.8310
   1022.8896
   1027.4479
   1032.4908
   1038.0022
   1043.9646
   1050.3594
   1057.1667
   1064.3665
   1071.9369
   1079.8563
   1088.1019
   1096.6509
   1105.4797
   1114.5648
   1123.8823
   1133.4083
   1143.1189
   1152.9901
   1162.9985
   1173.1205
   1183.3330
   1193.6134
   1203.9392
   1214.2887
# Travel time at depth = 100.00 km.
   1008.4345
   1008.7138
   1009.5507
   1010.9424
   1012.8840
   1015.3690
   1018.3887
   1021.9332
   1025.9905
   1030.5472
   1035.5886
   1041.0983
   1047.0588
   1053.4518
   1060.2573
   1067.4552
   1075.0238
   1082.9414
   1091.1853
   1099.7325
   1108.5598
   1117.6434
   1126.9596
   1136.4843
   1146.1936
   1156.0640
   1166.0714
   1176.1927
   1186.4048
   1196.6847
   1207.0103
   1217.3596
# Travel time at depth = 150.00 km.
   1014.6270
   1014.9060
   1015.7423
   1017.1329
   1019.0731
   1021.5562
   1024.5739
   1028.1158
   1032.1703
   1036.7240
   1041.7621
   1047.2683
   1053.2253
   1059.6145
   1066.4164
   1073.6105
   1081.1754
   1089.0892
   1097.3297
   1105.8735
   1114.6975
   1123.7781
   1133.0913
   1142.6135
   1152.3206
   1162.1888
   1172.1946
   1182.3146
   1192.5254
   1202.8046
   1213.1296
   1223.4788
# Travel time at depth = 200.00 km.
   1020.7228
   1021.0016
   1021.8373
   1023.2269
   1025.1655
   1027.6467
   1030.6621
   1034.2015
   1038.2532
   1042.8037
   1047.8384
   1053.3411
   1059.2943
   1065.6798
   1072.4778
   1079.6680
   1087.2290
   1095.1392
   1103.3759
   1111.9163
   1120.7368
   1129.8142
   1139.1246
   1148.6440
   1158.3488
   1168.2150
   1178.2190
   1188.3374
   1198.5471
   1208.8254
   1219.1500
   1229.4990
# Travel time at depth = 250.00 km.
   1026.7072
   1026.9858
   1027.8208
   1029.2092
   1031.1464
   1033.6257
   1036.6388
   1040.1754
   1044.2241
   1048.7714
   1053.8026
   1059.3016
   1065.2511
   1071.6326
   1078.4265
   1085.6127
   1093.1698
   1101.0760
   1109.3090
   1117.8456
   1126.6628
   1135.7369
   1145.0443
   1154.5610
   1164.2633
   1174.1272
   1184.1294
   1194.2462
   1204.4548
   1214.7322
   1225.0563
   1235.4050
# Travel time at depth = 300.00 km.
   1032.5643
   1032.8428
   1033.6770
   1035.0642
   1036.9999
   1039.4771
   1042.4878
   1046.0217
   1050.0673
   1054.6112
   1059.6388
   1065.1339
   1071.0793
   1077.4568
   1084.2467
   1091.4286
   1098.9816
   1106.8838
   1115.1128
   1123.6456
   1132.4592
   1141.5299
   1150.8341
   1160.3480
   1170.0477
   1179.9094
   1189.9097
   1200.0249
   1210.2322
   1220.5087
   1230.8322
   1241.1807
# Travel time at depth = 400.00 km.
   1043.9158
   1044.1937
   1045.0265
   1046.4114
   1048.3435
   1050.8165
   1053.8221
   1057.3502
   1061.3893
   1065.9260
   1070.9459
   1076.4331
   1082.3701
   1088.7389
   1095.5200
   1102.6932
   1110.2374
   1118.1310
   1126.3516
   1134.8765
   1143.6824
   1152.7460
   1162.0435
   1171.5511
   1181.2454
   1191.1023
   1201.0984
   1211.2103
   1221.4149
   1231.6895
   1242.0117
   1252.3597
# Travel time at depth = 500.00 km.
   1054.4890
   1054.7665
   1055.5977
   1056.9797
   1058.9082
   1061.3766
   1064.3765
   1067.8982
   1071.9299
   1076.4589
   1081.4702
   1086.9484
   1092.8762
   1099.2354
   1106.0067
   1113.1700
   1120.7046
   1128.5886
   1136.7999
   1145.3158
   1154.1132
   1163.1687
   1172.4589
   1181.9598
   1191.6479
   1201.4995
   1211.4910
   1221.5990
   1231.8007
   1242.0730
   1252.3938
   1262.7413
# Travel time at depth = 600.00 km.
   1064.6633
   1064.9401
   1065.7695
   1067.1488
   1069.0732
   1071.5366
   1074.5305
   1078.0452
   1082.0692
   1086.5897
   1091.5920
   1097.0605
   1102.9783
   1109.3271
   1116.0881
   1123.2410
   1130.7650
   1138.6388
   1146.8401
   1155.3463
   1164.1345
   1173.1814
   1182.4635
   1191.9572
   1201.6387
   1211.4844
   1221.4709
   1231.5748
   1241.7732
   1252.0431
   1262.3624
   1272.7094
# Travel time at depth = 700.00 km.
   1074.2942
   1074.5703
   1075.3978
   1076.7739
   1078.6941
   1081.1519
   1084.1393
   1087.6464
   1091.6620
   1096.1731
   1101.1655
   1106.6235
   1112.5304
   1118.8680
   1125.6174
   1132.7589
   1140.2715
   1148.1339
   1156.3242
   1164.8199
   1173.5980
   1182.6354
   1191.9087
   1201.3942
   1211.0685
   1220.9078
   1230.8888
   1240.9882
   1251.1829
   1261.4501
   1271.7677
   1282.1138
# Modelling error(s)
   1   1
#
   0.700
#@(#)        iasp91.pPKiKP     2.1     06/06/96
