# IASPEI travel-time table for phase: pPKPab  
 14   Number of depth samples at the following depths (km):
    0.00   15.00   35.00   50.00   75.00  100.00  150.00  200.00  250.00  300.00
  400.00  500.00  600.00  700.00
 34   Number of distance samples at the following distances (deg):
  145.00  146.00  147.00  148.00  149.00  150.00  151.00  152.00  153.00  154.00
  155.00  156.00  157.00  158.00  159.00  160.00  161.00  162.00  163.00  164.00
  165.00  166.00  167.00  168.00  169.00  170.00  171.00  172.00  173.00  174.00
  175.00  176.00  177.00  178.00
# Travel time at depth =   0.00 km.
   1177.7375
   1181.5366
   1185.4521
   1189.4470
   1193.5034
   1197.6097
   1201.7579
   1205.9418
   1210.1566
   1214.3987
   1218.6647
   1222.9520
   1227.2583
   1231.5814
   1235.9197
   1240.2715
   1244.6354
   1249.0101
   1253.3944
   1257.7875
   1262.1881
   1266.5955
   1271.0088
   1275.4272
   1279.8502
   1284.2771
   1288.7072
   1293.1400
   1297.5748
   1302.0115
   1306.4492
   1310.8877
     -1.0000
     -1.0000
# Travel time at depth =  15.00 km.
   1180.2748
   1184.0696
   1187.9825
   1191.9755
   1196.0303
   1200.1353
   1204.2822
   1208.4651
   1212.6791
   1216.9203
   1221.1857
   1225.4723
   1229.7780
   1234.1006
   1238.4385
   1242.7898
   1247.1533
   1251.5277
   1255.9119
   1260.3046
   1264.7050
   1269.1122
   1273.5253
   1277.9436
   1282.3665
   1286.7932
   1291.2233
   1295.6559
   1300.0908
   1304.5273
   1308.9650
   1313.4036
     -1.0000
     -1.0000
# Travel time at depth =  35.00 km.
   1183.3730
   1187.1614
   1191.0704
   1195.0604
   1199.1128
   1203.2158
   1207.3611
   1211.5425
   1215.7551
   1219.9952
   1224.2595
   1228.5453
   1232.8502
   1237.1721
   1241.5093
   1245.8600
   1250.2230
   1254.5969
   1258.9806
   1263.3729
   1267.7729
   1272.1799
   1276.5928
   1281.0109
   1285.4336
   1289.8601
   1294.2899
   1298.7225
   1303.1572
   1307.5938
   1312.0315
   1316.4700
     -1.0000
     -1.0000
# Travel time at depth =  50.00 km.
   1185.1699
   1188.9519
   1192.8572
   1196.8442
   1200.8943
   1204.9954
   1209.1389
   1213.3188
   1217.5302
   1221.7692
   1226.0325
   1230.3173
   1234.6213
   1238.9425
   1243.2791
   1247.6293
   1251.9917
   1256.3651
   1260.7484
   1265.1404
   1269.5400
   1273.9467
   1278.3593
   1282.7772
   1287.1997
   1291.6261
   1296.0558
   1300.4882
   1304.9229
   1309.3593
   1313.7969
   1318.2354
   1322.6742
     -1.0000
# Travel time at depth =  75.00 km.
   1188.1638
   1191.9346
   1195.8333
   1199.8154
   1203.8615
   1207.9592
   1212.1000
   1216.2775
   1220.4867
   1224.7236
   1228.9852
   1233.2686
   1237.5713
   1241.8912
   1246.2267
   1250.5758
   1254.9374
   1259.3101
   1263.6926
   1268.0840
   1272.4832
   1276.8892
   1281.3014
   1285.7189
   1290.1410
   1294.5671
   1298.9966
   1303.4288
   1307.8634
   1312.2997
   1316.7372
   1321.1757
   1325.6145
     -1.0000
# Travel time at depth = 100.00 km.
   1191.1569
   1194.9156
   1198.8076
   1202.7847
   1206.8267
   1210.9210
   1215.0588
   1219.2338
   1223.4408
   1227.6759
   1231.9358
   1236.2175
   1240.5188
   1244.8375
   1249.1718
   1253.5200
   1257.8807
   1262.2526
   1266.6344
   1271.0250
   1275.4236
   1279.8292
   1284.2410
   1288.6581
   1293.0798
   1297.5056
   1301.9349
   1306.3669
   1310.8013
   1315.2374
   1319.6749
   1324.1133
   1328.5521
     -1.0000
# Travel time at depth = 150.00 km.
   1197.1224
   1200.8538
   1204.7314
   1208.6980
   1212.7316
   1216.8190
   1220.9508
   1225.1206
   1229.3231
   1233.5541
   1237.8104
   1242.0890
   1246.3875
   1250.7035
   1255.0355
   1259.3816
   1263.7405
   1268.1106
   1272.4910
   1276.8802
   1281.2777
   1285.6823
   1290.0930
   1294.5094
   1298.9304
   1303.3557
   1307.7844
   1312.2161
   1316.6500
   1321.0859
   1325.5233
   1329.9615
   1334.4003
     -1.0000
# Travel time at depth = 200.00 km.
     -1.0000
   1206.6893
   1210.5515
   1214.5068
   1218.5315
   1222.6113
   1226.7369
   1230.9012
   1235.0990
   1239.3258
   1243.5782
   1247.8535
   1252.1489
   1256.4623
   1260.7919
   1265.1359
   1269.4927
   1273.8611
   1278.2399
   1282.6278
   1287.0239
   1291.4274
   1295.8372
   1300.2527
   1304.6730
   1309.0977
   1313.5258
   1317.9570
   1322.3906
   1326.8263
   1331.2634
   1335.7015
   1340.1403
     -1.0000
# Travel time at depth = 250.00 km.
     -1.0000
   1212.4069
   1216.2520
   1220.1952
   1224.2103
   1228.2823
   1232.4012
   1236.5597
   1240.7523
   1244.9747
   1249.2231
   1253.4949
   1257.7871
   1262.0977
   1266.4247
   1270.7664
   1275.1211
   1279.4877
   1283.8647
   1288.2512
   1292.6460
   1297.0482
   1301.4570
   1305.8716
   1310.2911
   1314.7151
   1319.1427
   1323.5735
   1328.0067
   1332.4420
   1336.8789
   1341.3169
   1345.7555
     -1.0000
# Travel time at depth = 300.00 km.
     -1.0000
   1217.9899
   1221.8160
   1225.7462
   1229.7510
   1233.8146
   1237.9263
   1242.0786
   1246.2659
   1250.4835
   1254.7278
   1258.9956
   1263.2845
   1267.5920
   1271.9163
   1276.2555
   1280.6082
   1284.9727
   1289.3480
   1293.7329
   1298.1263
   1302.5272
   1306.9349
   1311.3485
   1315.7673
   1320.1904
   1324.6174
   1329.0477
   1333.4806
   1337.9155
   1342.3522
   1346.7900
   1351.2285
     -1.0000
# Travel time at depth = 400.00 km.
     -1.0000
   1228.7738
   1232.5540
   1236.4543
   1240.4362
   1244.4810
   1248.5769
   1252.7157
   1256.8911
   1261.0983
   1265.3333
   1269.5929
   1273.8744
   1278.1753
   1282.4935
   1286.8274
   1291.1752
   1295.5354
   1299.9069
   1304.2883
   1308.6786
   1313.0768
   1317.4821
   1321.8936
   1326.3104
   1330.7319
   1335.1576
   1339.5867
   1344.0186
   1348.4528
   1352.8889
   1357.3263
   1361.7646
   1366.2034
# Travel time at depth = 500.00 km.
     -1.0000
   1238.7440
   1242.4565
   1246.3197
   1250.2737
   1254.2959
   1258.3732
   1262.4958
   1266.6573
   1270.8522
   1275.0763
   1279.3263
   1283.5990
   1287.8922
   1292.2035
   1296.5310
   1300.8732
   1305.2284
   1309.5952
   1313.9725
   1318.3591
   1322.7542
   1327.1565
   1331.5654
   1335.9801
   1340.3997
   1344.8237
   1349.2513
   1353.6821
   1358.1154
   1362.5508
   1366.9877
   1371.4255
   1375.8643
# Travel time at depth = 600.00 km.
     -1.0000
     -1.0000
   1251.9272
   1255.7438
   1259.6647
   1263.6608
   1267.7162
   1271.8204
   1275.9659
   1280.1469
   1284.3586
   1288.5975
   1292.8605
   1297.1448
   1301.4481
   1305.7686
   1310.1042
   1314.4536
   1318.8153
   1323.1879
   1327.5704
   1331.9617
   1336.3607
   1340.7667
   1345.1787
   1349.5962
   1354.0182
   1358.4442
   1362.8735
   1367.3058
   1371.7402
   1376.1764
   1380.6139
   1385.0524
# Travel time at depth = 700.00 km.
     -1.0000
     -1.0000
   1260.8137
   1264.5664
   1268.4464
   1272.4106
   1276.4402
   1280.5226
   1284.6493
   1288.8137
   1293.0109
   1297.2368
   1301.4883
   1305.7622
   1310.0563
   1314.3684
   1318.6965
   1323.0392
   1327.3948
   1331.7620
   1336.1395
   1340.5264
   1344.9215
   1349.3240
   1353.7330
   1358.1477
   1362.5674
   1366.9915
   1371.4192
   1375.8500
   1380.2832
   1384.7186
   1389.1555
   1393.5935
# Modelling error(s)
   1   1
#
   1.000
#@(#)        iasp91.pPKPab     2.1     06/06/96
