# IASPEI travel-time table for phase: pPKPdf  
 14   Number of depth samples at the following depths (km):
    0.00   15.00   35.00   50.00   75.00  100.00  150.00  200.00  250.00  300.00
  400.00  500.00  600.00  700.00
 34   Number of distance samples at the following distances (deg):
  114.00  116.00  118.00  120.00  122.00  124.00  126.00  128.00  130.00  132.00
  134.00  136.00  138.00  140.00  142.00  144.00  146.00  148.00  150.00  152.00
  154.00  156.00  158.00  160.00  162.00  164.00  166.00  168.00  170.00  172.00
  174.00  176.00  178.00  180.00
# Travel time at depth =   0.00 km.
   1120.8385
   1124.6686
   1128.4971
   1132.3226
   1136.1432
   1139.9569
   1143.7614
   1147.5537
   1151.3303
   1155.0874
   1158.8199
   1162.5217
   1166.1858
   1169.8031
   1173.3634
   1176.8545
   1180.2623
   1183.5714
   1186.7650
   1189.8264
   1192.7388
   1195.4866
   1198.0557
   1200.4336
   1202.6100
   1204.5759
   1206.3242
   1207.8492
   1209.1462
   1210.2118
   1211.0432
   1211.6384
   1211.9960
   1212.1154
# Travel time at depth =  15.00 km.
   1123.4117
   1127.2418
   1131.0704
   1134.8959
   1138.7166
   1142.5304
   1146.3348
   1150.1272
   1153.9041
   1157.6613
   1161.3939
   1165.0959
   1168.7603
   1172.3779
   1175.9387
   1179.4302
   1182.8386
   1186.1482
   1189.3427
   1192.4048
   1195.3180
   1198.0665
   1200.6365
   1203.0153
   1205.1924
   1207.1591
   1208.9081
   1210.4337
   1211.7312
   1212.7972
   1213.6290
   1214.2244
   1214.5822
   1214.7017
# Travel time at depth =  35.00 km.
   1126.5625
   1130.3926
   1134.2212
   1138.0466
   1141.8674
   1145.6813
   1149.4858
   1153.2783
   1157.0554
   1160.8127
   1164.5457
   1168.2482
   1171.9127
   1175.5310
   1179.0923
   1182.5845
   1185.9937
   1189.3042
   1192.4996
   1195.5629
   1198.4773
   1201.2271
   1203.7982
   1206.1782
   1208.3566
   1210.3242
   1212.0743
   1213.6008
   1214.8992
   1215.9658
   1216.7980
   1217.3938
   1217.7518
   1217.8713
# Travel time at depth =  50.00 km.
   1128.4098
   1132.2399
   1136.0685
   1139.8940
   1143.7148
   1147.5288
   1151.3335
   1155.1261
   1158.9033
   1162.6609
   1166.3940
   1170.0968
   1173.7618
   1177.3805
   1180.9424
   1184.4352
   1187.8451
   1191.1566
   1194.3530
   1197.4172
   1200.3328
   1203.0839
   1205.6561
   1208.0374
   1210.2167
   1212.1855
   1213.9365
   1215.4639
   1216.7629
   1217.8302
   1218.6628
   1219.2590
   1219.6173
   1219.7368
# Travel time at depth =  75.00 km.
   1131.4874
   1135.3175
   1139.1461
   1142.9718
   1146.7926
   1150.6067
   1154.4116
   1158.2045
   1161.9819
   1165.7399
   1169.4734
   1173.1766
   1176.8424
   1180.4618
   1184.0245
   1187.5186
   1190.9298
   1194.2427
   1197.4408
   1200.5068
   1203.4243
   1206.1772
   1208.7516
   1211.1346
   1213.3159
   1215.2865
   1217.0391
   1218.5679
   1219.8682
   1220.9365
   1221.7700
   1222.3667
   1222.7253
   1222.8450
# Travel time at depth = 100.00 km.
   1134.5636
   1138.3938
   1142.2224
   1146.0481
   1149.8690
   1153.6832
   1157.4883
   1161.2814
   1165.0591
   1168.8174
   1172.5514
   1176.2552
   1179.9215
   1183.5417
   1187.1055
   1190.6006
   1194.0131
   1197.3275
   1200.5272
   1203.5951
   1206.5144
   1209.2694
   1211.8457
   1214.2308
   1216.4139
   1218.3864
   1220.1405
   1221.6708
   1222.9723
   1224.0416
   1224.8760
   1225.4733
   1225.8323
   1225.9520
# Travel time at depth = 150.00 km.
   1140.6935
   1144.5236
   1148.3523
   1152.1781
   1155.9993
   1159.8137
   1163.6191
   1167.4126
   1171.1909
   1174.9500
   1178.6848
   1182.3896
   1186.0573
   1189.6791
   1193.2446
   1196.7421
   1200.1571
   1203.4746
   1206.6776
   1209.7493
   1212.6725
   1215.4315
   1218.0120
   1220.4010
   1222.5880
   1224.5640
   1226.3214
   1227.8546
   1229.1588
   1230.2302
   1231.0663
   1231.6648
   1232.0244
   1232.1445
# Travel time at depth = 200.00 km.
   1146.7246
   1150.5548
   1154.3835
   1158.2096
   1162.0309
   1165.8456
   1169.6514
   1173.4453
   1177.2241
   1180.9839
   1184.7196
   1188.4255
   1192.0945
   1195.7179
   1199.2855
   1202.7852
   1206.2030
   1209.5236
   1212.7301
   1215.8054
   1218.7327
   1221.4960
   1224.0806
   1226.4738
   1228.6648
   1230.6444
   1232.4054
   1233.9417
   1235.2484
   1236.3221
   1237.1598
   1237.7596
   1238.1200
   1238.2404
# Travel time at depth = 250.00 km.
     -1.0000
   1156.4723
   1160.3011
   1164.1272
   1167.9487
   1171.7637
   1175.5698
   1179.3643
   1183.1437
   1186.9042
   1190.6409
   1194.3479
   1198.0182
   1201.6433
   1205.2129
   1208.7148
   1212.1355
   1215.4592
   1218.6694
   1221.7487
   1224.6802
   1227.4478
   1230.0366
   1232.4342
   1234.6294
   1236.6129
   1238.3774
   1239.9169
   1241.2263
   1242.3024
   1243.1418
   1243.7430
   1244.1042
   1244.2247
# Travel time at depth = 300.00 km.
     -1.0000
   1162.2598
   1166.0887
   1169.9149
   1173.7367
   1177.5520
   1181.3584
   1185.1533
   1188.9333
   1192.6946
   1196.4323
   1200.1404
   1203.8121
   1207.4390
   1211.0106
   1214.5151
   1217.9386
   1221.2656
   1224.4795
   1227.5629
   1230.4988
   1233.2708
   1235.8643
   1238.2664
   1240.4658
   1242.4534
   1244.2216
   1245.7643
   1247.0768
   1248.1552
   1248.9966
   1249.5990
   1249.9611
   1250.0819
# Travel time at depth = 400.00 km.
     -1.0000
   1173.4640
   1177.2931
   1181.1196
   1184.9418
   1188.7576
   1192.5648
   1196.3607
   1200.1421
   1203.9048
   1207.6444
   1211.3551
   1215.0298
   1218.6602
   1222.2362
   1225.7460
   1229.1755
   1232.5095
   1235.7312
   1238.8232
   1241.7683
   1244.5499
   1247.1531
   1249.5646
   1251.7732
   1253.7694
   1255.5455
   1257.0953
   1258.4139
   1259.4973
   1260.3428
   1260.9481
   1261.3119
   1261.4333
# Travel time at depth = 500.00 km.
     -1.0000
   1183.8735
   1187.7029
   1191.5295
   1195.3522
   1199.1686
   1202.9767
   1206.7737
   1210.5564
   1214.3209
   1218.0626
   1221.7760
   1225.4540
   1229.0884
   1232.6692
   1236.1846
   1239.6208
   1242.9626
   1246.1930
   1249.2946
   1252.2499
   1255.0421
   1257.6560
   1260.0782
   1262.2971
   1264.3030
   1266.0880
   1267.6456
   1268.9711
   1270.0603
   1270.9103
   1271.5188
   1271.8845
   1272.0066
# Travel time at depth = 600.00 km.
     -1.0000
   1193.8716
   1197.7010
   1201.5281
   1205.3512
   1209.1683
   1212.9773
   1216.7754
   1220.5596
   1224.3259
   1228.0699
   1231.7860
   1235.4675
   1239.1061
   1242.6920
   1246.2135
   1249.6569
   1253.0070
   1256.2467
   1259.3585
   1262.3247
   1265.1284
   1267.7540
   1270.1877
   1272.4177
   1274.4341
   1276.2286
   1277.7950
   1279.1278
   1280.2233
   1281.0781
   1281.6902
   1282.0581
   1282.1809
# Travel time at depth = 700.00 km.
     -1.0000
   1203.3092
   1207.1388
   1210.9662
   1214.7897
   1218.6075
   1222.4175
   1226.2168
   1230.0024
   1233.7709
   1237.5173
   1241.2365
   1244.9216
   1248.5648
   1252.1562
   1255.6843
   1259.1355
   1262.4944
   1265.7444
   1268.8674
   1271.8457
   1274.6620
   1277.3005
   1279.7469
   1281.9891
   1284.0171
   1285.8224
   1287.3982
   1288.7393
   1289.8416
   1290.7019
   1291.3179
   1291.6881
   1291.8118
# Modelling error(s)
   9   2
	114.0	119.0	121.0	129.0	137.0	139.0	142.0	145.0	180.0
	0.0	200.0
#
	1.4
	1.4
	1.3
	1.3
	2.3
	3.3
	3.7
	1.8
	1.8
#
	1.7
	1.7
	1.5
	1.5
	2.5
	3.4
	3.9
	1.9
	1.9
