# IASPEI travel-time table for phase: PPP
  7   Number of depth samples at the following depths (km):
    0.00   20.00   50.00  100.00  200.00  400.00  700.00
 91   Number of distance samples at the following distances (deg):
    0.00    2.00    4.00    6.00    8.00   10.00   12.00   14.00   16.00   18.00
   20.00   22.00   24.00   26.00   28.00   30.00   32.00   34.00   36.00   38.00
   40.00   42.00   44.00   46.00   48.00   50.00   52.00   54.00   56.00   58.00
   60.00   62.00   64.00   66.00   68.00   70.00   72.00   74.00   76.00   78.00
   80.00   82.00   84.00   86.00   88.00   90.00   92.00   94.00   96.00   98.00
  100.00  102.00  104.00  106.00  108.00  110.00  112.00  114.00  116.00  118.00
  120.00  122.00  124.00  126.00  128.00  130.00  132.00  134.00  136.00  138.00
  140.00  142.00  144.00  146.00  148.00  150.00  152.00  154.00  156.00  158.00
  160.00  162.00  164.00  166.00  168.00  170.00  172.00  174.00  176.00  178.00
  180.00
# Travel time at depth =   0.00 km.
      0.0000
     38.3429
     76.6844
    105.0802
    132.5855
    160.0875
    187.5853
    215.0776
    242.5634
    270.0414
    297.5108
    324.9702
    352.4186
    379.8550
    407.2781
    434.6869
    462.0803
    489.4571
    516.8161
    544.1564
    571.4772
    598.7775
    626.0551
    653.0861
    679.1446
    704.7497
    729.9179
    754.7316
    778.4921
    800.4421
    822.2962
    844.0385
    865.6525
    887.1227
    908.4354
    929.5775
    948.9293
    967.1801
    985.3784
   1003.5201
   1021.5993
   1039.6008
   1057.5073
   1075.3372
   1093.1067
   1110.8234
   1128.4907
   1146.1096
   1163.6776
   1181.1884
   1198.6334
   1216.0084
   1233.3130
   1250.5446
   1267.6995
   1284.7753
   1301.7703
   1318.6831
   1335.5117
   1352.2538
   1368.9072
   1385.4707
   1401.9449
   1418.3297
   1434.6237
   1450.8254
   1466.9343
   1482.9498
   1498.8715
   1514.6987
   1530.4312
   1546.0684
   1561.6102
   1577.0564
   1592.4065
   1607.6600
   1622.8165
   1637.8761
   1652.8395
   1667.7068
   1682.4780
   1697.1527
   1711.7310
   1726.2125
   1740.5972
   1754.8849
   1769.0760
   1783.1704
   1797.1682
   1811.0692
   1824.8730
# Travel time at depth =  20.00 km.
     -1.0000
     41.9371
     75.1747
    102.6819
    130.1869
    157.6886
    185.1859
    212.6776
    240.1627
    267.6400
    295.1085
    322.5670
    350.0143
    377.4495
    404.8713
    432.2788
    459.6707
    487.0459
    514.4032
    541.7417
    569.0607
    596.3590
    623.6344
    650.5762
    676.5988
    702.1660
    727.3040
    752.0925
    775.6694
    797.6139
    819.4615
    841.1962
    862.8018
    884.2628
    905.5656
    926.6971
    945.8993
    964.1476
    982.3433
   1000.4821
   1018.5580
   1036.5553
   1054.4574
   1072.2842
   1090.0510
   1107.7654
   1125.4304
   1143.0470
   1160.6125
   1178.1204
   1195.5624
   1212.9341
   1230.2354
   1247.4635
   1264.6150
   1281.6873
   1298.6786
   1315.5876
   1332.4125
   1349.1508
   1365.8003
   1382.3599
   1398.8303
   1415.2113
   1431.5013
   1447.6991
   1463.8042
   1479.8158
   1495.7336
   1511.5570
   1527.2855
   1542.9188
   1558.4569
   1573.8993
   1589.2456
   1604.4954
   1619.6481
   1634.7040
   1649.6637
   1664.5273
   1679.2949
   1693.9661
   1708.5406
   1723.0187
   1737.3998
   1751.6841
   1765.8717
   1779.9626
   1793.9569
   1807.8546
   1821.6550
# Travel time at depth =  50.00 km.
     -1.0000
     -1.0000
     -1.0000
     -1.0000
     -1.0000
     -1.0000
     -1.0000
     -1.0000
     -1.0000
     -1.0000
     -1.0000
    321.1197
    348.5490
    375.9673
    403.3731
    430.7651
    458.1418
    485.5018
    512.8443
    540.1683
    567.4730
    594.7563
    622.0156
    648.5335
    674.4362
    699.8900
    724.9444
    749.6650
    772.7874
    794.7186
    816.5508
    838.2681
    859.8540
    881.2937
    902.5737
    923.6812
    942.5584
    960.8015
    978.9915
    997.1243
   1015.1931
   1033.1812
   1051.0745
   1068.8949
   1086.6562
   1104.3656
   1122.0259
   1139.6377
   1157.1979
   1174.6998
   1192.1350
   1209.5001
   1226.7947
   1244.0157
   1261.1598
   1278.2246
   1295.2084
   1312.1099
   1328.9269
   1345.6572
   1362.2987
   1378.8503
   1395.3129
   1411.6859
   1427.9680
   1444.1580
   1460.2550
   1476.2587
   1492.1686
   1507.9841
   1523.7047
   1539.3303
   1554.8606
   1570.2953
   1585.6339
   1600.8760
   1616.0210
   1631.0695
   1646.0217
   1660.8781
   1675.6383
   1690.3022
   1704.8696
   1719.3405
   1733.7145
   1747.9917
   1762.1724
   1776.2565
   1790.2440
   1804.1349
   1817.9286
# Travel time at depth = 100.00 km.
     -1.0000
     -1.0000
     -1.0000
     -1.0000
     -1.0000
     -1.0000
     -1.0000
     -1.0000
     -1.0000
     -1.0000
     -1.0000
     -1.0000
     -1.0000
     -1.0000
     -1.0000
     -1.0000
     -1.0000
     -1.0000
     -1.0000
     -1.0000
    567.5696
    594.2275
    620.5926
    646.6111
    672.2332
    697.4561
    722.3384
    746.9131
    769.0911
    790.9938
    812.7931
    834.4731
    856.0178
    877.4131
    898.6459
    919.6545
    937.9362
    956.1688
    974.3475
    992.4683
   1010.5225
   1028.4917
   1046.3688
   1064.1769
   1081.9277
   1099.6276
   1117.2784
   1134.8807
   1152.4304
   1169.9204
   1187.3424
   1204.6943
   1221.9755
   1239.1826
   1256.3123
   1273.3624
   1290.3315
   1307.2180
   1324.0199
   1340.7347
   1357.3605
   1373.8967
   1390.3440
   1406.7017
   1422.9683
   1439.1427
   1455.2244
   1471.2126
   1487.1072
   1502.9075
   1518.6129
   1534.2234
   1549.7388
   1565.1584
   1580.4823
   1595.7095
   1610.8400
   1625.8739
   1640.8119
   1655.6542
   1670.4003
   1685.0503
   1699.6039
   1714.0610
   1728.4214
   1742.6852
   1756.8525
   1770.9235
   1784.8978
   1798.7758
   1812.5566
# Travel time at depth = 200.00 km.
     -1.0000
     -1.0000
     -1.0000
     -1.0000
     -1.0000
     -1.0000
     -1.0000
     -1.0000
     -1.0000
     -1.0000
     -1.0000
     -1.0000
     -1.0000
     -1.0000
     -1.0000
     -1.0000
     -1.0000
     -1.0000
     -1.0000
     -1.0000
    565.9323
    591.9128
    617.6553
    643.0754
    668.1849
    693.0078
    717.5543
    740.1534
    762.0872
    783.9236
    805.6476
    827.2433
    848.6964
    869.9939
    891.1235
    910.7104
    928.9716
    947.1815
    965.3359
    983.4300
   1001.4512
   1019.3798
   1037.2261
   1055.0096
   1072.7390
   1090.4188
   1108.0502
   1125.6320
   1143.1586
   1160.6223
   1178.0164
   1195.3408
   1212.5935
   1229.7710
   1246.8702
   1263.8896
   1280.8276
   1297.6826
   1314.4524
   1331.1345
   1347.7274
   1364.2313
   1380.6466
   1396.9720
   1413.2062
   1429.3481
   1445.3975
   1461.3536
   1477.2161
   1492.9844
   1508.6581
   1524.2371
   1539.7211
   1555.1097
   1570.4025
   1585.5988
   1600.6986
   1615.7025
   1630.6108
   1645.4235
   1660.1404
   1674.7614
   1689.2861
   1703.7145
   1718.0466
   1732.2823
   1746.4219
   1760.4653
   1774.4125
   1788.2633
   1802.0175
# Travel time at depth = 400.00 km.
     -1.0000
     -1.0000
     -1.0000
     -1.0000
     -1.0000
     -1.0000
     -1.0000
     -1.0000
     -1.0000
     -1.0000
     -1.0000
     -1.0000
     -1.0000
     -1.0000
     -1.0000
     -1.0000
     -1.0000
     -1.0000
    530.9059
    553.1341
    575.3525
    597.5521
    619.7231
    641.8545
    663.9344
    685.9500
    707.8879
    729.7341
    751.4749
    773.0964
    794.5857
    815.9309
    837.1208
    858.1450
    876.9561
    895.2145
    913.4219
    931.5739
    949.6658
    967.6849
    985.6121
   1003.4583
   1021.2419
   1038.9719
   1056.6525
   1074.2848
   1091.8680
   1109.3966
   1126.8630
   1144.2605
   1161.5889
   1178.8462
   1196.0292
   1213.1348
   1230.1613
   1247.1072
   1263.9711
   1280.7506
   1297.4435
   1314.0481
   1330.5643
   1346.9927
   1363.3323
   1379.5814
   1395.7394
   1411.8055
   1427.7793
   1443.6603
   1459.4480
   1475.1420
   1490.7419
   1506.2477
   1521.6591
   1536.9752
   1552.1960
   1567.3209
   1582.3503
   1597.2850
   1612.1248
   1626.8694
   1641.5188
   1656.0729
   1670.5312
   1684.8939
   1699.1610
   1713.3325
   1727.4084
   1741.3888
   1755.2736
   1769.0626
   1782.7556
# Travel time at depth = 700.00 km.
     -1.0000
     -1.0000
     -1.0000
     -1.0000
     -1.0000
     -1.0000
     -1.0000
     -1.0000
     -1.0000
     -1.0000
     -1.0000
     -1.0000
     -1.0000
     -1.0000
     -1.0000
     -1.0000
     -1.0000
     -1.0000
     -1.0000
     -1.0000
     -1.0000
     -1.0000
     -1.0000
     -1.0000
     -1.0000
     -1.0000
     -1.0000
     -1.0000
     -1.0000
     -1.0000
     -1.0000
     -1.0000
    827.2055
    845.3531
    863.4628
    881.5219
    899.5134
    917.4246
    935.2686
    953.0562
    970.7929
    988.4818
   1006.1245
   1023.7211
   1041.2675
   1058.7572
   1076.1831
   1093.5433
   1110.8370
   1128.0615
   1145.2136
   1162.2910
   1179.2924
   1196.2159
   1213.0603
   1229.8231
   1246.5023
   1263.0964
   1279.6055
   1296.0295
   1312.3678
   1328.6187
   1344.7811
   1360.8547
   1376.8389
   1392.7330
   1408.5365
   1424.2490
   1439.8700
   1455.3995
   1470.8369
   1486.1819
   1501.4338
   1516.5923
   1531.6573
   1546.6295
   1561.5090
   1576.2955
   1590.9889
   1605.5890
   1620.0955
   1634.5082
   1648.8270
   1663.0521
   1677.1835
   1691.2209
   1705.1647
   1719.0144
   1732.7701
   1746.4318
   1759.9989
# Distance-dependent modelling error(s)
   4	1
    0.00   54.00   60.00  180.00
#
   0.100
   6.000
   1.700
   1.700
#@(#)        iasp91.PPP     2.1     06/06/96
