# IASPEI travel-time table for phase: PPP_B (PPP back branch)
  7   Number of depth samples at the following depths (km):
    0.00   20.00   50.00  100.00  200.00  400.00  700.00
 58   Number of distance samples at the following distances (deg):
   66.00   68.00   70.00   72.00   74.00   76.00   78.00   80.00   82.00   84.00
   86.00   88.00   90.00   92.00   94.00   96.00   98.00  100.00  102.00  104.00
  106.00  108.00  110.00  112.00  114.00  116.00  118.00  120.00  122.00  124.00
  126.00  128.00  130.00  132.00  134.00  136.00  138.00  140.00  142.00  144.00
  146.00  148.00  150.00  152.00  154.00  156.00  158.00  160.00  162.00  164.00
  166.00  168.00  170.00  172.00  174.00  176.00  178.00  180.00
# Travel time at depth =   0.00 km.
   2453.6558
   2444.7263
   2435.7522
   2426.7354
   2417.6768
   2408.5771
   2399.4412
   2390.2751
   2381.0835
   2371.8672
   2362.6238
   2353.3506
   2344.0437
   2334.6995
   2325.3110
   2315.8672
   2306.3254
   2296.6089
   2286.7744
   2276.8452
   2266.8184
   2256.6877
   2246.4487
   2236.1028
   2225.6528
   2215.1001
   2204.4456
   2193.6887
   2182.8296
   2171.8689
   2160.8074
   2149.6450
   2138.3828
   2127.0208
   2115.5591
   2103.9976
   2092.3367
   2080.5769
   2068.7185
   2056.7617
   2044.7068
   2032.5538
   2020.3031
   2007.9546
   1995.5085
   1982.9652
   1970.3247
   1957.5873
   1944.7527
   1931.8210
   1918.7921
   1905.6660
   1892.4429
   1879.1227
   1865.7056
   1852.1917
   1838.5809
   1824.8730
# Travel time at depth =  20.00 km.
   2450.3022
   2441.3738
   2432.4004
   2423.3845
   2414.3269
   2405.2283
   2396.0928
   2386.9275
   2377.7366
   2368.5205
   2359.2778
   2350.0054
   2340.6995
   2331.3560
   2321.9688
   2312.5261
   2302.9883
   2293.2751
   2283.4431
   2273.5161
   2263.4917
   2253.3638
   2243.1274
   2232.7842
   2222.3367
   2211.7869
   2201.1348
   2190.3806
   2179.5244
   2168.5664
   2157.5073
   2146.3479
   2135.0886
   2123.7292
   2112.2703
   2100.7117
   2089.0537
   2077.2969
   2065.4414
   2053.4875
   2041.4354
   2029.2854
   2017.0376
   2004.6920
   1992.2490
   1979.7087
   1967.0714
   1954.3369
   1941.5055
   1928.5770
   1915.5513
   1902.4283
   1889.2084
   1875.8915
   1862.4777
   1848.9670
   1835.3596
   1821.6550
# Travel time at depth =  50.00 km.
   2446.3098
   2437.3833
   2428.4119
   2419.3977
   2410.3418
   2401.2449
   2392.1108
   2382.9468
   2373.7568
   2364.5420
   2355.3005
   2346.0293
   2336.7251
   2327.3833
   2317.9983
   2308.5586
   2299.0273
   2289.3210
   2279.4937
   2269.5710
   2259.5515
   2249.4287
   2239.1978
   2228.8596
   2218.4172
   2207.8726
   2197.2256
   2186.4768
   2175.6257
   2164.6733
   2153.6196
   2142.4656
   2131.2114
   2119.8577
   2108.4043
   2096.8511
   2085.1987
   2073.4475
   2061.5977
   2049.6494
   2037.6033
   2025.4591
   2013.2170
   2000.8774
   1988.4404
   1975.9061
   1963.2748
   1950.5464
   1937.7212
   1924.7988
   1911.7794
   1898.6628
   1885.4492
   1872.1387
   1858.7314
   1845.2273
   1831.6265
   1817.9286
# Travel time at depth = 100.00 km.
   2440.4338
   2431.5110
   2422.5430
   2413.5322
   2404.4795
   2395.3857
   2386.2546
   2377.0928
   2367.9048
   2358.6921
   2349.4529
   2340.1841
   2330.8828
   2321.5444
   2312.1631
   2302.7288
   2293.2097
   2283.5168
   2273.6985
   2263.7842
   2253.7734
   2243.6604
   2233.4392
   2223.1111
   2212.6785
   2202.1433
   2191.5063
   2180.7673
   2169.9265
   2158.9839
   2147.9404
   2136.7966
   2125.5527
   2114.2092
   2102.7664
   2091.2236
   2079.5820
   2067.8416
   2056.0024
   2044.0651
   2032.0298
   2019.8966
   2007.6658
   1995.3374
   1982.9116
   1970.3888
   1957.7689
   1945.0521
   1932.2385
   1919.3281
   1906.3207
   1893.2162
   1880.0148
   1866.7166
   1853.3215
   1839.8300
   1826.2418
   1812.5566
# Travel time at depth = 200.00 km.
   2428.8486
   2419.9333
   2410.9727
   2401.9688
   2392.9231
   2383.8362
   2374.7107
   2365.5535
   2356.3699
   2347.1614
   2337.9268
   2328.6633
   2319.3679
   2310.0361
   2300.6628
   2291.2388
   2281.7412
   2272.0789
   2262.2800
   2252.3828
   2242.3906
   2232.2974
   2222.0969
   2211.7891
   2201.3767
   2190.8616
   2180.2451
   2169.5266
   2158.7065
   2147.7849
   2136.7625
   2125.6399
   2114.4172
   2103.0955
   2091.6741
   2080.1536
   2068.5337
   2056.8154
   2044.9988
   2033.0840
   2021.0715
   2008.9613
   1996.7535
   1984.4485
   1972.0463
   1959.5471
   1946.9512
   1934.2585
   1921.4694
   1908.5835
   1895.6008
   1882.5215
   1869.3455
   1856.0728
   1842.7036
   1829.2380
   1815.6761
   1802.0175
# Travel time at depth = 400.00 km.
     -1.0000
   2398.3284
   2389.3840
   2380.3960
   2371.3657
   2362.2942
   2353.1826
   2344.0369
   2334.8628
   2325.6638
   2316.4395
   2307.1875
   2297.9048
   2288.5876
   2279.2314
   2269.8286
   2260.3652
   2250.7776
   2241.0266
   2231.1685
   2221.2166
   2211.1667
   2201.0129
   2190.7515
   2180.3848
   2169.9153
   2159.3445
   2148.6724
   2137.8992
   2127.0249
   2116.0500
   2104.9751
   2093.8008
   2082.5273
   2071.1550
   2059.6841
   2048.1143
   2036.4463
   2024.6803
   2012.8167
   2000.8557
   1988.7975
   1976.6422
   1964.3901
   1952.0414
   1939.5961
   1927.0543
   1914.4165
   1901.6827
   1888.8529
   1875.9269
   1862.9048
   1849.7865
   1836.5721
   1823.2618
   1809.8556
   1796.3536
   1782.7556
# Travel time at depth = 700.00 km.
     -1.0000
   2370.9575
   2362.0461
   2353.0894
   2344.0896
   2335.0481
   2325.9656
   2316.8440
   2307.6904
   2298.5095
   2289.3044
   2280.0732
   2270.8140
   2261.5229
   2252.1968
   2242.8303
   2233.4150
   2223.9333
   2214.3066
   2204.5315
   2194.6558
   2184.6873
   2174.6206
   2164.4502
   2154.1736
   2143.7935
   2133.3118
   2122.7300
   2112.0483
   2101.2668
   2090.3853
   2079.4043
   2068.3245
   2057.1467
   2045.8708
   2034.4974
   2023.0265
   2011.4581
   1999.7927
   1988.0305
   1976.1720
   1964.2173
   1952.1667
   1940.0204
   1927.7784
   1915.4410
   1903.0085
   1890.4810
   1877.8586
   1865.1416
   1852.3301
   1839.4237
   1826.4227
   1813.3270
   1800.1366
   1786.8518
   1773.4727
   1759.9989
# Modelling error(s)
   1   1
#
   1.700
#@(#)        iasp91.PPP_B     2.1     06/06/96
