# IASPEI travel-time table for phase: PPS         
  6   Number of depth samples at the following depths (km):
    0.00   20.00   50.00  100.00  200.00  400.00
 24   Number of distance samples at the following distances (deg):
  134.00  136.00  138.00  140.00  142.00  144.00  146.00  148.00  150.00  152.00
  154.00  156.00  158.00  160.00  162.00  164.00  166.00  168.00  170.00  172.00
  174.00  176.00  178.00  180.00
# Travel time at depth =   0.00 km.
   2241.6111
   2263.8350
   2286.0278
   2308.1621
   2330.2136
   2352.1611
   2373.9866
   2395.6758
   2417.2168
   2438.6003
   2459.8188
   2480.8662
   2501.7361
   2522.4233
   2542.9255
   2563.2419
   2582.2188
   2600.6301
   2618.9917
   2637.2910
   2655.5154
   2673.6514
   2691.6838
   2709.5991
# Travel time at depth =  20.00 km.
   2238.8037
   2261.0266
   2283.2163
   2305.3462
   2327.3916
   2349.3318
   2371.1492
   2392.8296
   2414.3611
   2435.7349
   2456.9434
   2477.9802
   2498.8396
   2519.5164
   2540.0078
   2560.3137
   2579.1963
   2597.6055
   2615.9644
   2634.2603
   2652.4807
   2670.6121
   2688.6392
   2706.5491
# Travel time at depth =  50.00 km.
   2235.9587
   2258.1785
   2280.3608
   2302.4795
   2324.5107
   2346.4338
   2368.2322
   2389.8918
   2411.4019
   2432.7532
   2453.9387
   2474.9521
   2495.7876
   2516.4407
   2536.9087
   2557.1914
   2575.8718
   2594.2764
   2612.6294
   2630.9180
   2649.1299
   2667.2512
   2685.2668
   2703.1653
# Travel time at depth = 100.00 km.
   2232.3455
   2254.5562
   2276.7212
   2298.8149
   2320.8147
   2342.7014
   2364.4595
   2386.0762
   2407.5410
   2428.8462
   2449.9844
   2470.9500
   2491.7373
   2512.3420
   2532.7627
   2552.8464
   2571.2825
   2589.6772
   2608.0181
   2626.2920
   2644.4868
   2662.5879
   2680.5808
   2698.4573
# Travel time at depth = 200.00 km.
   2225.5432
   2247.7251
   2269.8440
   2291.8765
   2313.8030
   2335.6072
   2357.2759
   2378.7981
   2400.1650
   2421.3701
   2442.4072
   2463.2703
   2483.9543
   2504.4573
   2524.7781
   2543.9683
   2562.3879
   2580.7605
   2599.0737
   2617.3152
   2635.4717
   2653.5288
   2671.4724
   2689.3057
# Travel time at depth = 400.00 km.
   2215.6406
   2237.6731
   2259.6052
   2281.4231
   2303.1145
   2324.6694
   2346.0801
   2367.3389
   2388.4404
   2409.3787
   2430.1489
   2450.7466
   2471.1704
   2491.4189
   2510.2246
   2528.6411
   2547.0100
   2565.3191
   2583.5564
   2601.7090
   2619.7632
   2637.7048
   2655.5383
   2673.2783
# Distance-dependent modelling error(s)
   4	1
    0.00   54.00   60.00  180.00
#
   0.100
   7.000
   2.200
   2.200
#@(#)        iasp91.PPS     2.1     06/06/96
