# IASPEI travel-time table for phase: pP (All 1st pP's; 1st pP-type phaseMap)
 14   Number of depth samples at the following depths (km):
    0.00   15.00   35.00   50.00   75.00  100.00  150.00  200.00  250.00  300.00
  400.00  500.00  600.00  700.00
181   Number of distance samples at the following distances (deg):
    0.00    1.00    2.00    3.00    4.00    5.00    6.00    7.00    8.00    9.00
   10.00   11.00   12.00   13.00   14.00   15.00   16.00   17.00   18.00   19.00
   20.00   21.00   22.00   23.00   24.00   25.00   26.00   27.00   28.00   29.00
   30.00   31.00   32.00   33.00   34.00   35.00   36.00   37.00   38.00   39.00
   40.00   41.00   42.00   43.00   44.00   45.00   46.00   47.00   48.00   49.00
   50.00   51.00   52.00   53.00   54.00   55.00   56.00   57.00   58.00   59.00
   60.00   61.00   62.00   63.00   64.00   65.00   66.00   67.00   68.00   69.00
   70.00   71.00   72.00   73.00   74.00   75.00   76.00   77.00   78.00   79.00
   80.00   81.00   82.00   83.00   84.00   85.00   86.00   87.00   88.00   89.00
   90.00   91.00   92.00   93.00   94.00   95.00   96.00   97.00   98.00   99.00
  100.00  101.00  102.00  103.00  104.00  105.00  106.00  107.00  108.00  109.00
  110.00  111.00  112.00  113.00  114.00  115.00  116.00  117.00  118.00  119.00
  120.00  121.00  122.00  123.00  124.00  125.00  126.00  127.00  128.00  129.00
  130.00  131.00  132.00  133.00  134.00  135.00  136.00  137.00  138.00  139.00
  140.00  141.00  142.00  143.00  144.00  145.00  146.00  147.00  148.00  149.00
  150.00  151.00  152.00  153.00  154.00  155.00  156.00  157.00  158.00  159.00
  160.00  161.00  162.00  163.00  164.00  165.00  166.00  167.00  168.00  169.00
  170.00  171.00  172.00  173.00  174.00  175.00  176.00  177.00  178.00  179.00
  180.00
# Travel time at depth =   0.00 km.
      0.0011
     19.1713
     35.0267
     48.7790
     62.5284
     76.2738
     90.0138
    103.7473
    117.4729
    131.1894
    144.8956
    158.5903
    172.2720
    185.9397
    199.5925
    213.2282
    226.3815
    239.1274
    251.5772
    263.1593
    274.0988
    284.9542
    295.7076
    306.3429
    316.3098
    325.4287
    334.5067
    343.5370
    352.5024
    361.4097
    370.2745
    379.1021
    387.8925
    396.6399
    405.3361
    413.9794
    422.5665
    431.0943
    439.5610
    447.9646
    456.3024
    464.5730
    472.7766
    480.9120
    488.9781
    496.9742
    504.8996
    512.7539
    520.5367
    528.2479
    535.8867
    543.4528
    550.9465
    558.3682
    565.7176
    572.9946
    580.1990
    587.3309
    594.3901
    601.3770
    608.2912
    615.1328
    621.9019
    628.5983
    635.2220
    641.7729
    648.2509
    654.6561
    660.9884
    667.2479
    673.4344
    679.5475
    685.5873
    691.5533
    697.4456
    703.2635
    709.0069
    714.6755
    720.2691
    725.7874
    731.2296
    736.5952
    741.8842
    747.0963
    752.2292
    757.2814
    762.2581
    767.1616
    771.9557
    776.6704
    781.3480
    785.9970
    790.6224
    795.2275
    799.8137
    804.3773
    808.9117
    813.4149
    817.8853
    822.3270
    826.7659
    831.2048
    835.6437
    840.0826
    844.5216
    848.9605
    853.3994
    857.8383
    862.2773
    866.7162
    871.1551
    875.5940
    880.0330
     -1.0000
   1120.8385
   1122.7537
   1124.6686
   1126.5831
   1128.4971
   1130.4104
   1132.3226
   1134.2336
   1136.1432
   1138.0510
   1139.9569
   1141.8605
   1143.7614
   1145.6592
   1147.5537
   1149.4442
   1151.3303
   1153.2117
   1155.0874
   1156.9570
   1158.8199
   1160.6750
   1162.5217
   1164.3590
   1166.1858
   1168.0009
   1169.8031
   1171.5912
   1173.3634
   1175.1185
   1176.8545
   1177.6207
   1180.2623
   1181.9302
   1183.5714
   1185.1837
   1186.7650
   1188.3134
   1189.8264
   1191.3022
   1192.7388
   1194.1342
   1195.4866
   1196.7943
   1198.0557
   1199.2693
   1200.4336
   1201.5476
   1202.6100
   1203.6198
   1204.5759
   1205.4777
   1206.3242
   1207.1150
   1207.8492
   1208.5265
   1209.1462
   1209.7081
   1210.2118
   1210.6570
   1211.0432
   1211.3704
   1211.6384
   1211.8469
   1211.9960
   1212.0854
   1212.1154
# Travel time at depth =  15.00 km.
     -1.0000
     21.3619
     36.8263
     50.5788
     64.3287
     78.0747
     91.8156
    105.5500
    119.2768
    132.9946
    146.7024
    160.3987
    174.0823
    187.7520
    201.4069
    215.0451
    228.2878
    241.0749
    253.5548
    265.2783
    276.2247
    287.0887
    297.8522
    308.4987
    318.5825
    327.7042
    336.7853
    345.8196
    354.7899
    363.7006
    372.5681
    381.3983
    390.1915
    398.9421
    407.6420
    416.2889
    424.8800
    433.4119
    441.8827
    450.2905
    458.6327
    466.9076
    475.1155
    483.2553
    491.3257
    499.3262
    507.2560
    515.1146
    522.9017
    530.6171
    538.2603
    545.8306
    553.3284
    560.7542
    568.1077
    575.3887
    582.5972
    589.7329
    596.7961
    603.7867
    610.7047
    617.5501
    624.3229
    631.0230
    637.6503
    644.2048
    650.6863
    657.0950
    663.4308
    669.6937
    675.8835
    682.0000
    688.0430
    694.0124
    699.9078
    705.7291
    711.4756
    717.1473
    722.7440
    728.2653
    733.7106
    739.0793
    744.3713
    749.5864
    754.7223
    759.7774
    764.7568
    769.6631
    774.4614
    779.1777
    783.8563
    788.5063
    793.1324
    797.7381
    802.3250
    806.8895
    811.4249
    815.9291
    820.4006
    824.8428
    829.2817
    833.7206
    838.1595
    842.5984
    847.0374
    851.4763
    855.9152
    860.3541
    864.7930
    869.2319
    873.6709
    878.1098
    882.5487
     -1.0000
   1123.4117
   1125.3269
   1127.2418
   1129.1564
   1131.0704
   1132.9836
   1134.8959
   1136.8070
   1138.7166
   1140.6245
   1142.5304
   1144.4340
   1146.3348
   1148.2328
   1150.1272
   1152.0178
   1153.9041
   1155.7854
   1157.6613
   1159.5310
   1161.3939
   1163.2491
   1165.0959
   1166.9333
   1168.7603
   1170.5756
   1172.3779
   1174.1661
   1175.9387
   1177.6940
   1179.4302
   1180.1686
   1182.8386
   1184.5067
   1186.1482
   1187.7609
   1189.3427
   1190.8912
   1192.4048
   1193.8810
   1195.3180
   1196.7137
   1198.0665
   1199.3748
   1200.6365
   1201.8505
   1203.0153
   1204.1296
   1205.1924
   1206.2025
   1207.1591
   1208.0612
   1208.9081
   1209.6991
   1210.4337
   1211.1112
   1211.7312
   1212.2935
   1212.7972
   1213.2426
   1213.6290
   1213.9563
   1214.2244
   1214.4331
   1214.5822
   1214.6718
   1214.7017
# Travel time at depth =  35.00 km.
     -1.0000
     -1.0000
     38.7864
     52.5393
     66.2900
     80.0370
     93.7791
    107.5152
    121.2438
    134.9639
    148.6740
    162.3731
    176.0597
    189.7327
    203.3910
    217.0333
    230.4118
    243.2672
    255.7976
    267.7473
    278.7041
    289.5811
    300.3598
    311.0236
    321.2867
    330.4125
    339.4984
    348.5383
    357.5162
    366.4322
    375.3039
    384.1379
    392.9351
    401.6906
    410.3959
    419.0484
    427.6453
    436.1833
    444.6603
    453.0744
    461.4232
    469.7046
    477.9190
    486.0653
    494.1423
    502.1493
    510.0856
    517.9507
    525.7443
    533.4661
    541.1155
    548.6922
    556.1963
    563.6281
    570.9877
    578.2747
    585.4891
    592.6307
    599.6996
    606.6960
    613.6197
    620.4706
    627.2489
    633.9545
    640.5872
    647.1470
    653.6338
    660.0476
    666.3885
    672.6565
    678.8513
    684.9728
    691.0207
    696.9949
    702.8951
    708.7211
    714.4723
    720.1487
    725.7499
    731.2758
    736.7256
    742.0988
    747.3951
    752.6146
    757.7550
    762.8145
    767.7977
    772.7083
    777.5129
    782.2316
    786.9117
    791.5630
    796.1902
    800.7969
    805.3847
    809.9504
    814.4874
    818.9931
    823.4662
    827.9091
    832.3481
    836.7870
    841.2259
    845.6648
    850.1038
    854.5427
    858.9816
    863.4205
    867.8594
    872.2983
    876.7372
    881.1761
    885.6151
     -1.0000
   1126.5625
   1128.4777
   1130.3926
   1132.3071
   1134.2212
   1136.1344
   1138.0466
   1139.9578
   1141.8674
   1143.7753
   1145.6813
   1147.5848
   1149.4858
   1151.3838
   1153.2783
   1155.1691
   1157.0554
   1158.9368
   1160.8127
   1162.6826
   1164.5457
   1166.4011
   1168.2482
   1170.0857
   1171.9127
   1173.7283
   1175.5310
   1177.3195
   1179.0923
   1180.8479
   1182.5845
   1183.2819
   1185.9937
   1187.6622
   1189.3042
   1190.9174
   1192.4996
   1194.0488
   1195.5629
   1197.0397
   1198.4773
   1199.8737
   1201.2271
   1202.5359
   1203.7982
   1205.0128
   1206.1782
   1207.2932
   1208.3566
   1209.3672
   1210.3242
   1211.2269
   1212.0743
   1212.8658
   1213.6008
   1214.2787
   1214.8992
   1215.4615
   1215.9658
   1216.4114
   1216.7980
   1217.1255
   1217.3938
   1217.6025
   1217.7518
   1217.8414
   1217.8713
# Travel time at depth =  50.00 km.
     -1.0000
     -1.0000
     -1.0000
     -1.0000
     -1.0000
     -1.0000
     -1.0000
     -1.0000
     -1.0000
     -1.0000
     -1.0000
     -1.0000
    176.2083
    189.9057
    203.5859
    217.2491
    230.8944
    243.9658
    256.5904
    268.8654
    279.8346
    290.7270
    301.5240
    312.2081
    322.6785
    331.8089
    340.8997
    349.9457
    358.9319
    367.8538
    376.7301
    385.5684
    394.3698
    403.1304
    411.8416
    420.5000
    429.1031
    437.6476
    446.1312
    454.5521
    462.9077
    471.1961
    479.4173
    487.5705
    495.6544
    503.6682
    511.6114
    519.4832
    527.2835
    535.0120
    542.6681
    550.2513
    557.7617
    565.1999
    572.5657
    579.8589
    587.0794
    594.2271
    601.3019
    608.3041
    615.2335
    622.0902
    628.8741
    635.5851
    642.2234
    648.7886
    655.2806
    661.6997
    668.0458
    674.3188
    680.5187
    686.6451
    692.6979
    698.6770
    704.5820
    710.4127
    716.1686
    721.8496
    727.4554
    732.9858
    738.4401
    743.8177
    749.1185
    754.3422
    759.4871
    764.5508
    769.5379
    774.4525
    779.2635
    783.9846
    788.6664
    793.3189
    797.9472
    802.5548
    807.1436
    811.7105
    816.2489
    820.7561
    825.2308
    829.6746
    834.1135
    838.5524
    842.9913
    847.4302
    851.8692
    856.3081
    860.7470
    865.1859
    869.6249
    874.0638
    878.5027
    882.9416
    887.3806
     -1.0000
   1128.4098
   1130.3250
   1132.2399
   1134.1544
   1136.0685
   1137.9817
   1139.8940
   1141.8052
   1143.7148
   1145.6228
   1147.5288
   1149.4325
   1151.3335
   1153.2314
   1155.1261
   1157.0168
   1158.9033
   1160.7848
   1162.6609
   1164.5309
   1166.3940
   1168.2496
   1170.0968
   1171.9346
   1173.7618
   1175.5775
   1177.3805
   1179.1692
   1180.9424
   1182.6982
   1184.4352
   1185.0925
   1187.8451
   1189.5142
   1191.1566
   1192.7703
   1194.3530
   1195.9027
   1197.4172
   1198.8947
   1200.3328
   1201.7299
   1203.0839
   1204.3932
   1205.6561
   1206.8713
   1208.0374
   1209.1528
   1210.2167
   1211.2279
   1212.1855
   1213.0886
   1213.9365
   1214.7284
   1215.4639
   1216.1422
   1216.7629
   1217.3257
   1217.8302
   1218.2760
   1218.6628
   1218.9906
   1219.2590
   1219.4679
   1219.6173
   1219.7069
   1219.7368
# Travel time at depth =  75.00 km.
     -1.0000
     -1.0000
     -1.0000
     -1.0000
     -1.0000
     -1.0000
     -1.0000
     -1.0000
     -1.0000
     -1.0000
     -1.0000
     -1.0000
     -1.0000
     -1.0000
     -1.0000
    226.3765
    237.4894
    244.9880
    257.8320
    270.3093
    281.7014
    292.6187
    303.4456
    314.1636
    324.7566
    334.1277
    343.2270
    352.2826
    361.2824
    370.2151
    379.0994
    387.9447
    396.7533
    405.5223
    414.2433
    422.9115
    431.5251
    440.0804
    448.5750
    457.0072
    465.3745
    473.6746
    481.9072
    490.0721
    498.1676
    506.1929
    514.1476
    522.0309
    529.8425
    537.5822
    545.2494
    552.8436
    560.3649
    567.8137
    575.1901
    582.4937
    589.7244
    596.8822
    603.9671
    610.9791
    617.9183
    624.7845
    631.5779
    638.2983
    644.9456
    651.5199
    658.0210
    664.4489
    670.8036
    677.0853
    683.2936
    689.4283
    695.4894
    701.4766
    707.3897
    713.2284
    718.9922
    724.6810
    730.2945
    735.8325
    741.2943
    746.6794
    751.9875
    757.2185
    762.3707
    767.4418
    772.4354
    777.3567
    782.1784
    786.9038
    791.5883
    796.2430
    800.8732
    805.4823
    810.0727
    814.6416
    819.1824
    823.6921
    828.1695
    832.6148
    837.0537
    841.4927
    845.9316
    850.3705
    854.8094
    859.2484
    863.6873
    868.1262
    872.5651
    877.0040
    881.4429
    885.8818
    890.3208
     -1.0000
   1131.4874
   1133.4026
   1135.3175
   1137.2321
   1139.1461
   1141.0594
   1142.9718
   1144.8829
   1146.7926
   1148.7007
   1150.6067
   1152.5105
   1154.4116
   1156.3097
   1158.2045
   1160.0953
   1161.9819
   1163.8636
   1165.7399
   1167.6100
   1169.4734
   1171.3292
   1173.1766
   1175.0148
   1176.8424
   1178.6584
   1180.4618
   1182.2510
   1184.0245
   1185.7810
   1187.5186
   1188.1078
   1190.9298
   1192.5995
   1194.2427
   1195.8572
   1197.4408
   1198.9913
   1200.5068
   1201.9851
   1203.4243
   1204.8223
   1206.1772
   1207.4875
   1208.7516
   1209.9678
   1211.1346
   1212.2511
   1213.3159
   1214.3281
   1215.2865
   1216.1904
   1217.0391
   1217.8318
   1218.5679
   1219.2468
   1219.8682
   1220.4315
   1220.9365
   1221.3828
   1221.7700
   1222.0981
   1222.3667
   1222.5759
   1222.7253
   1222.8151
   1222.8450
# Travel time at depth = 100.00 km.
     -1.0000
     -1.0000
     -1.0000
     -1.0000
     -1.0000
     -1.0000
     -1.0000
     -1.0000
     -1.0000
     -1.0000
     -1.0000
     -1.0000
     -1.0000
     -1.0000
     -1.0000
     -1.0000
    239.2890
    250.3955
    258.9256
    271.5958
    283.5462
    294.4875
    305.3436
    316.0952
    326.7252
    336.4360
    345.5436
    354.6086
    363.6214
    372.5661
    381.4589
    390.3115
    399.1272
    407.9043
    416.6351
    425.3133
    433.9373
    442.5036
    451.0094
    459.4530
    467.8320
    476.1440
    484.3883
    492.5648
    500.6721
    508.7091
    516.6754
    524.5703
    532.3934
    540.1444
    547.8229
    555.4284
    562.9607
    570.4203
    577.8073
    585.1215
    592.3627
    599.5307
    606.6257
    613.6478
    620.5967
    627.4727
    634.2756
    641.0054
    647.6622
    654.2457
    660.7558
    667.1926
    673.5562
    679.8464
    686.0634
    692.2066
    698.2761
    704.2715
    710.1928
    716.0395
    721.8113
    727.5080
    733.1293
    738.6750
    744.1444
    749.5370
    754.8525
    760.0909
    765.2507
    770.3291
    775.3294
    780.2573
    785.0900
    789.8199
    794.5073
    799.1643
    803.7963
    808.4070
    812.9990
    817.5698
    822.1132
    826.6254
    831.1053
    835.5525
    839.9914
    844.4303
    848.8693
    853.3082
    857.7471
    862.1860
    866.6249
    871.0638
    875.5027
    879.9417
    884.3806
    888.8195
    893.2584
     -1.0000
   1134.5636
   1136.4788
   1138.3938
   1140.3083
   1142.2224
   1144.1357
   1146.0481
   1147.9594
   1149.8690
   1151.7771
   1153.6832
   1155.5870
   1157.4883
   1159.3866
   1161.2814
   1163.1724
   1165.0591
   1166.9409
   1168.8174
   1170.6879
   1172.5514
   1174.4075
   1176.2552
   1178.0935
   1179.9215
   1181.7380
   1183.5417
   1185.3314
   1187.1055
   1188.8624
   1190.6006
   1191.1200
   1194.0131
   1195.6836
   1197.3275
   1198.9427
   1200.5272
   1202.0786
   1203.5951
   1205.0743
   1206.5144
   1207.9135
   1209.2694
   1210.5807
   1211.8457
   1213.0629
   1214.2308
   1215.3483
   1216.4139
   1217.4270
   1218.3864
   1219.2910
   1220.1405
   1220.9340
   1221.6708
   1222.3503
   1222.9723
   1223.5363
   1224.0416
   1224.4884
   1224.8760
   1225.2043
   1225.4733
   1225.6826
   1225.8323
   1225.9221
   1225.9520
# Travel time at depth = 150.00 km.
     -1.0000
     -1.0000
     -1.0000
     -1.0000
     -1.0000
     -1.0000
     -1.0000
     -1.0000
     -1.0000
     -1.0000
     -1.0000
     -1.0000
     -1.0000
     -1.0000
     -1.0000
     -1.0000
    242.8045
    253.9173
    265.0188
    276.0971
    286.4347
    298.1238
    309.0358
    319.8538
    330.5583
    340.9957
    350.1197
    359.2030
    368.2395
    377.2119
    386.1234
    394.9913
    403.8216
    412.6145
    421.3645
    430.0632
    438.7083
    447.2969
    455.8255
    464.2923
    472.6952
    481.0315
    489.2997
    497.5002
    505.6316
    513.6927
    521.6829
    529.6016
    537.4482
    545.2225
    552.9242
    560.5527
    568.1075
    575.5894
    582.9982
    590.3340
    597.5966
    604.7858
    611.9016
    618.9440
    625.9132
    632.8091
    639.6316
    646.3808
    653.0566
    659.6589
    666.1876
    672.6428
    679.0243
    685.3324
    691.5668
    697.7275
    703.8140
    709.8264
    715.7643
    721.6276
    727.4157
    733.1285
    738.7657
    744.3271
    749.8121
    755.2202
    760.5509
    765.8043
    770.9792
    776.0729
    781.0869
    786.0280
    790.8826
    795.6235
    800.3169
    804.9786
    809.6144
    814.2285
    818.8235
    823.3983
    827.9465
    832.4639
    836.9492
    841.4006
    845.8395
    850.2785
    854.7174
    859.1563
    863.5952
    868.0342
    872.4731
    876.9120
    881.3509
    885.7899
    890.2288
    894.6677
    899.1066
     -1.0000
   1140.6935
   1142.6086
   1144.5236
   1146.4382
   1148.3523
   1150.2657
   1152.1781
   1154.0895
   1155.9993
   1157.9075
   1159.8137
   1161.7178
   1163.6191
   1165.5176
   1167.4126
   1169.3040
   1171.1909
   1173.0731
   1174.9500
   1176.8207
   1178.6848
   1180.5414
   1182.3896
   1184.2286
   1186.0573
   1187.8745
   1189.6791
   1191.4696
   1193.2446
   1195.0027
   1196.7421
   1197.1149
   1200.1571
   1201.8291
   1203.4746
   1205.0914
   1206.6776
   1208.2310
   1209.7493
   1211.2305
   1212.6725
   1214.0735
   1215.4315
   1216.7449
   1218.0120
   1219.2311
   1220.4010
   1221.5204
   1222.5880
   1223.6029
   1224.5640
   1225.4703
   1226.3214
   1227.1165
   1227.8546
   1228.5355
   1229.1588
   1229.7238
   1230.2302
   1230.6779
   1231.0663
   1231.3953
   1231.6648
   1231.8745
   1232.0244
   1232.1145
   1232.1445
# Travel time at depth = 200.00 km.
     -1.0000
     -1.0000
     -1.0000
     -1.0000
     -1.0000
     -1.0000
     -1.0000
     -1.0000
     -1.0000
     -1.0000
     -1.0000
     -1.0000
     -1.0000
     -1.0000
     -1.0000
     -1.0000
     -1.0000
    257.1972
    268.3079
    279.4042
    290.4734
    301.4999
    312.4653
    323.3491
    334.1302
    344.7890
    354.5245
    363.6264
    372.6846
    381.6873
    390.6216
    399.5067
    408.3525
    417.1612
    425.9299
    434.6502
    443.3171
    451.9287
    460.4812
    468.9723
    477.4000
    485.7619
    494.0556
    502.2811
    510.4379
    518.5243
    526.5397
    534.4834
    542.3549
    550.1537
    557.8798
    565.5325
    573.1113
    580.6164
    588.0483
    595.4068
    602.6919
    609.9032
    617.0408
    624.1048
    631.0952
    638.0120
    644.8551
    651.6246
    658.3204
    664.9424
    671.4907
    677.9650
    684.3654
    690.6921
    696.9449
    703.1236
    709.2281
    715.2581
    721.2135
    727.0940
    732.8992
    738.6288
    744.2826
    749.8604
    755.3618
    760.7859
    766.1325
    771.4015
    776.5921
    781.7017
    786.7305
    791.6849
    796.5594
    801.3159
    806.0159
    810.6826
    815.3226
    819.9402
    824.5385
    829.1170
    833.6703
    838.1929
    842.6837
    847.1406
    851.5795
    856.0184
    860.4573
    864.8962
    869.3351
    873.7741
    878.2130
    882.6519
    887.0908
    891.5298
    895.9687
    900.4076
    904.8465
     -1.0000
   1146.7246
   1148.6398
   1150.5548
   1152.4695
   1154.3835
   1156.2970
   1158.2096
   1160.1208
   1162.0309
   1163.9392
   1165.8456
   1167.7498
   1169.6514
   1171.5499
   1173.4453
   1175.3368
   1177.2241
   1179.1067
   1180.9839
   1182.8551
   1184.7196
   1186.5768
   1188.4255
   1190.2651
   1192.0945
   1193.9125
   1195.7179
   1197.5094
   1199.2855
   1201.0447
   1202.7852
   1204.5052
   1206.2030
   1207.8765
   1209.5236
   1211.1421
   1212.7301
   1214.2852
   1215.8054
   1217.2886
   1218.7327
   1220.1357
   1221.4960
   1222.8114
   1224.0806
   1225.3018
   1226.4738
   1227.5951
   1228.6648
   1229.6815
   1230.6444
   1231.5526
   1232.4054
   1233.2019
   1233.9417
   1234.6239
   1235.2484
   1235.8146
   1236.3221
   1236.7706
   1237.1598
   1237.4896
   1237.7596
   1237.9698
   1238.1200
   1238.2102
   1238.2404
# Travel time at depth = 250.00 km.
     -1.0000
     -1.0000
     -1.0000
     -1.0000
     -1.0000
     -1.0000
     -1.0000
     -1.0000
     -1.0000
     -1.0000
     -1.0000
     -1.0000
     -1.0000
     -1.0000
     -1.0000
     -1.0000
     -1.0000
     -1.0000
    271.3058
    282.4146
    293.5066
    304.5683
    315.5829
    326.5308
    337.3899
    348.1378
    358.7311
    367.8518
    376.9311
    385.9619
    394.9261
    403.8315
    412.6941
    421.5191
    430.3062
    439.0486
    447.7384
    456.3740
    464.9516
    473.4683
    481.9221
    490.3109
    498.6317
    506.8839
    515.0673
    523.1806
    531.2227
    539.1929
    547.0908
    554.9157
    562.6675
    570.3458
    577.9499
    585.4798
    592.9360
    600.3187
    607.6274
    614.8622
    622.0229
    629.1096
    636.1224
    643.0612
    649.9261
    656.7170
    663.4338
    670.0767
    676.6454
    683.1400
    689.5602
    695.9065
    702.1786
    708.3764
    714.4997
    720.5483
    726.5220
    732.4205
    738.2437
    743.9909
    749.6621
    755.2571
    760.7755
    766.2165
    771.5797
    776.8651
    782.0721
    787.1984
    792.2428
    797.2113
    802.1038
    806.8802
    811.5876
    816.2598
    820.9042
    825.5256
    830.1272
    834.7095
    839.2678
    843.7960
    848.2924
    852.7554
    857.1948
    861.6337
    866.0726
    870.5115
    874.9505
    879.3894
    883.8283
    888.2672
    892.7062
    897.1451
    901.5840
    906.0229
    910.4619
    914.9008
     -1.0000
   1154.5573
   1156.4723
   1158.3870
   1160.3011
   1162.2146
   1164.1272
   1166.0387
   1167.9487
   1169.8572
   1171.7637
   1173.6681
   1175.5698
   1177.4686
   1179.3643
   1181.2561
   1183.1437
   1185.0266
   1186.9042
   1188.7758
   1190.6409
   1192.4984
   1194.3479
   1196.1881
   1198.0182
   1199.8370
   1201.6433
   1203.4357
   1205.2129
   1206.9731
   1208.7148
   1210.4363
   1212.0798
   1213.8105
   1215.4592
   1217.0796
   1218.6694
   1220.2264
   1221.7487
   1223.2339
   1224.6802
   1226.0853
   1227.4478
   1228.7654
   1230.0366
   1231.2601
   1232.4342
   1233.5577
   1234.6294
   1235.6481
   1236.6129
   1237.5229
   1238.3774
   1239.1755
   1239.9169
   1240.6006
   1241.2263
   1241.7937
   1242.3024
   1242.7518
   1243.1418
   1243.4724
   1243.7430
   1243.9536
   1244.1042
   1244.1946
   1244.2247
# Travel time at depth = 300.00 km.
     -1.0000
     -1.0000
     -1.0000
     -1.0000
     -1.0000
     -1.0000
     -1.0000
     -1.0000
     -1.0000
     -1.0000
     -1.0000
     -1.0000
     -1.0000
     -1.0000
     -1.0000
     -1.0000
     -1.0000
     -1.0000
     -1.0000
    285.0685
    296.1765
    307.2665
    318.3245
    329.3326
    340.2695
    351.1112
    361.8337
    371.8480
    380.9487
    390.0050
    399.0042
    407.9348
    416.8167
    425.6593
    434.4646
    443.2289
    451.9434
    460.6039
    469.2080
    477.7519
    486.2334
    494.6505
    503.0005
    511.2813
    519.4932
    527.6351
    535.7056
    543.7042
    551.6302
    559.4829
    567.2622
    574.9677
    582.5989
    590.1554
    597.6376
    605.0458
    612.3799
    619.6396
    626.8249
    633.9357
    640.9723
    647.9345
    654.8224
    661.6360
    668.3752
    675.0402
    681.6306
    688.1465
    694.5878
    700.9548
    707.2473
    713.4652
    719.6083
    725.6765
    731.6695
    737.5872
    743.4291
    749.1950
    754.8846
    760.4977
    766.0339
    771.4927
    776.8735
    782.1760
    787.4002
    792.5439
    797.6052
    802.5886
    807.4981
    812.2980
    817.0140
    821.6920
    826.3413
    830.9667
    835.5718
    840.1580
    844.7213
    849.2551
    853.7574
    858.2266
    862.6678
    867.1067
    871.5456
    875.9846
    880.4235
    884.8624
    889.3013
    893.7402
    898.1791
    902.6180
    907.0570
    911.4959
    915.9348
    920.3737
     -1.0000
   1160.3447
   1162.2598
   1164.1746
   1166.0887
   1168.0023
   1169.9149
   1171.8265
   1173.7367
   1175.6453
   1177.5520
   1179.4564
   1181.3584
   1183.2576
   1185.1533
   1187.0454
   1188.9333
   1190.8167
   1192.6946
   1194.5667
   1196.4323
   1198.2904
   1200.1404
   1201.9813
   1203.8121
   1205.6317
   1207.4390
   1209.2324
   1211.0106
   1212.7721
   1214.5151
   1216.2379
   1217.7424
   1219.6152
   1221.2656
   1222.8878
   1224.4795
   1226.0386
   1227.5629
   1229.0503
   1230.4988
   1231.9062
   1233.2708
   1234.5907
   1235.8643
   1237.0900
   1238.2664
   1239.3920
   1240.4658
   1241.4866
   1242.4534
   1243.3654
   1244.2216
   1245.0215
   1245.7643
   1246.4496
   1247.0768
   1247.6454
   1248.1552
   1248.6056
   1248.9966
   1249.3278
   1249.5990
   1249.8102
   1249.9611
   1250.0516
   1250.0819
# Travel time at depth = 400.00 km.
     -1.0000
     -1.0000
     -1.0000
     -1.0000
     -1.0000
     -1.0000
     -1.0000
     -1.0000
     -1.0000
     -1.0000
     -1.0000
     -1.0000
     -1.0000
     -1.0000
     -1.0000
     -1.0000
     -1.0000
     -1.0000
     -1.0000
     -1.0000
     -1.0000
    311.3894
    322.5020
    333.6021
    344.6758
    355.7037
    366.6602
    377.5142
    388.2326
    397.3867
    406.4485
    415.4543
    424.3895
    433.2742
    442.1188
    450.9258
    459.6916
    468.4071
    477.0679
    485.6716
    494.2141
    502.6933
    511.1070
    519.4523
    527.7275
    535.9326
    544.0666
    552.1281
    560.1165
    568.0311
    575.8715
    583.6373
    591.3282
    598.9438
    606.4836
    613.9484
    621.3382
    628.6529
    635.8923
    643.0564
    650.1452
    657.1589
    664.0974
    670.9608
    677.7490
    684.4622
    691.1001
    697.6628
    704.1501
    710.5622
    716.8992
    723.1609
    729.3472
    735.4580
    741.4930
    747.4521
    753.3350
    759.1413
    764.8707
    770.5229
    776.0980
    781.5952
    787.0139
    792.3536
    797.6146
    802.7956
    807.8939
    812.9108
    817.8531
    822.7070
    827.4458
    832.1376
    836.7979
    841.4324
    846.0453
    850.6391
    855.2122
    859.7581
    864.2728
    868.7551
    873.2038
    877.6427
    882.0816
    886.5205
    890.9595
    895.3984
    899.8373
    904.2762
    908.7151
    913.1541
    917.5930
    922.0319
    926.4708
    930.9097
     -1.0000
   1171.5490
   1173.4640
   1175.3788
   1177.2931
   1179.2068
   1181.1196
   1183.0314
   1184.9418
   1186.8506
   1188.7576
   1190.6625
   1192.5648
   1194.4644
   1196.3607
   1198.2534
   1200.1421
   1202.0260
   1203.9048
   1205.7778
   1207.6444
   1209.5038
   1211.3551
   1213.1974
   1215.0298
   1216.8511
   1218.6602
   1220.4557
   1222.2362
   1224.0002
   1225.7460
   1227.4717
   1228.6687
   1230.8555
   1232.5095
   1234.1355
   1235.7312
   1237.2946
   1238.8232
   1240.3152
   1241.7683
   1243.1804
   1244.5499
   1245.8746
   1247.1531
   1248.3835
   1249.5646
   1250.6949
   1251.7732
   1252.7983
   1253.7694
   1254.6854
   1255.5455
   1256.3491
   1257.0953
   1257.7838
   1258.4139
   1258.9852
   1259.4973
   1259.9500
   1260.3428
   1260.6757
   1260.9481
   1261.1603
   1261.3119
   1261.4030
   1261.4333
# Travel time at depth = 500.00 km.
     -1.0000
     -1.0000
     -1.0000
     -1.0000
     -1.0000
     -1.0000
     -1.0000
     -1.0000
     -1.0000
     -1.0000
     -1.0000
     -1.0000
     -1.0000
     -1.0000
     -1.0000
     -1.0000
     -1.0000
     -1.0000
     -1.0000
     -1.0000
     -1.0000
     -1.0000
     -1.0000
     -1.0000
    357.1914
    366.4241
    375.6477
    384.8567
    394.0449
    403.2056
    412.3307
    421.4134
    430.4458
    439.4079
    448.3093
    457.1673
    465.9867
    474.7661
    483.4973
    492.1730
    500.7911
    509.3476
    517.8396
    526.2650
    534.6210
    542.9052
    551.1178
    559.2579
    567.3239
    575.3153
    583.2314
    591.0717
    598.8361
    606.5240
    614.1351
    621.6692
    629.1269
    636.5084
    643.8134
    651.0420
    658.1940
    665.2695
    672.2688
    679.1918
    686.0386
    692.8093
    699.5037
    706.1219
    712.6638
    719.1295
    725.5189
    731.8322
    738.0694
    744.2302
    750.3144
    756.3219
    762.2526
    768.1060
    773.8818
    779.5797
    785.1996
    790.7413
    796.2040
    801.5870
    806.8904
    812.1138
    817.2552
    822.3125
    827.2911
    832.1935
    836.9800
    841.6902
    846.3640
    851.0096
    855.6319
    860.2341
    864.8170
    869.3760
    873.9046
    878.4012
    882.8641
    887.3035
    891.7424
    896.1813
    900.6202
    905.0592
    909.4981
    913.9370
    918.3759
    922.8149
    927.2538
    931.6927
    936.1316
    940.5706
     -1.0000
   1181.9585
   1183.8735
   1185.7885
   1187.7029
   1189.6166
   1191.5295
   1193.4415
   1195.3522
   1197.2614
   1199.1686
   1201.0739
   1202.9767
   1204.8768
   1206.7737
   1208.6670
   1210.5564
   1212.4412
   1214.3209
   1216.1949
   1218.0626
   1219.9232
   1221.7760
   1223.6199
   1225.4540
   1227.2772
   1229.0884
   1230.8861
   1232.6692
   1234.4358
   1236.1846
   1237.9136
   1238.7388
   1241.3046
   1242.9626
   1244.5928
   1246.1930
   1247.7610
   1249.2946
   1250.7916
   1252.2499
   1253.6674
   1255.0421
   1256.3722
   1257.6560
   1258.8918
   1260.0782
   1261.2137
   1262.2971
   1263.3271
   1264.3030
   1265.2235
   1266.0880
   1266.8955
   1267.6456
   1268.3376
   1268.9711
   1269.5454
   1270.0603
   1270.5153
   1270.9103
   1271.2448
   1271.5188
   1271.7321
   1271.8845
   1271.9761
   1272.0066
# Travel time at depth = 600.00 km.
     -1.0000
     -1.0000
     -1.0000
     -1.0000
     -1.0000
     -1.0000
     -1.0000
     -1.0000
     -1.0000
     -1.0000
     -1.0000
     -1.0000
     -1.0000
     -1.0000
     -1.0000
     -1.0000
     -1.0000
     -1.0000
     -1.0000
     -1.0000
     -1.0000
     -1.0000
     -1.0000
     -1.0000
     -1.0000
    370.9843
    380.2213
    389.4539
    398.6770
    407.8849
    417.0713
    426.2285
    435.3479
    444.4221
    453.4401
    462.3814
    471.2672
    480.1108
    488.9151
    497.6754
    506.3815
    515.0294
    523.6155
    532.1360
    540.5884
    548.9703
    557.2785
    565.5126
    573.6723
    581.7560
    589.7629
    597.6926
    605.5444
    613.3182
    621.0139
    628.6307
    636.1686
    643.6284
    651.0103
    658.3141
    665.5399
    672.6875
    679.7573
    686.7493
    693.6637
    700.5005
    707.2598
    713.9417
    720.5460
    727.0728
    733.5222
    739.8942
    746.1890
    752.4064
    758.5463
    764.6086
    770.5930
    776.4994
    782.3275
    788.0768
    793.7471
    799.3384
    804.8502
    810.2817
    815.6326
    820.9028
    826.0914
    831.1957
    836.2163
    841.1606
    846.0147
    850.7518
    855.4423
    860.1013
    864.7346
    869.3463
    873.9388
    878.5103
    883.0540
    887.5660
    892.0453
    896.4915
    900.9304
    905.3693
    909.8083
    914.2472
    918.6861
    923.1250
    927.5640
    932.0029
    936.4418
    940.8807
    945.3196
    949.7585
     -1.0000
   1191.9565
   1193.8716
   1195.7865
   1197.7010
   1199.6150
   1201.5281
   1203.4403
   1205.3512
   1207.2606
   1209.1683
   1211.0740
   1212.9773
   1214.8778
   1216.7754
   1218.6694
   1220.5596
   1222.4452
   1224.3259
   1226.2010
   1228.0699
   1229.9319
   1231.7860
   1233.6316
   1235.4675
   1237.2927
   1239.1061
   1240.9064
   1242.6920
   1244.4615
   1246.2135
   1247.9459
   1249.6569
   1251.3446
   1253.0070
   1254.6416
   1256.2467
   1257.8197
   1259.3585
   1260.8608
   1262.3247
   1263.7479
   1265.1284
   1266.4644
   1267.7540
   1268.9957
   1270.1877
   1271.3289
   1272.4177
   1273.4531
   1274.4341
   1275.3595
   1276.2286
   1277.0408
   1277.7950
   1278.4908
   1279.1278
   1279.7054
   1280.2233
   1280.6809
   1281.0781
   1281.4147
   1281.6902
   1281.9048
   1282.0581
   1282.1501
   1282.1809
# Travel time at depth = 700.00 km.
     -1.0000
     -1.0000
     -1.0000
     -1.0000
     -1.0000
     -1.0000
     -1.0000
     -1.0000
     -1.0000
     -1.0000
     -1.0000
     -1.0000
     -1.0000
     -1.0000
     -1.0000
     -1.0000
     -1.0000
     -1.0000
     -1.0000
     -1.0000
     -1.0000
     -1.0000
     -1.0000
     -1.0000
     -1.0000
     -1.0000
     -1.0000
     -1.0000
     -1.0000
     -1.0000
     -1.0000
     -1.0000
     -1.0000
     -1.0000
     -1.0000
     -1.0000
     -1.0000
     -1.0000
    492.5768
    501.4544
    510.2838
    519.0676
    527.7952
    536.4577
    545.0524
    553.5748
    562.0228
    570.3938
    578.6849
    586.8967
    595.0288
    603.0800
    611.0498
    618.9380
    626.7447
    634.4697
    642.1129
    649.6740
    657.1538
    664.5530
    671.8717
    679.1098
    686.2675
    693.3450
    700.3427
    707.2607
    714.0992
    720.8583
    727.5381
    734.1388
    740.6602
    747.1026
    753.4661
    759.7508
    765.9567
    772.0837
    778.1315
    784.1001
    789.9893
    795.7986
    801.5280
    807.1770
    812.7457
    818.2333
    823.6394
    828.9634
    834.2056
    839.3642
    844.4363
    849.4265
    854.3395
    859.1381
    863.8514
    868.5270
    873.1740
    877.7972
    882.4001
    886.9836
    891.5433
    896.0724
    900.5693
    905.0320
    909.4714
    913.9103
    918.3492
    922.7882
    927.2271
    931.6660
    936.1049
    940.5439
    944.9828
    949.4217
    953.8606
    958.2996
     -1.0000
   1201.3940
   1203.3092
   1205.2242
   1207.1388
   1209.0529
   1210.9662
   1212.8785
   1214.7897
   1216.6995
   1218.6075
   1220.5137
   1222.4175
   1224.3186
   1226.2168
   1228.1116
   1230.0024
   1231.8892
   1233.7709
   1235.6471
   1237.5173
   1239.3807
   1241.2365
   1243.0839
   1244.9216
   1246.7490
   1248.5648
   1250.3677
   1252.1562
   1253.9290
   1255.6843
   1257.4204
   1259.1355
   1260.7344
   1262.4944
   1264.1342
   1265.7444
   1267.3229
   1268.8674
   1270.3757
   1271.8457
   1273.2751
   1274.6620
   1276.0044
   1277.3005
   1278.5485
   1279.7469
   1280.8943
   1281.9891
   1283.0305
   1284.0171
   1284.9480
   1285.8224
   1286.6393
   1287.3982
   1288.0984
   1288.7393
   1289.3206
   1289.8416
   1290.3021
   1290.7019
   1291.0405
   1291.3179
   1291.5338
   1291.6881
   1291.7808
   1291.8118
# Distance-dependent modelling error(s)
  35	2
	0.0	0.2	0.5	1.0	2.0	3.0	4.0	8.0
	12.0	15.0	17.0	19.0	25.0	33.0	37.0	49.0
	57.0	65.0	79.0	83.0	91.0	93.0	97.0	101.0
	104.0	109.0	114.0	119.0	121.0	129.0	137.0	139.0
	142.0	145.0	180.0
	0.0	200.0
#
	0.1
	0.5
	1.0
	1.5
	2.1
	2.4
	2.6
	2.7
	2.9
	3.6
	3.0
	2.1
	1.4
	1.4
	1.3
	1.3
	1.2
	1.1
	1.1
	1.2
	1.3
	1.4
	1.4
	2.0
	2.3
	2.6
	1.4
	1.4
	1.3
	1.3
	2.3
	3.3
	3.7
	1.7
	1.7
#
	0.7
	0.9
	1.2
	1.7
	2.3
	2.5
	2.7
	2.8
	3.0
	3.7
	3.1
	2.2
	1.7
	1.6
	1.5
	1.5
	1.4
	1.3
	1.3
	1.4
	1.5
	1.7
	1.7
	2.1
	2.5
	2.6
	1.7
	1.7
	1.5
	1.5
	2.5
	3.4
	3.9
	1.9
	1.9
#@(#)        iasp91.pP     2.1     06/06/96
