# IASPEI travel-time table for phase: PS (All 1st PS-type phaseMap)
 14   Number of depth samples at the following depths (km):
    0.00   15.00   35.00   50.00   75.00  100.00  150.00  200.00  250.00  300.00
  400.00  500.00  600.00  700.00
 51   Number of distance samples at the following distances (deg):
   88.00   89.00   90.00   91.00   92.00   93.00   94.00   95.00   96.00   97.00
   98.00   99.00  100.00  101.00  102.00  103.00  104.00  105.00  106.00  107.00
  108.00  109.00  110.00  111.00  112.00  113.00  114.00  115.00  116.00  117.00
  118.00  119.00  120.00  121.00  122.00  123.00  124.00  125.00  126.00  127.00
  128.00  129.00  130.00  131.00  132.00  133.00  134.00  135.00  136.00  137.00
  138.00
# Travel time at depth =   0.00 km.
   1477.8430
   1489.7278
   1501.5356
   1512.9248
   1524.0184
   1535.0902
   1546.1331
   1557.1406
   1568.1073
   1579.0283
   1589.8993
   1600.7168
   1611.4778
   1622.1797
   1632.8204
   1643.3979
   1653.9108
   1664.3569
   1674.7351
   1685.0442
   1695.2837
   1705.4535
   1715.3324
   1724.5503
   1733.7533
   1742.9377
   1752.0999
   1761.2363
   1770.3435
   1779.4176
   1788.4542
   1797.4492
   1806.3997
   1815.3105
   1824.1860
   1833.0289
   1841.8412
   1850.6241
   1859.3793
   1868.1072
   1876.8088
   1885.4849
   1894.1349
   1902.7568
   1911.3478
   1919.9052
   1928.4280
   1936.9160
   1945.3691
   1953.7860
   1962.1653
# Travel time at depth =  15.00 km.
   1475.8190
   1487.6954
   1499.4951
   1510.8175
   1521.9094
   1532.9788
   1544.0186
   1555.0225
   1565.9850
   1576.9014
   1587.7676
   1598.5800
   1609.3356
   1620.0321
   1630.6671
   1641.2390
   1651.7458
   1662.1862
   1672.5585
   1682.8615
   1693.0951
   1703.2589
   1713.0659
   1722.2828
   1731.4846
   1740.6675
   1749.8279
   1758.9624
   1768.0673
   1777.1388
   1786.1726
   1795.1643
   1804.1118
   1813.0200
   1821.8931
   1830.7338
   1839.5439
   1848.3250
   1857.0781
   1865.8042
   1874.5042
   1883.1785
   1891.8267
   1900.4464
   1909.0353
   1917.5903
   1926.1108
   1934.5966
   1943.0472
   1951.4618
   1959.8384
# Travel time at depth =  35.00 km.
   1473.4946
   1485.3583
   1497.1453
   1508.3652
   1519.4542
   1530.5197
   1541.5544
   1552.5527
   1563.5088
   1574.4182
   1585.2769
   1596.0814
   1606.8289
   1617.5168
   1628.1433
   1638.7064
   1649.2043
   1659.6356
   1669.9987
   1680.2926
   1690.5171
   1700.6720
   1710.3707
   1719.5862
   1728.7860
   1737.9666
   1747.1243
   1756.2556
   1765.3571
   1774.4246
   1783.4540
   1792.4409
   1801.3839
   1810.2882
   1819.1578
   1827.9951
   1836.8022
   1845.5803
   1854.3306
   1863.0540
   1871.7511
   1880.4229
   1889.0682
   1897.6851
   1906.2705
   1914.8220
   1923.3390
   1931.8213
   1940.2684
   1948.6793
   1957.0521
# Travel time at depth =  50.00 km.
   1472.5612
   1484.4070
   1496.1630
   1507.2656
   1518.3508
   1529.4111
   1540.4397
   1551.4307
   1562.3788
   1573.2794
   1584.1289
   1594.9237
   1605.6613
   1616.3390
   1626.9551
   1637.5077
   1647.9950
   1658.4155
   1668.7679
   1679.0513
   1689.2653
   1699.4098
   1708.9879
   1718.2017
   1727.3994
   1736.5774
   1745.7321
   1754.8600
   1763.9576
   1773.0209
   1782.0454
   1791.0271
   1799.9653
   1808.8655
   1817.7312
   1826.5651
   1835.3687
   1844.1436
   1852.8907
   1861.6112
   1870.3055
   1878.9744
   1887.6168
   1896.2303
   1904.8121
   1913.3600
   1921.8733
   1930.3518
   1938.7952
   1947.2021
   1955.5709
# Travel time at depth =  75.00 km.
   1471.0126
   1482.8289
   1494.3462
   1505.4443
   1516.5225
   1527.5736
   1538.5912
   1549.5696
   1560.5038
   1571.3896
   1582.2234
   1593.0018
   1603.7224
   1614.3831
   1624.9817
   1635.5166
   1645.9861
   1656.3887
   1666.7230
   1676.9884
   1687.1848
   1697.3120
   1706.6903
   1715.9011
   1725.0951
   1734.2686
   1743.4180
   1752.5400
   1761.6311
   1770.6869
   1779.7034
   1788.6763
   1797.6066
   1806.4998
   1815.3593
   1824.1871
   1832.9852
   1841.7549
   1850.4969
   1859.2124
   1867.9020
   1876.5660
   1885.2032
   1893.8113
   1902.3870
   1910.9286
   1919.4357
   1927.9080
   1936.3450
   1944.7452
   1953.1072
# Travel time at depth = 100.00 km.
   1469.4730
   1481.2598
   1492.5443
   1503.6367
   1514.7072
   1525.7483
   1536.7543
   1547.7195
   1558.6394
   1569.5099
   1580.3275
   1591.0892
   1601.7927
   1612.4359
   1623.0167
   1633.5337
   1643.9851
   1654.3695
   1664.6857
   1674.9332
   1685.1119
   1695.1801
   1704.4014
   1713.6089
   1722.7988
   1731.9677
   1741.1117
   1750.2278
   1759.3120
   1768.3602
   1777.3682
   1786.3322
   1795.2549
   1804.1412
   1812.9944
   1821.8164
   1830.6089
   1839.3732
   1848.1101
   1856.8207
   1865.5054
   1874.1647
   1882.7966
   1891.3988
   1899.9684
   1908.5037
   1917.0044
   1925.4703
   1933.9009
   1942.2946
   1950.6494
# Travel time at depth = 150.00 km.
   1466.4594
   1477.9183
   1489.0167
   1500.0953
   1511.1475
   1522.1664
   1533.1469
   1544.0839
   1554.9733
   1565.8114
   1576.5953
   1587.3224
   1597.9905
   1608.5975
   1619.1420
   1629.6221
   1640.0364
   1650.3835
   1660.6627
   1670.8738
   1681.0165
   1690.6586
   1699.8744
   1709.0750
   1718.2563
   1727.4150
   1736.5477
   1745.6510
   1754.7207
   1763.7528
   1772.7432
   1781.6896
   1790.5972
   1799.4700
   1808.3105
   1817.1207
   1825.9020
   1834.6555
   1843.3821
   1852.0825
   1860.7576
   1869.4066
   1878.0276
   1886.6178
   1895.1744
   1903.6969
   1912.1848
   1920.6378
   1929.0551
   1937.4349
     -1.0000
# Travel time at depth = 200.00 km.
   1463.5277
   1474.6302
   1485.7152
   1496.7755
   1507.8048
   1518.7975
   1529.7484
   1540.6533
   1551.5088
   1562.3114
   1573.0586
   1583.7480
   1594.3778
   1604.9463
   1615.4517
   1625.8925
   1636.2672
   1646.5751
   1656.8154
   1666.9882
   1677.0786
   1686.3013
   1695.5106
   1704.7030
   1713.8746
   1723.0222
   1732.1423
   1741.2313
   1750.2852
   1759.2997
   1768.2709
   1777.2001
   1786.0927
   1794.9517
   1803.7793
   1812.5774
   1821.3470
   1830.0895
   1838.8053
   1847.4954
   1856.1602
   1864.7982
   1873.4072
   1881.9845
   1890.5277
   1899.0366
   1907.5111
   1915.9506
   1924.3536
   1932.7188
     -1.0000
# Travel time at depth = 250.00 km.
   1460.5250
   1471.6140
   1482.6801
   1493.7166
   1504.7178
   1515.6790
   1526.5956
   1537.4641
   1548.2812
   1559.0443
   1569.7510
   1580.3993
   1590.9875
   1601.5140
   1611.9772
   1622.3757
   1632.7083
   1642.9741
   1653.1732
   1663.3053
   1672.9171
   1682.1339
   1691.3356
   1700.5186
   1709.6791
   1718.8142
   1727.9202
   1736.9933
   1746.0294
   1755.0245
   1763.9761
   1772.8883
   1781.7655
   1790.6104
   1799.4248
   1808.2103
   1816.9680
   1825.6989
   1834.4036
   1843.0828
   1851.7365
   1860.3625
   1868.9586
   1877.5217
   1886.0508
   1894.5455
   1903.0057
   1911.4307
   1919.8187
   1928.1681
     -1.0000
# Travel time at depth = 300.00 km.
   1457.8540
   1468.9224
   1479.9620
   1490.9677
   1501.9342
   1512.8574
   1523.7338
   1534.5602
   1545.3337
   1556.0522
   1566.7137
   1577.3164
   1587.8586
   1598.3390
   1608.7560
   1619.1083
   1629.3950
   1639.6160
   1649.7708
   1659.7539
   1668.9764
   1678.1859
   1687.3784
   1696.5504
   1705.6985
   1714.8193
   1723.9093
   1732.9646
   1741.9811
   1750.9547
   1759.8866
   1768.7816
   1777.6432
   1786.4735
   1795.2743
   1804.0466
   1812.7919
   1821.5105
   1830.2035
   1838.8712
   1847.5127
   1856.1257
   1864.7073
   1873.2554
   1881.7694
   1890.2491
   1898.6942
   1907.1035
   1915.4753
     -1.0000
     -1.0000
# Travel time at depth = 400.00 km.
   1453.6008
   1464.5950
   1475.5511
   1486.4657
   1497.3354
   1508.1577
   1518.9299
   1529.6500
   1540.3162
   1550.9266
   1561.4799
   1571.9742
   1582.4084
   1592.7811
   1603.0912
   1613.3381
   1623.5215
   1633.6411
   1643.3363
   1652.5571
   1661.7642
   1670.9537
   1680.1224
   1689.2668
   1698.3839
   1707.4700
   1716.5211
   1725.5336
   1734.5034
   1743.4323
   1752.3250
   1761.1847
   1770.0135
   1778.8131
   1787.5846
   1796.3290
   1805.0471
   1813.7397
   1822.4073
   1831.0487
   1839.6619
   1848.2439
   1856.7926
   1865.3076
   1873.7886
   1882.2352
   1890.6465
   1899.0206
     -1.0000
     -1.0000
     -1.0000
# Travel time at depth = 500.00 km.
     -1.0000
     -1.0000
     -1.0000
   1484.9501
   1495.5460
   1506.1193
   1516.6613
   1527.1655
   1537.6273
   1548.0431
   1558.4094
   1568.7242
   1578.9855
   1589.1920
   1599.3425
   1609.4362
   1619.2308
   1628.4565
   1637.6705
   1646.8689
   1656.0482
   1665.2053
   1674.3369
   1683.4399
   1692.5107
   1701.5457
   1710.5409
   1719.4940
   1728.4089
   1737.2896
   1746.1385
   1754.9575
   1763.7480
   1772.5111
   1781.2477
   1789.9585
   1798.6443
   1807.3052
   1815.9396
   1824.5454
   1833.1200
   1841.6614
   1850.1694
   1858.6438
   1867.0841
   1875.4891
   1883.8573
     -1.0000
     -1.0000
     -1.0000
     -1.0000
# Travel time at depth = 600.00 km.
     -1.0000
     -1.0000
     -1.0000
     -1.0000
     -1.0000
     -1.0000
     -1.0000
     -1.0000
     -1.0000
   1546.8456
   1556.9109
   1566.9553
   1576.9697
   1586.9469
   1596.2009
   1605.4270
   1614.6417
   1623.8413
   1633.0223
   1642.1819
   1651.3169
   1660.4246
   1669.5016
   1678.5444
   1687.5497
   1696.5143
   1705.4404
   1714.3320
   1723.1920
   1732.0221
   1740.8237
   1749.5980
   1758.3458
   1767.0681
   1775.7654
   1784.4381
   1793.0858
   1801.7065
   1810.2979
   1818.8572
   1827.3839
   1835.8778
   1844.3384
   1852.7651
   1861.1566
   1869.5114
     -1.0000
     -1.0000
     -1.0000
     -1.0000
     -1.0000
# Travel time at depth = 700.00 km.
     -1.0000
     -1.0000
     -1.0000
     -1.0000
     -1.0000
     -1.0000
     -1.0000
     -1.0000
     -1.0000
     -1.0000
     -1.0000
     -1.0000
     -1.0000
     -1.0000
     -1.0000
     -1.0000
   1612.1685
   1621.2465
   1630.3105
   1639.3544
   1648.3727
   1657.3613
   1666.3177
   1675.2429
   1684.1389
   1693.0066
   1701.8468
   1710.6603
   1719.4476
   1728.2097
   1736.9473
   1745.6606
   1754.3505
   1763.0170
   1771.6592
   1780.2751
   1788.8625
   1797.4194
   1805.9451
   1814.4391
   1822.9012
   1831.3311
   1839.7271
   1848.0878
     -1.0000
     -1.0000
     -1.0000
     -1.0000
     -1.0000
     -1.0000
     -1.0000
# Distance-dependent modelling error(s)
   4	1
    0.00   36.00   40.00  180.00
#
   0.100
   6.500
   1.700
   1.700
#@(#)        iasp91.PS     2.1     06/06/96
