# IASPEI travel-time table for phase: pSdiff  
 14   Number of depth samples at the following depths (km):
    0.00   15.00   35.00   50.00   75.00  100.00  150.00  200.00  250.00  300.00
  400.00  500.00  600.00  700.00
 45   Number of distance samples at the following distances (deg):
  100.00  101.00  102.00  103.00  104.00  105.00  106.00  107.00  108.00  109.00
  110.00  111.00  112.00  113.00  114.00  115.00  116.00  117.00  118.00  119.00
  120.00  121.00  122.00  123.00  124.00  125.00  126.00  127.00  128.00  129.00
  130.00  131.00  132.00  133.00  134.00  135.00  136.00  137.00  138.00  139.00
  140.00  141.00  142.00  143.00  144.00
# Travel time at depth =   0.00 km.
   1522.5233
   1530.8466
   1539.1698
   1547.4930
   1555.8163
   1564.1396
   1572.4629
   1580.7861
   1589.1094
   1597.4327
   1605.7560
   1614.0792
   1622.4025
   1630.7257
   1639.0491
   1647.3723
   1655.6956
   1664.0188
   1672.3422
   1680.6654
   1688.9886
   1697.3119
   1705.6353
   1713.9585
   1722.2817
   1730.6050
   1738.9282
   1747.2516
   1755.5748
   1763.8981
   1772.2213
   1780.5447
   1788.8679
   1797.1912
   1805.5144
   1813.8376
   1822.1610
   1830.4843
   1838.8075
   1847.1307
   1855.4541
   1863.7773
   1872.1006
   1880.4238
   1888.7471
# Travel time at depth =  15.00 km.
   1524.8524
   1533.1757
   1541.4989
   1549.8223
   1558.1455
   1566.4688
   1574.7920
   1583.1152
   1591.4386
   1599.7618
   1608.0851
   1616.4083
   1624.7317
   1633.0549
   1641.3782
   1649.7014
   1658.0248
   1666.3480
   1674.6713
   1682.9945
   1691.3177
   1699.6411
   1707.9644
   1716.2876
   1724.6108
   1732.9342
   1741.2574
   1749.5807
   1757.9039
   1766.2272
   1774.5505
   1782.8738
   1791.1970
   1799.5203
   1807.8436
   1816.1669
   1824.4901
   1832.8134
   1841.1367
   1849.4600
   1857.7832
   1866.1064
   1874.4297
   1882.7531
   1891.0763
# Travel time at depth =  35.00 km.
   1527.6418
   1535.9651
   1544.2883
   1552.6117
   1560.9349
   1569.2582
   1577.5814
   1585.9047
   1594.2280
   1602.5513
   1610.8745
   1619.1978
   1627.5211
   1635.8444
   1644.1676
   1652.4908
   1660.8141
   1669.1375
   1677.4607
   1685.7839
   1694.1072
   1702.4305
   1710.7538
   1719.0770
   1727.4003
   1735.7235
   1744.0469
   1752.3701
   1760.6934
   1769.0166
   1777.3400
   1785.6632
   1793.9865
   1802.3097
   1810.6331
   1818.9563
   1827.2795
   1835.6028
   1843.9260
   1852.2494
   1860.5726
   1868.8959
   1877.2191
   1885.5425
   1893.8657
# Travel time at depth =  50.00 km.
   1529.1259
   1537.4492
   1545.7725
   1554.0957
   1562.4189
   1570.7422
   1579.0656
   1587.3888
   1595.7120
   1604.0353
   1612.3586
   1620.6819
   1629.0051
   1637.3284
   1645.6517
   1653.9750
   1662.2982
   1670.6215
   1678.9447
   1687.2681
   1695.5913
   1703.9146
   1712.2378
   1720.5612
   1728.8844
   1737.2076
   1745.5309
   1753.8541
   1762.1775
   1770.5007
   1778.8240
   1787.1472
   1795.4706
   1803.7938
   1812.1171
   1820.4403
   1828.7635
   1837.0869
   1845.4102
   1853.7334
   1862.0566
   1870.3800
   1878.7032
   1887.0265
   1895.3497
# Travel time at depth =  75.00 km.
   1531.5935
   1539.9167
   1548.2401
   1556.5634
   1564.8866
   1573.2098
   1581.5332
   1589.8564
   1598.1797
   1606.5029
   1614.8263
   1623.1495
   1631.4728
   1639.7960
   1648.1193
   1656.4426
   1664.7659
   1673.0891
   1681.4124
   1689.7357
   1698.0590
   1706.3822
   1714.7054
   1723.0287
   1731.3521
   1739.6753
   1747.9985
   1756.3218
   1764.6451
   1772.9684
   1781.2916
   1789.6149
   1797.9382
   1806.2615
   1814.5847
   1822.9080
   1831.2312
   1839.5546
   1847.8778
   1856.2010
   1864.5243
   1872.8477
   1881.1709
   1889.4941
   1897.8174
# Travel time at depth = 100.00 km.
   1534.0540
   1542.3772
   1550.7006
   1559.0238
   1567.3470
   1575.6703
   1583.9935
   1592.3169
   1600.6401
   1608.9634
   1617.2866
   1625.6100
   1633.9332
   1642.2565
   1650.5797
   1658.9031
   1667.2263
   1675.5496
   1683.8728
   1692.1960
   1700.5194
   1708.8427
   1717.1659
   1725.4891
   1733.8125
   1742.1357
   1750.4590
   1758.7822
   1767.1055
   1775.4288
   1783.7521
   1792.0753
   1800.3986
   1808.7219
   1817.0452
   1825.3684
   1833.6917
   1842.0149
   1850.3383
   1858.6615
   1866.9847
   1875.3080
   1883.6313
   1891.9546
   1900.2778
# Travel time at depth = 150.00 km.
     -1.0000
   1547.2528
   1555.5762
   1563.8994
   1572.2227
   1580.5459
   1588.8693
   1597.1925
   1605.5157
   1613.8390
   1622.1622
   1630.4856
   1638.8088
   1647.1321
   1655.4553
   1663.7787
   1672.1019
   1680.4252
   1688.7484
   1697.0718
   1705.3950
   1713.7183
   1722.0415
   1730.3647
   1738.6881
   1747.0114
   1755.3346
   1763.6578
   1771.9812
   1780.3044
   1788.6277
   1796.9509
   1805.2742
   1813.5975
   1821.9208
   1830.2440
   1838.5673
   1846.8906
   1855.2139
   1863.5371
   1871.8604
   1880.1836
   1888.5070
   1896.8302
   1905.1534
# Travel time at depth = 200.00 km.
     -1.0000
   1551.9802
   1560.3035
   1568.6268
   1576.9501
   1585.2733
   1593.5966
   1601.9198
   1610.2432
   1618.5664
   1626.8896
   1635.2129
   1643.5363
   1651.8595
   1660.1827
   1668.5060
   1676.8292
   1685.1526
   1693.4758
   1701.7991
   1710.1223
   1718.4457
   1726.7689
   1735.0922
   1743.4154
   1751.7388
   1760.0620
   1768.3853
   1776.7085
   1785.0317
   1793.3551
   1801.6783
   1810.0016
   1818.3248
   1826.6482
   1834.9714
   1843.2947
   1851.6179
   1859.9412
   1868.2645
   1876.5878
   1884.9110
   1893.2343
   1901.5576
   1909.8809
# Travel time at depth = 250.00 km.
     -1.0000
   1556.5365
   1564.8597
   1573.1830
   1581.5062
   1589.8296
   1598.1528
   1606.4761
   1614.7993
   1623.1227
   1631.4459
   1639.7692
   1648.0924
   1656.4158
   1664.7390
   1673.0623
   1681.3855
   1689.7087
   1698.0321
   1706.3553
   1714.6786
   1723.0018
   1731.3252
   1739.6484
   1747.9717
   1756.2949
   1764.6182
   1772.9415
   1781.2648
   1789.5880
   1797.9113
   1806.2346
   1814.5579
   1822.8811
   1831.2043
   1839.5276
   1847.8510
   1856.1742
   1864.4974
   1872.8207
   1881.1440
   1889.4673
   1897.7905
   1906.1138
   1914.4371
# Travel time at depth = 300.00 km.
     -1.0000
     -1.0000
   1569.2191
   1577.5424
   1585.8656
   1594.1888
   1602.5121
   1610.8354
   1619.1587
   1627.4819
   1635.8052
   1644.1285
   1652.4518
   1660.7750
   1669.0983
   1677.4216
   1685.7449
   1694.0681
   1702.3914
   1710.7146
   1719.0380
   1727.3612
   1735.6844
   1744.0077
   1752.3311
   1760.6543
   1768.9775
   1777.3008
   1785.6240
   1793.9474
   1802.2706
   1810.5939
   1818.9171
   1827.2405
   1835.5637
   1843.8870
   1852.2102
   1860.5336
   1868.8568
   1877.1801
   1885.5033
   1893.8265
   1902.1499
   1910.4731
   1918.7964
# Travel time at depth = 400.00 km.
     -1.0000
     -1.0000
     -1.0000
   1585.6716
   1593.9950
   1602.3182
   1610.6415
   1618.9647
   1627.2881
   1635.6113
   1643.9346
   1652.2578
   1660.5811
   1668.9044
   1677.2277
   1685.5509
   1693.8741
   1702.1975
   1710.5208
   1718.8440
   1727.1672
   1735.4906
   1743.8138
   1752.1371
   1760.4603
   1768.7836
   1777.1069
   1785.4302
   1793.7534
   1802.0767
   1810.4000
   1818.7233
   1827.0465
   1835.3698
   1843.6930
   1852.0164
   1860.3396
   1868.6628
   1876.9861
   1885.3094
   1893.6327
   1901.9559
   1910.2792
   1918.6025
   1926.9258
# Travel time at depth = 500.00 km.
     -1.0000
     -1.0000
     -1.0000
     -1.0000
   1600.8392
   1609.1625
   1617.4857
   1625.8091
   1634.1323
   1642.4556
   1650.7788
   1659.1022
   1667.4254
   1675.7487
   1684.0719
   1692.3953
   1700.7185
   1709.0417
   1717.3650
   1725.6882
   1734.0116
   1742.3348
   1750.6581
   1758.9813
   1767.3047
   1775.6279
   1783.9512
   1792.2744
   1800.5977
   1808.9210
   1817.2443
   1825.5675
   1833.8907
   1842.2141
   1850.5374
   1858.8606
   1867.1838
   1875.5072
   1883.8304
   1892.1537
   1900.4769
   1908.8002
   1917.1235
   1925.4468
   1933.7700
# Travel time at depth = 600.00 km.
     -1.0000
     -1.0000
     -1.0000
     -1.0000
     -1.0000
   1615.1918
   1623.5150
   1631.8384
   1640.1616
   1648.4849
   1656.8081
   1665.1313
   1673.4547
   1681.7780
   1690.1012
   1698.4244
   1706.7478
   1715.0710
   1723.3943
   1731.7175
   1740.0408
   1748.3641
   1756.6874
   1765.0106
   1773.3339
   1781.6572
   1789.9805
   1798.3037
   1806.6270
   1814.9503
   1823.2736
   1831.5968
   1839.9200
   1848.2433
   1856.5667
   1864.8899
   1873.2131
   1881.5364
   1889.8597
   1898.1830
   1906.5062
   1914.8295
   1923.1527
   1931.4761
   1939.7993
# Travel time at depth = 700.00 km.
     -1.0000
     -1.0000
     -1.0000
     -1.0000
     -1.0000
     -1.0000
     -1.0000
   1636.6123
   1644.9355
   1653.2589
   1661.5822
   1669.9054
   1678.2286
   1686.5520
   1694.8752
   1703.1985
   1711.5217
   1719.8450
   1728.1683
   1736.4916
   1744.8148
   1753.1381
   1761.4614
   1769.7847
   1778.1079
   1786.4312
   1794.7545
   1803.0778
   1811.4010
   1819.7242
   1828.0475
   1836.3708
   1844.6941
   1853.0173
   1861.3406
   1869.6639
   1877.9872
   1886.3104
   1894.6337
   1902.9569
   1911.2803
   1919.6035
   1927.9268
   1936.2500
   1944.5734
# Distance-dependent modelling error(s)   
   3   1
  100.00  116.00  144.00
#
   0.700
   5.000
  15.000
#@(#)        iasp91.pSdiff     2.1     06/06/96
