# IASPEI travel-time table for phase: pSKSac  
 14   Number of depth samples at the following depths (km):
    0.00   15.00   35.00   50.00   75.00  100.00  150.00  200.00  250.00  300.00
  400.00  500.00  600.00  700.00
 82   Number of distance samples at the following distances (deg):
   64.00   65.00   66.00   67.00   68.00   69.00   70.00   71.00   72.00   73.00
   74.00   75.00   76.00   77.00   78.00   79.00   80.00   81.00   82.00   83.00
   84.00   85.00   86.00   87.00   88.00   89.00   90.00   91.00   92.00   93.00
   94.00   95.00   96.00   97.00   98.00   99.00  100.00  101.00  102.00  103.00
  104.00  105.00  106.00  107.00  108.00  109.00  110.00  111.00  112.00  113.00
  114.00  115.00  116.00  117.00  118.00  119.00  120.00  121.00  122.00  123.00
  124.00  125.00  126.00  127.00  128.00  129.00  130.00  131.00  132.00  133.00
  134.00  135.00  136.00  137.00  138.00  139.00  140.00  141.00  142.00  143.00
  144.00  145.00
# Travel time at depth =   0.00 km.
   1230.2743
   1237.8601
   1245.4417
   1253.0164
   1260.5817
   1268.1340
   1275.6699
   1283.1849
   1290.6738
   1298.1310
   1305.5496
   1312.9219
   1320.2396
   1327.4937
   1334.6744
   1341.7729
   1348.7808
   1355.6907
   1362.4969
   1369.1956
   1375.7837
   1382.2596
   1388.6237
   1394.8766
   1401.0193
   1407.0530
   1412.9797
   1418.8010
   1424.5188
   1430.1356
   1435.6537
   1441.0747
   1446.4006
   1451.6335
   1456.7751
   1461.8271
   1466.7914
   1471.6700
   1476.4641
   1481.1747
   1485.8038
   1490.3529
   1494.8235
   1499.2169
   1503.5350
   1507.7789
   1511.9496
   1516.0482
   1520.0764
   1524.0348
   1527.9237
   1531.7441
   1535.4972
   1539.1836
   1542.8044
   1546.3604
   1549.8522
   1553.2808
   1556.6467
   1559.9508
   1563.1936
   1566.3759
   1569.4980
   1572.5609
   1575.5648
   1578.5103
   1581.3975
   1584.2273
   1587.0005
   1589.7173
   1592.3781
   1594.9833
   1597.5332
   1600.0282
   1602.4688
   1604.8551
   1607.1874
   1609.4657
   1611.6912
   1613.8644
   1615.9834
     -1.0000
# Travel time at depth =  15.00 km.
   1232.6489
   1240.2349
   1247.8167
   1255.3920
   1262.9578
   1270.5111
   1278.0480
   1285.5643
   1293.0549
   1300.5140
   1307.9349
   1315.3101
   1322.6311
   1329.8890
   1337.0740
   1344.1771
   1351.1899
   1358.1051
   1364.9170
   1371.6211
   1378.2146
   1384.6960
   1391.0654
   1397.3235
   1403.4712
   1409.5098
   1415.4412
   1421.2670
   1426.9891
   1432.6100
   1438.1321
   1443.5570
   1448.8866
   1454.1230
   1459.2681
   1464.3232
   1469.2908
   1474.1724
   1478.9694
   1483.6829
   1488.3147
   1492.8663
   1497.3394
   1501.7354
   1506.0558
   1510.3019
   1514.4747
   1518.5756
   1522.6057
   1526.5660
   1530.4570
   1534.2793
   1538.0342
   1541.7223
   1545.3448
   1548.9023
   1552.3959
   1555.8259
   1559.1935
   1562.4990
   1565.7432
   1568.9268
   1572.0503
   1575.1145
   1578.1198
   1581.0663
   1583.9547
   1586.7858
   1589.5599
   1592.2778
   1594.9397
   1597.5459
   1600.0968
   1602.5929
   1605.0343
   1607.4216
   1609.7548
   1612.0339
   1614.2603
   1616.4342
   1618.5542
     -1.0000
# Travel time at depth =  35.00 km.
   1235.5061
   1243.0924
   1250.6747
   1258.2506
   1265.8174
   1273.3719
   1280.9104
   1288.4287
   1295.9218
   1303.3838
   1310.8082
   1318.1875
   1325.5133
   1332.7767
   1339.9680
   1347.0781
   1354.0983
   1361.0214
   1367.8412
   1374.5535
   1381.1553
   1387.6448
   1394.0221
   1400.2878
   1406.4430
   1412.4888
   1418.4271
   1424.2596
   1429.9882
   1435.6151
   1441.1431
   1446.5737
   1451.9088
   1457.1505
   1462.3005
   1467.3606
   1472.3326
   1477.2188
   1482.0200
   1486.7378
   1491.3735
   1495.9291
   1500.4059
   1504.8054
   1509.1293
   1513.3788
   1517.5548
   1521.6588
   1525.6920
   1529.6552
   1533.5490
   1537.3740
   1541.1315
   1544.8223
   1548.4473
   1552.0072
   1555.5031
   1558.9354
   1562.3052
   1565.6128
   1568.8591
   1572.0447
   1575.1702
   1578.2362
   1581.2433
   1584.1918
   1587.0819
   1589.9146
   1592.6904
   1595.4100
   1598.0734
   1600.6812
   1603.2335
   1605.7310
   1608.1738
   1610.5625
   1612.8969
   1615.1774
   1617.4049
   1619.5801
   1621.7012
     -1.0000
# Travel time at depth =  50.00 km.
   1237.0613
   1244.6477
   1252.2305
   1259.8070
   1267.3748
   1274.9305
   1282.4707
   1289.9910
   1297.4865
   1304.9514
   1312.3794
   1319.7629
   1327.0938
   1334.3628
   1341.5605
   1348.6776
   1355.7053
   1362.6364
   1369.4644
   1376.1849
   1382.7950
   1389.2928
   1395.6781
   1401.9515
   1408.1143
   1414.1672
   1420.1125
   1425.9518
   1431.6866
   1437.3198
   1442.8536
   1448.2899
   1453.6304
   1458.8773
   1464.0323
   1469.0972
   1474.0739
   1478.9644
   1483.7699
   1488.4917
   1493.1315
   1497.6909
   1502.1713
   1506.5743
   1510.9016
   1515.1543
   1519.3336
   1523.4406
   1527.4767
   1531.4427
   1535.3392
   1539.1671
   1542.9271
   1546.6205
   1550.2478
   1553.8102
   1557.3082
   1560.7428
   1564.1147
   1567.4244
   1570.6729
   1573.8604
   1576.9877
   1580.0555
   1583.0645
   1586.0146
   1588.9065
   1591.7408
   1594.5183
   1597.2394
   1599.9043
   1602.5134
   1605.0673
   1607.5660
   1610.0103
   1612.4001
   1614.7358
   1617.0176
   1619.2462
   1621.4226
   1623.5449
     -1.0000
# Travel time at depth =  75.00 km.
   1239.6483
   1247.2351
   1254.8185
   1262.3962
   1269.9656
   1277.5233
   1285.0660
   1292.5895
   1300.0890
   1307.5590
   1314.9928
   1322.3833
   1329.7223
   1337.0007
   1344.2090
   1351.3378
   1358.3782
   1365.3225
   1372.1643
   1378.8989
   1385.5229
   1392.0345
   1398.4332
   1404.7198
   1410.8951
   1416.9604
   1422.9175
   1428.7679
   1434.5138
   1440.1572
   1445.7009
   1451.1467
   1456.4963
   1461.7520
   1466.9155
   1471.9884
   1476.9729
   1481.8708
   1486.6836
   1491.4124
   1496.0587
   1500.6245
   1505.1111
   1509.5201
   1513.8530
   1518.1112
   1522.2958
   1526.4080
   1530.4490
   1534.4198
   1538.3210
   1542.1533
   1545.9178
   1549.6154
   1553.2468
   1556.8131
   1560.3151
   1563.7534
   1567.1288
   1570.4420
   1573.6938
   1576.8846
   1580.0151
   1583.0862
   1586.0980
   1589.0513
   1591.9459
   1594.7830
   1597.5631
   1600.2867
   1602.9542
   1605.5658
   1608.1219
   1610.6230
   1613.0696
   1615.4617
   1617.7996
   1620.0833
   1622.3140
   1624.4922
   1626.6165
     -1.0000
# Travel time at depth = 100.00 km.
   1242.2294
   1249.8165
   1257.4005
   1264.9794
   1272.5500
   1280.1097
   1287.6550
   1295.1818
   1302.6852
   1310.1599
   1317.5996
   1324.9969
   1332.3440
   1339.6317
   1346.8506
   1353.9911
   1361.0441
   1368.0018
   1374.8575
   1381.6063
   1388.2446
   1394.7703
   1401.1826
   1407.4824
   1413.6707
   1419.7484
   1425.7173
   1431.5792
   1437.3361
   1442.9901
   1448.5438
   1453.9993
   1459.3583
   1464.6228
   1469.7948
   1474.8760
   1479.8682
   1484.7737
   1489.5939
   1494.3296
   1498.9828
   1503.5551
   1508.0479
   1512.4629
   1516.8015
   1521.0653
   1525.2552
   1529.3726
   1533.4186
   1537.3944
   1541.3003
   1545.1372
   1548.9060
   1552.6078
   1556.2434
   1559.8137
   1563.3196
   1566.7617
   1570.1407
   1573.4575
   1576.7128
   1579.9069
   1583.0406
   1586.1149
   1589.1298
   1592.0858
   1594.9834
   1597.8232
   1600.6061
   1603.3324
   1606.0023
   1608.6165
   1611.1750
   1613.6785
   1616.1272
   1618.5216
   1620.8616
   1623.1475
   1625.3800
   1627.5602
   1629.6865
     -1.0000
# Travel time at depth = 150.00 km.
   1247.3511
   1254.9388
   1262.5240
   1270.1047
   1277.6782
   1285.2418
   1292.7919
   1300.3248
   1307.8359
   1315.3201
   1322.7711
   1330.1820
   1337.5449
   1344.8512
   1352.0912
   1359.2550
   1366.3336
   1373.3185
   1380.2025
   1386.9802
   1393.6475
   1400.2019
   1406.6425
   1412.9696
   1419.1843
   1425.2876
   1431.2810
   1437.1666
   1442.9462
   1448.6218
   1454.1962
   1459.6715
   1465.0496
   1470.3323
   1475.5219
   1480.6199
   1485.6283
   1490.5492
   1495.3843
   1500.1345
   1504.8015
   1509.3870
   1513.8927
   1518.3199
   1522.6704
   1526.9457
   1531.1466
   1535.2745
   1539.3308
   1543.3164
   1547.2321
   1551.0782
   1554.8562
   1558.5668
   1562.2108
   1565.7893
   1569.3031
   1572.7528
   1576.1394
   1579.4634
   1582.7256
   1585.9265
   1589.0669
   1592.1475
   1595.1686
   1598.1307
   1601.0342
   1603.8798
   1606.6680
   1609.3997
   1612.0748
   1614.6940
   1617.2574
   1619.7657
   1622.2191
   1624.6179
   1626.9623
   1629.2524
   1631.4890
   1633.6732
   1635.8036
     -1.0000
# Travel time at depth = 200.00 km.
     -1.0000
   1259.9240
   1267.5103
   1275.0927
   1282.6688
   1290.2360
   1297.7908
   1305.3297
   1312.8484
   1320.3417
   1327.8040
   1335.2284
   1342.6072
   1349.9319
   1357.1931
   1364.3809
   1371.4857
   1378.4985
   1385.4120
   1392.2197
   1398.9174
   1405.5021
   1411.9723
   1418.3282
   1424.5708
   1430.7009
   1436.7203
   1442.6307
   1448.4342
   1454.1326
   1459.7288
   1465.2250
   1470.6229
   1475.9249
   1481.1328
   1486.2485
   1491.2739
   1496.2111
   1501.0618
   1505.8270
   1510.5085
   1515.1079
   1519.6270
   1524.0671
   1528.4299
   1532.7170
   1536.9294
   1541.0685
   1545.1354
   1549.1315
   1553.0571
   1556.9131
   1560.7004
   1564.4200
   1568.0730
   1571.6599
   1575.1820
   1578.6398
   1582.0341
   1585.3656
   1588.6350
   1591.8430
   1594.9904
   1598.0774
   1601.1051
   1604.0735
   1606.9832
   1609.8345
   1612.6285
   1615.3657
   1618.0463
   1620.6707
   1623.2393
   1625.7524
   1628.2106
   1630.6141
   1632.9630
   1635.2576
   1637.4984
   1639.6866
   1641.8213
     -1.0000
# Travel time at depth = 250.00 km.
     -1.0000
   1264.7512
   1272.3384
   1279.9224
   1287.5010
   1295.0714
   1302.6309
   1310.1757
   1317.7017
   1325.2041
   1332.6774
   1340.1152
   1347.5099
   1354.8531
   1362.1357
   1369.3479
   1376.4795
   1383.5214
   1390.4653
   1397.3046
   1404.0342
   1410.6509
   1417.1525
   1423.5388
   1429.8109
   1435.9696
   1442.0164
   1447.9531
   1453.7817
   1459.5043
   1465.1234
   1470.6417
   1476.0609
   1481.3829
   1486.6104
   1491.7448
   1496.7878
   1501.7419
   1506.6091
   1511.3903
   1516.0870
   1520.7010
   1525.2341
   1529.6877
   1534.0635
   1538.3630
   1542.5876
   1546.7382
   1550.8163
   1554.8231
   1558.7594
   1562.6255
   1566.4227
   1570.1519
   1573.8140
   1577.4099
   1580.9404
   1584.4066
   1587.8090
   1591.1484
   1594.4254
   1597.6409
   1600.7953
   1603.8893
   1606.9236
   1609.8987
   1612.8146
   1615.6721
   1618.4722
   1621.2151
   1623.9014
   1626.5311
   1629.1051
   1631.6234
   1634.0865
   1636.4949
   1638.8486
   1641.1477
   1643.3931
   1645.5854
   1647.7244
     -1.0000
# Travel time at depth = 300.00 km.
     -1.0000
   1269.3975
   1276.9852
   1284.5706
   1292.1514
   1299.7251
   1307.2889
   1314.8394
   1322.3726
   1329.8839
   1337.3683
   1344.8193
   1352.2299
   1359.5918
   1366.8961
   1374.1331
   1381.2922
   1388.3641
   1395.3400
   1402.2124
   1408.9758
   1415.6261
   1422.1611
   1428.5800
   1434.8834
   1441.0725
   1447.1486
   1453.1133
   1458.9688
   1464.7170
   1470.3606
   1475.9022
   1481.3439
   1486.6874
   1491.9353
   1497.0894
   1502.1514
   1507.1235
   1512.0079
   1516.8059
   1521.5187
   1526.1482
   1530.6960
   1535.1638
   1539.5532
   1543.8660
   1548.1031
   1552.2660
   1556.3558
   1560.3740
   1564.3213
   1568.1981
   1572.0056
   1575.7448
   1579.4165
   1583.0219
   1586.5615
   1590.0364
   1593.4473
   1596.7949
   1600.0798
   1603.3030
   1606.4648
   1609.5662
   1612.6075
   1615.5895
   1618.5121
   1621.3761
   1624.1823
   1626.9313
   1629.6234
   1632.2589
   1634.8384
   1637.3621
   1639.8304
   1642.2439
   1644.6025
   1646.9065
   1649.1564
   1651.3533
   1653.4966
     -1.0000
# Travel time at depth = 400.00 km.
     -1.0000
     -1.0000
   1285.7428
   1293.3302
   1300.9148
   1308.4944
   1316.0662
   1323.6273
   1331.1743
   1338.7030
   1346.2087
   1353.6858
   1361.1278
   1368.5272
   1375.8754
   1383.1628
   1390.3793
   1397.5142
   1404.5577
   1411.5013
   1418.3379
   1425.0620
   1431.6704
   1438.1610
   1444.5338
   1450.7898
   1456.9302
   1462.9568
   1468.8715
   1474.6763
   1480.3737
   1485.9666
   1491.4573
   1496.8479
   1502.1405
   1507.3376
   1512.4409
   1517.4524
   1522.3745
   1527.2087
   1531.9565
   1536.6195
   1541.1995
   1545.6981
   1550.1172
   1554.4581
   1558.7228
   1562.9120
   1567.0272
   1571.0698
   1575.0409
   1578.9409
   1582.7706
   1586.5314
   1590.2239
   1593.8492
   1597.4083
   1600.9020
   1604.3311
   1607.6964
   1610.9984
   1614.2382
   1617.4160
   1620.5330
   1623.5894
   1626.5859
   1629.5228
   1632.4006
   1635.2201
   1637.9821
   1640.6868
   1643.3346
   1645.9259
   1648.4611
   1650.9406
   1653.3649
   1655.7341
   1658.0482
   1660.3080
   1662.5144
   1664.6672
     -1.0000
# Travel time at depth = 500.00 km.
     -1.0000
     -1.0000
     -1.0000
   1300.9351
   1308.5223
   1316.1067
   1323.6858
   1331.2570
   1338.8173
   1346.3630
   1353.8901
   1361.3937
   1368.8679
   1376.3060
   1383.7002
   1391.0415
   1398.3201
   1405.5250
   1412.6453
   1419.6709
   1426.5929
   1433.4043
   1440.1000
   1446.6768
   1453.1329
   1459.4695
   1465.6873
   1471.7878
   1477.7732
   1483.6456
   1489.4073
   1495.0612
   1500.6099
   1506.0560
   1511.4016
   1516.6492
   1521.8008
   1526.8584
   1531.8245
   1536.7009
   1541.4894
   1546.1913
   1550.8085
   1555.3429
   1559.7961
   1564.1699
   1568.4661
   1572.6857
   1576.8301
   1580.9008
   1584.8990
   1588.8254
   1592.6808
   1596.4661
   1600.1824
   1603.8307
   1607.4119
   1610.9270
   1614.3768
   1617.7622
   1621.0837
   1624.3422
   1627.5383
   1630.6729
   1633.7463
   1636.7595
   1639.7126
   1642.6061
   1645.4407
   1648.2172
   1650.9360
   1653.5977
   1656.2024
   1658.7506
   1661.2427
   1663.6792
   1666.0603
   1668.3861
   1670.6570
   1672.8739
   1675.0375
   1677.1451
# Travel time at depth = 600.00 km.
     -1.0000
     -1.0000
     -1.0000
     -1.0000
   1315.4298
   1323.0172
   1330.6018
   1338.1813
   1345.7531
   1353.3140
   1360.8606
   1368.3887
   1375.8933
   1383.3685
   1390.8076
   1398.2021
   1405.5432
   1412.8202
   1420.0216
   1427.1360
   1434.1527
   1441.0624
   1447.8578
   1454.5338
   1461.0874
   1467.5176
   1473.8253
   1480.0120
   1486.0793
   1492.0299
   1497.8660
   1503.5901
   1509.2054
   1514.7151
   1520.1211
   1525.4261
   1530.6326
   1535.7427
   1540.7583
   1545.6825
   1550.5166
   1555.2623
   1559.9214
   1564.4958
   1568.9874
   1573.3979
   1577.7291
   1581.9827
   1586.1597
   1590.2615
   1594.2898
   1598.2455
   1602.1290
   1605.9415
   1609.6841
   1613.3578
   1616.9635
   1620.5022
   1623.9749
   1627.3823
   1630.7252
   1634.0044
   1637.2206
   1640.3745
   1643.4668
   1646.4980
   1649.4689
   1652.3795
   1655.2307
   1658.0232
   1660.7576
   1663.4343
   1666.0536
   1668.6160
   1671.1218
   1673.5717
   1675.9658
   1678.3042
   1680.5873
   1682.8158
   1684.9908
   1687.1102
# Travel time at depth = 700.00 km.
     -1.0000
     -1.0000
     -1.0000
     -1.0000
     -1.0000
   1328.9125
   1336.5002
   1344.0859
   1351.6672
   1359.2416
   1366.8062
   1374.3573
   1381.8911
   1389.4026
   1396.8860
   1404.3346
   1411.7399
   1419.0925
   1426.3817
   1433.5951
   1440.7202
   1447.7452
   1454.6600
   1461.4564
   1468.1290
   1474.6749
   1481.0933
   1487.3854
   1493.5531
   1499.5986
   1505.5247
   1511.3340
   1517.0294
   1522.6146
   1528.0927
   1533.4658
   1538.7369
   1543.9087
   1548.9829
   1553.9625
   1558.8499
   1563.6465
   1568.3542
   1572.9750
   1577.5109
   1581.9637
   1586.3353
   1590.6277
   1594.8419
   1598.9796
   1603.0421
   1607.0310
   1610.9468
   1614.7903
   1618.5626
   1622.2650
   1625.8984
   1629.4639
   1632.9624
   1636.3948
   1639.7617
   1643.0642
   1646.3030
   1649.4786
   1652.5919
   1655.6437
   1658.6344
   1661.5643
   1664.4340
   1667.2444
   1669.9962
   1672.6897
   1675.3254
   1677.9037
   1680.4249
   1682.8896
   1685.2981
   1687.6506
   1689.9473
   1692.1888
   1694.3765
   1696.5089
# Modelling error(s)
   1   1
#
   1.700
#@(#)        iasp91.pSKSac     2.1     06/06/96
