# IASPEI travel-time table for phase: pSKSdf  
 14   Number of depth samples at the following depths (km):
    0.00   15.00   35.00   50.00   75.00  100.00  150.00  200.00  250.00  300.00
  400.00  500.00  600.00  700.00
 39   Number of distance samples at the following distances (deg):
  104.00  106.00  108.00  110.00  112.00  114.00  116.00  118.00  120.00  122.00
  124.00  126.00  128.00  130.00  132.00  134.00  136.00  138.00  140.00  142.00
  144.00  146.00  148.00  150.00  152.00  154.00  156.00  158.00  160.00  162.00
  164.00  166.00  168.00  170.00  172.00  174.00  176.00  178.00  180.00
# Travel time at depth =   0.00 km.
   1535.1506
   1538.9807
   1542.8092
   1546.6345
   1550.4550
   1554.2686
   1558.0730
   1561.8656
   1565.6431
   1569.4017
   1573.1371
   1576.8441
   1580.5167
   1584.1477
   1587.7294
   1591.2524
   1594.7074
   1598.0836
   1601.3704
   1604.5568
   1607.6324
   1610.5873
   1613.4121
   1616.0985
   1618.6390
   1621.0270
   1623.2567
   1625.3230
   1627.2218
   1628.9491
   1630.5021
   1631.8779
   1633.0743
   1634.0897
   1634.9224
   1635.5712
   1636.0352
   1636.3138
   1636.4069
# Travel time at depth =  15.00 km.
   1537.7240
   1541.5541
   1545.3824
   1549.2079
   1553.0283
   1556.8420
   1560.6465
   1564.4391
   1568.2167
   1571.9755
   1575.7111
   1579.4183
   1583.0911
   1586.7225
   1590.3044
   1593.8280
   1597.2833
   1600.6600
   1603.9473
   1607.1344
   1610.2106
   1613.1661
   1615.9917
   1618.6787
   1621.2198
   1623.6085
   1625.8389
   1627.9058
   1629.8051
   1631.5330
   1633.0864
   1634.4626
   1635.6595
   1636.6752
   1637.5081
   1638.1571
   1638.6212
   1638.9000
   1638.9930
# Travel time at depth =  35.00 km.
   1540.8746
   1544.7047
   1548.5332
   1552.3586
   1556.1792
   1559.9929
   1563.7975
   1567.5903
   1571.3680
   1575.1271
   1578.8629
   1582.5704
   1586.2435
   1589.8754
   1593.4578
   1596.9818
   1600.4379
   1603.8153
   1607.1034
   1610.2914
   1613.3685
   1616.3250
   1619.1515
   1621.8396
   1624.3817
   1626.7714
   1629.0026
   1631.0704
   1632.9705
   1634.6992
   1636.2533
   1637.6302
   1638.8276
   1639.8438
   1640.6770
   1641.3263
   1641.7908
   1642.0697
   1642.1627
# Travel time at depth =  50.00 km.
   1542.7219
   1546.5520
   1550.3806
   1554.2061
   1558.0266
   1561.8405
   1565.6451
   1569.4380
   1573.2159
   1576.9751
   1580.7112
   1584.4189
   1588.0925
   1591.7247
   1595.3076
   1598.8323
   1602.2889
   1605.6670
   1608.9559
   1612.1447
   1615.2228
   1618.1802
   1621.0076
   1623.6967
   1626.2397
   1628.6302
   1630.8623
   1632.9310
   1634.8319
   1636.5614
   1638.1162
   1639.4937
   1640.6917
   1641.7083
   1642.5419
   1643.1915
   1643.6561
   1643.9352
   1644.0283
# Travel time at depth =  75.00 km.
   1545.7996
   1549.6296
   1553.4583
   1557.2837
   1561.1045
   1564.9183
   1568.7233
   1572.5164
   1576.2946
   1580.0541
   1583.7905
   1587.4988
   1591.1729
   1594.8058
   1598.3895
   1601.9150
   1605.3728
   1608.7521
   1612.0422
   1615.2324
   1618.3120
   1621.2709
   1624.1000
   1626.7905
   1629.3352
   1631.7273
   1633.9609
   1636.0310
   1637.9333
   1639.6639
   1641.2200
   1642.5984
   1643.7972
   1644.8146
   1645.6489
   1646.2991
   1646.7640
   1647.0432
   1647.1365
# Travel time at depth = 100.00 km.
   1548.8759
   1552.7059
   1556.5345
   1560.3601
   1564.1809
   1567.9950
   1571.7999
   1575.5933
   1579.3717
   1583.1316
   1586.8684
   1590.5771
   1594.2518
   1597.8855
   1601.4700
   1604.9965
   1608.4552
   1611.8358
   1615.1272
   1618.3188
   1621.3999
   1624.3604
   1627.1910
   1629.8832
   1632.4296
   1634.8231
   1637.0582
   1639.1298
   1641.0334
   1642.7654
   1644.3225
   1645.7020
   1646.9017
   1647.9199
   1648.7549
   1649.4054
   1649.8707
   1650.1503
   1650.2435
# Travel time at depth = 150.00 km.
   1555.0056
   1558.8358
   1562.6644
   1566.4901
   1570.3112
   1574.1254
   1577.9308
   1581.7245
   1585.5035
   1589.2640
   1593.0017
   1596.7114
   1600.3873
   1604.0222
   1607.6084
   1611.1368
   1614.5978
   1617.9807
   1621.2748
   1624.4692
   1627.5533
   1630.5171
   1633.3510
   1636.0464
   1638.5959
   1640.9928
   1643.2310
   1645.3054
   1647.2118
   1648.9463
   1650.5057
   1651.8873
   1653.0890
   1654.1086
   1654.9449
   1655.5966
   1656.0626
   1656.3425
   1656.4359
# Travel time at depth = 200.00 km.
   1561.0369
   1564.8669
   1568.6957
   1572.5215
   1576.3427
   1580.1572
   1583.9630
   1587.7572
   1591.5366
   1595.2979
   1599.0364
   1602.7472
   1606.4242
   1610.0605
   1613.6484
   1617.1788
   1620.6420
   1624.0273
   1627.3242
   1630.5216
   1633.6089
   1636.5758
   1639.4131
   1642.1119
   1644.6648
   1647.0649
   1649.3063
   1651.3838
   1653.2931
   1655.0303
   1656.5920
   1657.9758
   1659.1794
   1660.2007
   1661.0383
   1661.6910
   1662.1578
   1662.4382
   1662.5317
# Travel time at depth = 250.00 km.
   1566.9542
   1570.7844
   1574.6133
   1578.4392
   1582.2606
   1586.0754
   1589.8815
   1593.6761
   1597.4562
   1601.2180
   1604.9574
   1608.6693
   1612.3475
   1615.9855
   1619.5750
   1623.1074
   1626.5728
   1629.9608
   1633.2605
   1636.4609
   1639.5515
   1642.5219
   1645.3625
   1648.0649
   1650.6213
   1653.0248
   1655.2695
   1657.3501
   1659.2623
   1661.0022
   1662.5667
   1663.9526
   1665.1582
   1666.1812
   1667.0203
   1667.6740
   1668.1416
   1668.4225
   1668.5162
# Travel time at depth = 300.00 km.
   1572.7418
   1576.5720
   1580.4009
   1584.2269
   1588.0485
   1591.8636
   1595.6700
   1599.4652
   1603.2458
   1607.0084
   1610.7487
   1614.4615
   1618.1411
   1621.7805
   1625.3719
   1628.9064
   1632.3741
   1635.7649
   1639.0675
   1642.2711
   1645.3651
   1648.3389
   1651.1832
   1653.8893
   1656.4492
   1658.8563
   1661.1045
   1663.1884
   1665.1036
   1666.8464
   1668.4135
   1669.8019
   1671.0094
   1672.0342
   1672.8748
   1673.5297
   1673.9980
   1674.2794
   1674.3733
# Travel time at depth = 400.00 km.
     -1.0000
   1587.7762
   1591.6052
   1595.4316
   1599.2535
   1603.0693
   1606.8765
   1610.6725
   1614.4545
   1618.2185
   1621.9607
   1625.6758
   1629.3580
   1633.0007
   1636.5958
   1640.1346
   1643.6074
   1647.0038
   1650.3126
   1653.5229
   1656.6240
   1659.6053
   1662.4574
   1665.1711
   1667.7388
   1670.1534
   1672.4088
   1674.4998
   1676.4216
   1678.1704
   1679.7430
   1681.1365
   1682.3484
   1683.3770
   1684.2206
   1684.8779
   1685.3481
   1685.6306
   1685.7249
# Travel time at depth = 500.00 km.
     -1.0000
   1598.1858
   1602.0149
   1605.8416
   1609.6641
   1613.4803
   1617.2883
   1621.0854
   1624.8687
   1628.6345
   1632.3787
   1636.0962
   1639.7815
   1643.4276
   1647.0269
   1650.5706
   1654.0488
   1657.4514
   1660.7671
   1663.9850
   1667.0940
   1670.0836
   1672.9441
   1675.6665
   1678.2428
   1680.6659
   1682.9294
   1685.0282
   1686.9573
   1688.7130
   1690.2917
   1691.6908
   1692.9077
   1693.9406
   1694.7876
   1695.4476
   1695.9199
   1696.2035
   1696.2981
# Travel time at depth = 600.00 km.
     -1.0000
   1608.1838
   1612.0132
   1615.8401
   1619.6631
   1623.4800
   1627.2889
   1631.0872
   1634.8718
   1638.6393
   1642.3856
   1646.1058
   1649.7942
   1653.4441
   1657.0479
   1660.5966
   1664.0808
   1667.4900
   1670.8131
   1674.0389
   1677.1565
   1680.1550
   1683.0248
   1685.7565
   1688.3420
   1690.7743
   1693.0466
   1695.1538
   1697.0909
   1698.8540
   1700.4395
   1701.8446
   1703.0668
   1704.1042
   1704.9551
   1705.6182
   1706.0924
   1706.3773
   1706.4723
# Travel time at depth = 700.00 km.
     -1.0000
   1617.6215
   1621.4509
   1625.2782
   1629.1016
   1632.9193
   1636.7291
   1640.5286
   1644.3147
   1648.0841
   1651.8328
   1655.5558
   1659.2476
   1662.9015
   1666.5100
   1670.0643
   1673.5549
   1676.9714
   1680.3025
   1683.5371
   1686.6641
   1689.6725
   1692.5522
   1695.2943
   1697.8900
   1700.3323
   1702.6144
   1704.7308
   1706.6768
   1708.4480
   1710.0410
   1711.4528
   1712.6809
   1713.7234
   1714.5784
   1715.2448
   1715.7213
   1716.0076
   1716.1031
# Modelling error(s)
   1   1
#
   1.700
#@(#)        iasp91.pSKSdf     2.1     06/06/96
