# IASPEI travel-time table for phase: pS (All 1st pS's; 1st pS-type phaseMap)
 14   Number of depth samples at the following depths (km):
    0.00   15.00   35.00   50.00   75.00  100.00  150.00  200.00  250.00  300.00
  400.00  500.00  600.00  700.00
131   Number of distance samples at the following distances (deg):
   50.00   51.00   52.00   53.00   54.00   55.00   56.00   57.00   58.00   59.00
   60.00   61.00   62.00   63.00   64.00   65.00   66.00   67.00   68.00   69.00
   70.00   71.00   72.00   73.00   74.00   75.00   76.00   77.00   78.00   79.00
   80.00   81.00   82.00   83.00   84.00   85.00   86.00   87.00   88.00   89.00
   90.00   91.00   92.00   93.00   94.00   95.00   96.00   97.00   98.00   99.00
  100.00  101.00  102.00  103.00  104.00  105.00  106.00  107.00  108.00  109.00
  110.00  111.00  112.00  113.00  114.00  115.00  116.00  117.00  118.00  119.00
  120.00  121.00  122.00  123.00  124.00  125.00  126.00  127.00  128.00  129.00
  130.00  131.00  132.00  133.00  134.00  135.00  136.00  137.00  138.00  139.00
  140.00  141.00  142.00  143.00  144.00  145.00  146.00  147.00  148.00  149.00
  150.00  151.00  152.00  153.00  154.00  155.00  156.00  157.00  158.00  159.00
  160.00  161.00  162.00  163.00  164.00  165.00  166.00  167.00  168.00  169.00
  170.00  171.00  172.00  173.00  174.00  175.00  176.00  177.00  178.00  179.00
  180.00
# Travel time at depth =   0.00 km.
    968.5289
    982.4396
    996.2429
   1009.9370
   1023.5230
   1037.0012
   1050.3706
   1063.6302
   1076.7787
   1089.8154
   1102.7402
   1115.5529
   1128.2531
   1140.8403
   1153.3143
   1165.6744
   1177.9204
   1190.0516
   1202.0676
   1213.9679
   1225.7521
   1237.4196
   1248.9689
   1260.3993
   1271.7114
   1282.9048
   1293.9779
   1304.9296
   1315.7594
   1326.4667
   1337.0503
   1347.5087
   1357.8406
   1368.0452
   1375.7837
   1382.2596
   1388.6237
   1394.8766
   1401.0193
   1407.0530
   1412.9797
   1418.8010
   1424.5188
   1430.1356
   1435.6537
   1441.0747
   1446.4006
   1451.6335
   1456.7751
   1461.8271
   1466.7914
   1471.6700
   1476.4641
   1481.1747
   1485.8038
   1490.3529
   1494.8235
   1499.2169
   1503.5350
   1507.7789
   1511.9496
   1516.0482
   1520.0764
   1524.0348
   1527.9237
   1531.7441
   1535.4972
   1539.1836
   1542.8044
   1546.3604
   1549.8522
   1553.2808
   1556.6467
   1559.9508
   1563.1936
   1566.3759
   1569.4980
   1572.5609
   1575.5648
   1578.5103
   1581.3975
   1584.2273
   1587.0005
   1589.4988
   1591.2524
   1592.9891
   1594.7074
   1596.4060
   1598.0836
   1599.7388
   1601.3704
   1602.9768
   1604.5568
   1606.1091
   1607.6324
   1609.1256
   1610.5873
   1612.0165
   1613.4121
   1614.7731
   1616.0985
   1617.3875
   1618.6390
   1619.8524
   1621.0270
   1622.1620
   1623.2567
   1624.3105
   1625.3230
   1626.2936
   1627.2218
   1628.1071
   1628.9491
   1629.7476
   1630.5021
   1631.2123
   1631.8779
   1632.4987
   1633.0743
   1633.6047
   1634.0897
   1634.5289
   1634.9224
   1635.2698
   1635.5712
   1635.8263
   1636.0352
   1636.1976
   1636.3138
   1636.3835
   1636.4069
# Travel time at depth =  15.00 km.
    970.2975
    984.2234
    998.0419
   1011.7512
   1025.3519
   1038.8446
   1052.2284
   1065.5023
   1078.6650
   1091.7158
   1104.6545
   1117.4808
   1130.1946
   1142.7952
   1155.2823
   1167.6555
   1179.9143
   1192.0583
   1204.0869
   1215.9996
   1227.7960
   1239.4757
   1251.0372
   1262.4796
   1273.8035
   1285.0084
   1296.0931
   1307.0562
   1317.8973
   1328.6160
   1339.2107
   1349.6801
   1360.0231
   1370.2385
   1378.2146
   1384.6960
   1391.0654
   1397.3235
   1403.4712
   1409.5098
   1415.4412
   1421.2670
   1426.9891
   1432.6100
   1438.1321
   1443.5570
   1448.8866
   1454.1230
   1459.2681
   1464.3232
   1469.2908
   1474.1724
   1478.9694
   1483.6829
   1488.3147
   1492.8663
   1497.3394
   1501.7354
   1506.0558
   1510.3019
   1514.4747
   1518.5756
   1522.6057
   1526.5660
   1530.4570
   1534.2793
   1538.0342
   1541.7223
   1545.3448
   1548.9023
   1552.3959
   1555.8259
   1559.1935
   1562.4990
   1565.7432
   1568.9268
   1572.0503
   1575.1145
   1578.1198
   1581.0663
   1583.9547
   1586.7858
   1589.5599
   1592.0741
   1593.8280
   1595.5648
   1597.2833
   1598.9822
   1600.6600
   1602.3156
   1603.9473
   1605.5541
   1607.1344
   1608.6870
   1610.2106
   1611.7041
   1613.1661
   1614.5957
   1615.9917
   1617.3530
   1618.6787
   1619.9680
   1621.2198
   1622.4337
   1623.6085
   1624.7438
   1625.8389
   1626.8931
   1627.9058
   1628.8766
   1629.8051
   1630.6907
   1631.5330
   1632.3317
   1633.0864
   1633.7969
   1634.4626
   1635.0836
   1635.6595
   1636.1901
   1636.6752
   1637.1145
   1637.5081
   1637.8556
   1638.1571
   1638.4124
   1638.6212
   1638.7838
   1638.9000
   1638.9698
   1638.9930
# Travel time at depth =  35.00 km.
     -1.0000
     -1.0000
     -1.0000
   1013.7303
   1027.3564
   1040.8732
   1054.2806
   1067.5780
   1080.7640
   1093.8378
   1106.7990
   1119.6473
   1132.3828
   1145.0049
   1157.5132
   1169.9071
   1182.1864
   1194.3505
   1206.3990
   1218.3313
   1230.1471
   1241.8458
   1253.4264
   1264.8875
   1276.2295
   1287.4526
   1298.5552
   1309.5361
   1320.3948
   1331.1306
   1341.7426
   1352.2290
   1362.5889
   1372.8209
   1381.1553
   1387.6448
   1394.0221
   1400.2878
   1406.4430
   1412.4888
   1418.4271
   1424.2596
   1429.9882
   1435.6151
   1441.1431
   1446.5737
   1451.9088
   1457.1505
   1462.3005
   1467.3606
   1472.3326
   1477.2188
   1482.0200
   1486.7378
   1491.3735
   1495.9291
   1500.4059
   1504.8054
   1509.1293
   1513.3788
   1517.5548
   1521.6588
   1525.6920
   1529.6552
   1533.5490
   1537.3740
   1541.1315
   1544.8223
   1548.4473
   1552.0072
   1555.5031
   1558.9354
   1562.3052
   1565.6128
   1568.8591
   1572.0447
   1575.1702
   1578.2362
   1581.2433
   1584.1918
   1587.0819
   1589.9146
   1592.6904
   1595.2277
   1596.9818
   1598.7190
   1600.4379
   1602.1371
   1603.8153
   1605.4712
   1607.1034
   1608.7106
   1610.2914
   1611.8444
   1613.3685
   1614.8624
   1616.3250
   1617.7550
   1619.1515
   1620.5133
   1621.8396
   1623.1293
   1624.3817
   1625.5959
   1626.7714
   1627.9071
   1629.0026
   1630.0571
   1631.0704
   1632.0416
   1632.9705
   1633.8564
   1634.6992
   1635.4983
   1636.2533
   1636.9641
   1637.6302
   1638.2515
   1638.8276
   1639.3584
   1639.8438
   1640.2833
   1640.6770
   1641.0248
   1641.3263
   1641.5817
   1641.7908
   1641.9534
   1642.0697
   1642.1394
   1642.1627
# Travel time at depth =  50.00 km.
     -1.0000
     -1.0000
     -1.0000
     -1.0000
     -1.0000
   1041.2131
   1054.6991
   1068.0602
   1081.3008
   1094.4238
   1107.4301
   1120.3202
   1133.0945
   1145.7532
   1158.2961
   1170.7230
   1183.0338
   1195.2281
   1207.3058
   1219.2661
   1231.1088
   1242.8336
   1254.4396
   1265.9254
   1277.2913
   1288.5375
   1299.6628
   1310.6659
   1321.5461
   1332.3031
   1342.9357
   1353.4424
   1363.8223
   1374.0739
   1382.7950
   1389.2928
   1395.6781
   1401.9515
   1408.1143
   1414.1672
   1420.1125
   1425.9518
   1431.6866
   1437.3198
   1442.8536
   1448.2899
   1453.6304
   1458.8773
   1464.0323
   1469.0972
   1474.0739
   1478.9644
   1483.7699
   1488.4917
   1493.1315
   1497.6909
   1502.1713
   1506.5743
   1510.9016
   1515.1543
   1519.3336
   1523.4406
   1527.4767
   1531.4427
   1535.3392
   1539.1671
   1542.9271
   1546.6205
   1550.2478
   1553.8102
   1557.3082
   1560.7428
   1564.1147
   1567.4244
   1570.6729
   1573.8604
   1576.9877
   1580.0555
   1583.0645
   1586.0146
   1588.9065
   1591.7408
   1594.5183
   1597.0778
   1598.8323
   1600.5697
   1602.2889
   1603.9884
   1605.6670
   1607.3234
   1608.9559
   1610.5635
   1612.1447
   1613.6982
   1615.2228
   1616.7172
   1618.1802
   1619.6107
   1621.0076
   1622.3699
   1623.6967
   1624.9868
   1626.2397
   1627.4545
   1628.6302
   1629.7665
   1630.8623
   1631.9174
   1632.9310
   1633.9027
   1634.8319
   1635.7184
   1636.5614
   1637.3608
   1638.1162
   1638.8273
   1639.4937
   1640.1152
   1640.6917
   1641.2227
   1641.7083
   1642.1479
   1642.5419
   1642.8898
   1643.1915
   1643.4470
   1643.6561
   1643.8188
   1643.9352
   1644.0050
   1644.0283
# Travel time at depth =  75.00 km.
     -1.0000
     -1.0000
     -1.0000
     -1.0000
     -1.0000
     -1.0000
     -1.0000
   1068.7308
   1082.0950
   1095.3184
   1108.4117
   1121.3798
   1134.2255
   1146.9504
   1159.5555
   1172.0411
   1184.4075
   1196.6548
   1208.7831
   1220.7921
   1232.6818
   1244.4517
   1256.1016
   1267.6301
   1279.0369
   1290.3228
   1301.4871
   1312.5281
   1323.4452
   1334.2380
   1344.9059
   1355.4473
   1365.8610
   1376.1459
   1385.5229
   1392.0345
   1398.4332
   1404.7198
   1410.8951
   1416.9604
   1422.9175
   1428.7679
   1434.5138
   1440.1572
   1445.7009
   1451.1467
   1456.4963
   1461.7520
   1466.9155
   1471.9884
   1476.9729
   1481.8708
   1486.6836
   1491.4124
   1496.0587
   1500.6245
   1505.1111
   1509.5201
   1513.8530
   1518.1112
   1522.2958
   1526.4080
   1530.4490
   1534.4198
   1538.3210
   1542.1533
   1545.9178
   1549.6154
   1553.2468
   1556.8131
   1560.3151
   1563.7534
   1567.1288
   1570.4420
   1573.6938
   1576.8846
   1580.0151
   1583.0862
   1586.0980
   1589.0513
   1591.9459
   1594.7830
   1597.5631
   1600.1602
   1601.9150
   1603.6531
   1605.3728
   1607.0729
   1608.7521
   1610.4089
   1612.0422
   1613.6505
   1615.2324
   1616.7866
   1618.3120
   1619.8071
   1621.2709
   1622.7023
   1624.1000
   1625.4630
   1626.7905
   1628.0815
   1629.3352
   1630.5508
   1631.7273
   1632.8643
   1633.9609
   1635.0167
   1636.0310
   1637.0034
   1637.9333
   1638.8203
   1639.6639
   1640.4640
   1641.2200
   1641.9315
   1642.5984
   1643.2205
   1643.7972
   1644.3287
   1644.8146
   1645.2548
   1645.6489
   1645.9971
   1646.2991
   1646.5547
   1646.7640
   1646.9269
   1647.0432
   1647.1132
   1647.1365
# Travel time at depth = 100.00 km.
     -1.0000
     -1.0000
     -1.0000
     -1.0000
     -1.0000
     -1.0000
     -1.0000
     -1.0000
     -1.0000
   1096.0737
   1109.2848
   1122.3488
   1135.2780
   1148.0780
   1160.7522
   1173.3020
   1185.7288
   1198.0331
   1210.2155
   1222.2762
   1234.2152
   1246.0327
   1257.7285
   1269.3016
   1280.7513
   1292.0784
   1303.2828
   1314.3632
   1325.3185
   1336.1484
   1346.8527
   1357.4296
   1367.8782
   1378.1971
   1388.2446
   1394.7703
   1401.1826
   1407.4824
   1413.6707
   1419.7484
   1425.7173
   1431.5792
   1437.3361
   1442.9901
   1448.5438
   1453.9993
   1459.3583
   1464.6228
   1469.7948
   1474.8760
   1479.8682
   1484.7737
   1489.5939
   1494.3296
   1498.9828
   1503.5551
   1508.0479
   1512.4629
   1516.8015
   1521.0653
   1525.2552
   1529.3726
   1533.4186
   1537.3944
   1541.3003
   1545.1372
   1548.9060
   1552.6078
   1556.2434
   1559.8137
   1563.3196
   1566.7617
   1570.1407
   1573.4575
   1576.7128
   1579.9069
   1583.0406
   1586.1149
   1589.1298
   1592.0858
   1594.9834
   1597.8232
   1600.6061
   1603.2411
   1604.9965
   1606.7350
   1608.4552
   1610.1560
   1611.8358
   1613.4933
   1615.1272
   1616.7362
   1618.3188
   1619.8738
   1621.3999
   1622.8959
   1624.3604
   1625.7925
   1627.1910
   1628.5549
   1629.8832
   1631.1750
   1632.4296
   1633.6458
   1634.8231
   1635.9608
   1637.0582
   1638.1147
   1639.1298
   1640.1029
   1641.0334
   1641.9210
   1642.7654
   1643.5659
   1644.3225
   1645.0345
   1645.7020
   1646.3245
   1646.9017
   1647.4336
   1647.9199
   1648.3604
   1648.7549
   1649.1033
   1649.4054
   1649.6613
   1649.8707
   1650.0338
   1650.1503
   1650.2202
   1650.2435
# Travel time at depth = 150.00 km.
     -1.0000
     -1.0000
     -1.0000
     -1.0000
     -1.0000
     -1.0000
     -1.0000
     -1.0000
     -1.0000
     -1.0000
     -1.0000
     -1.0000
   1136.9785
   1150.0026
   1162.8594
   1175.5693
   1188.1410
   1200.5786
   1212.8853
   1225.0627
   1237.1123
   1249.0349
   1260.8309
   1272.5010
   1284.0442
   1295.4602
   1306.7506
   1317.9148
   1328.9517
   1339.8605
   1350.6414
   1361.2935
   1371.8156
   1382.2063
   1392.4648
   1400.2019
   1406.6425
   1412.9696
   1419.1843
   1425.2876
   1431.2810
   1437.1666
   1442.9462
   1448.6218
   1454.1962
   1459.6715
   1465.0496
   1470.3323
   1475.5219
   1480.6199
   1485.6283
   1490.5492
   1495.3843
   1500.1345
   1504.8015
   1509.3870
   1513.8927
   1518.3199
   1522.6704
   1526.9457
   1531.1466
   1535.2745
   1539.3308
   1543.3164
   1547.2321
   1551.0782
   1554.8562
   1558.5668
   1562.2108
   1565.7893
   1569.3031
   1572.7528
   1576.1394
   1579.4634
   1582.7256
   1585.9265
   1589.0669
   1592.1475
   1595.1686
   1598.1307
   1601.0342
   1603.8798
   1606.6680
   1609.3804
   1611.1368
   1612.8763
   1614.5978
   1616.2996
   1617.9807
   1619.6395
   1621.2748
   1622.8851
   1624.4692
   1626.0258
   1627.5533
   1629.0509
   1630.5171
   1631.9508
   1633.3510
   1634.7164
   1636.0464
   1637.3398
   1638.5959
   1639.8138
   1640.9928
   1642.1320
   1643.2310
   1644.2889
   1645.3054
   1646.2799
   1647.2118
   1648.1007
   1648.9463
   1649.7480
   1650.5057
   1651.2189
   1651.8873
   1652.5109
   1653.0890
   1653.6217
   1654.1086
   1654.5498
   1654.9449
   1655.2939
   1655.5966
   1655.8528
   1656.0626
   1656.2258
   1656.3425
   1656.4126
   1656.4359
# Travel time at depth = 200.00 km.
     -1.0000
     -1.0000
     -1.0000
     -1.0000
     -1.0000
     -1.0000
     -1.0000
     -1.0000
     -1.0000
     -1.0000
     -1.0000
     -1.0000
     -1.0000
     -1.0000
     -1.0000
     -1.0000
   1189.9049
   1202.5607
   1215.0486
   1227.3857
   1239.5798
   1251.6356
   1263.5557
   1275.3423
   1286.9966
   1298.5184
   1309.9086
   1321.1688
   1332.2986
   1343.2970
   1354.1642
   1364.9000
   1375.5035
   1385.9739
   1396.3097
   1405.5021
   1411.9723
   1418.3282
   1424.5708
   1430.7009
   1436.7203
   1442.6307
   1448.4342
   1454.1326
   1459.7288
   1465.2250
   1470.6229
   1475.9249
   1481.1328
   1486.2485
   1491.2739
   1496.2111
   1501.0618
   1505.8270
   1510.5085
   1515.1079
   1519.6270
   1524.0671
   1528.4299
   1532.7170
   1536.9294
   1541.0685
   1545.1354
   1549.1315
   1553.0571
   1556.9131
   1560.7004
   1564.4200
   1568.0730
   1571.6599
   1575.1820
   1578.6398
   1582.0341
   1585.3656
   1588.6350
   1591.8430
   1594.9904
   1598.0774
   1601.1051
   1604.0735
   1606.9832
   1609.8345
   1612.6285
   1615.3657
   1617.1788
   1618.9194
   1620.6420
   1622.3450
   1624.0273
   1625.6875
   1627.3242
   1628.9360
   1630.5216
   1632.0797
   1633.6089
   1635.1080
   1636.5758
   1638.0112
   1639.4131
   1640.7803
   1642.1119
   1643.4071
   1644.6648
   1645.8844
   1647.0649
   1648.2058
   1649.3063
   1650.3658
   1651.3838
   1652.3597
   1653.2931
   1654.1833
   1655.0303
   1655.8333
   1656.5920
   1657.3064
   1657.9758
   1658.6003
   1659.1794
   1659.7129
   1660.2007
   1660.6426
   1661.0383
   1661.3878
   1661.6910
   1661.9478
   1662.1578
   1662.3214
   1662.4382
   1662.5084
   1662.5317
# Travel time at depth = 250.00 km.
     -1.0000
     -1.0000
     -1.0000
     -1.0000
     -1.0000
     -1.0000
     -1.0000
     -1.0000
     -1.0000
     -1.0000
     -1.0000
     -1.0000
     -1.0000
     -1.0000
     -1.0000
   1264.7512
   1272.3384
   1279.9224
   1287.5010
   1295.0714
   1241.3854
   1253.6569
   1265.7578
   1277.7037
   1289.5026
   1301.1587
   1312.6736
   1324.0498
   1335.2902
   1346.3943
   1357.3622
   1368.1943
   1378.8910
   1389.4514
   1399.8745
   1410.1598
   1417.1525
   1423.5388
   1429.8109
   1435.9696
   1442.0164
   1447.9531
   1453.7817
   1459.5043
   1465.1234
   1470.6417
   1476.0609
   1481.3829
   1486.6104
   1491.7448
   1496.7878
   1501.7419
   1506.6091
   1511.3903
   1516.0870
   1520.7010
   1525.2341
   1529.6877
   1534.0635
   1538.3630
   1542.5876
   1546.7382
   1550.8163
   1554.8231
   1558.7594
   1562.6255
   1566.4227
   1570.1519
   1573.8140
   1577.4099
   1580.9404
   1584.4066
   1587.8090
   1591.1484
   1594.4254
   1597.6409
   1600.7953
   1603.8893
   1606.9236
   1609.8987
   1612.8146
   1615.6721
   1618.4722
   1621.2151
   1623.1074
   1624.8491
   1626.5728
   1628.2771
   1629.9608
   1631.6223
   1633.2605
   1634.8738
   1636.4609
   1638.0206
   1639.5515
   1641.0522
   1642.5219
   1643.9590
   1645.3625
   1646.7316
   1648.0649
   1649.3618
   1650.6213
   1651.8425
   1653.0248
   1654.1674
   1655.2695
   1656.3306
   1657.3501
   1658.3275
   1659.2623
   1660.1541
   1661.0022
   1661.8065
   1662.5667
   1663.2821
   1663.9526
   1664.5781
   1665.1582
   1665.6926
   1666.1812
   1666.6238
   1667.0203
   1667.3704
   1667.6740
   1667.9312
   1668.1416
   1668.3054
   1668.4225
   1668.4928
   1668.5162
# Travel time at depth = 300.00 km.
     -1.0000
     -1.0000
     -1.0000
     -1.0000
     -1.0000
     -1.0000
     -1.0000
     -1.0000
     -1.0000
     -1.0000
     -1.0000
     -1.0000
     -1.0000
     -1.0000
     -1.0000
   1269.3975
   1276.9852
   1284.5706
   1292.1514
   1299.7251
   1307.2889
   1314.8394
   1322.3726
   1329.8839
   1291.3286
   1303.1996
   1314.8967
   1326.4337
   1337.8182
   1349.0562
   1360.1495
   1371.0992
   1381.9070
   1392.5736
   1403.0986
   1413.4817
   1422.1611
   1428.5800
   1434.8834
   1441.0725
   1447.1486
   1453.1133
   1458.9688
   1464.7170
   1470.3606
   1475.9022
   1481.3439
   1486.6874
   1491.9353
   1497.0894
   1502.1514
   1507.1235
   1512.0079
   1516.8059
   1521.5187
   1526.1482
   1530.6960
   1535.1638
   1539.5532
   1543.8660
   1548.1031
   1552.2660
   1556.3558
   1560.3740
   1564.3213
   1568.1981
   1572.0056
   1575.7448
   1579.4165
   1583.0219
   1586.5615
   1590.0364
   1593.4473
   1596.7949
   1600.0798
   1603.3030
   1606.4648
   1609.5662
   1612.6075
   1615.5895
   1618.5121
   1621.3761
   1624.1823
   1626.9313
   1628.9064
   1630.6493
   1632.3741
   1634.0798
   1635.7649
   1637.4279
   1639.0675
   1640.6824
   1642.2711
   1643.8325
   1645.3651
   1646.8676
   1648.3389
   1649.7778
   1651.1832
   1652.5541
   1653.8893
   1655.1880
   1656.4492
   1657.6724
   1658.8563
   1660.0006
   1661.1045
   1662.1672
   1663.1884
   1664.1674
   1665.1036
   1665.9968
   1666.8464
   1667.6521
   1668.4135
   1669.1301
   1669.8019
   1670.4283
   1671.0094
   1671.5448
   1672.0342
   1672.4775
   1672.8748
   1673.2255
   1673.5297
   1673.7872
   1673.9980
   1674.1621
   1674.2794
   1674.3499
   1674.3733
# Travel time at depth = 400.00 km.
     -1.0000
     -1.0000
     -1.0000
     -1.0000
     -1.0000
     -1.0000
     -1.0000
     -1.0000
     -1.0000
     -1.0000
     -1.0000
     -1.0000
     -1.0000
     -1.0000
     -1.0000
     -1.0000
   1285.7428
   1293.3302
   1300.9148
   1308.4944
   1316.0662
   1323.6273
   1331.1743
   1338.7030
   1346.2087
   1353.6858
   1361.1278
   1368.5272
   1375.8754
   1383.1628
   1390.3793
   1375.3088
   1386.4985
   1397.4918
   1408.3107
   1418.9645
   1429.4575
   1438.1610
   1444.5338
   1450.7898
   1456.9302
   1462.9568
   1468.8715
   1474.6763
   1480.3737
   1485.9666
   1491.4573
   1496.8479
   1502.1405
   1507.3376
   1512.4409
   1517.4524
   1522.3745
   1527.2087
   1531.9565
   1536.6195
   1541.1995
   1545.6981
   1550.1172
   1554.4581
   1558.7228
   1562.9120
   1567.0272
   1571.0698
   1575.0409
   1578.9409
   1582.7706
   1586.5314
   1590.2239
   1593.8492
   1597.4083
   1600.9020
   1604.3311
   1607.6964
   1610.9984
   1614.2382
   1617.4160
   1620.5330
   1623.5894
   1626.5859
   1629.5228
   1632.4006
   1635.2201
   1637.9821
   1640.1346
   1641.8800
   1643.6074
   1645.3158
   1647.0038
   1648.6698
   1650.3126
   1651.9308
   1653.5229
   1655.0879
   1656.6240
   1658.1302
   1659.6053
   1661.0481
   1662.4574
   1663.8320
   1665.1711
   1666.4736
   1667.7388
   1668.9657
   1670.1534
   1671.3014
   1672.4088
   1673.4752
   1674.4998
   1675.4821
   1676.4216
   1677.3179
   1678.1704
   1678.9790
   1679.7430
   1680.4623
   1681.1365
   1681.7653
   1682.3484
   1682.8857
   1683.3770
   1683.8220
   1684.2206
   1684.5726
   1684.8779
   1685.1365
   1685.3481
   1685.5128
   1685.6306
   1685.7012
   1685.7249
# Travel time at depth = 500.00 km.
     -1.0000
     -1.0000
     -1.0000
     -1.0000
     -1.0000
     -1.0000
     -1.0000
     -1.0000
     -1.0000
     -1.0000
     -1.0000
     -1.0000
     -1.0000
     -1.0000
     -1.0000
     -1.0000
     -1.0000
   1300.9351
   1308.5223
   1316.1067
   1323.6858
   1331.2570
   1338.8173
   1346.3630
   1353.8901
   1361.3937
   1368.8679
   1376.3060
   1383.7002
   1391.0415
   1398.3201
   1405.5250
   1412.6453
   1419.6709
   1426.5929
   1433.4043
   1440.1000
   1446.6768
   1453.1329
   1459.4695
   1465.6873
   1471.7878
   1477.7732
   1483.6456
   1489.4073
   1495.0612
   1500.6099
   1506.0560
   1511.4016
   1516.6492
   1521.8008
   1526.8584
   1531.8245
   1536.7009
   1541.4894
   1546.1913
   1550.8085
   1555.3429
   1559.7961
   1564.1699
   1568.4661
   1572.6857
   1576.8301
   1580.9008
   1584.8990
   1588.8254
   1592.6808
   1596.4661
   1600.1824
   1603.8307
   1607.4119
   1610.9270
   1614.3768
   1617.7622
   1621.0837
   1624.3422
   1627.5383
   1630.6729
   1633.7463
   1636.7595
   1639.7126
   1642.6061
   1645.4407
   1648.2172
   1650.5706
   1652.3185
   1654.0488
   1655.7603
   1657.4514
   1659.1208
   1660.7671
   1662.3890
   1663.9850
   1665.5537
   1667.0940
   1668.6044
   1670.0836
   1671.5306
   1672.9441
   1674.3231
   1675.6665
   1676.9734
   1678.2428
   1679.4739
   1680.6659
   1681.8180
   1682.9294
   1683.9998
   1685.0282
   1686.0142
   1686.9573
   1687.8571
   1688.7130
   1689.5247
   1690.2917
   1691.0139
   1691.6908
   1692.3221
   1692.9077
   1693.4473
   1693.9406
   1694.3873
   1694.7876
   1695.1411
   1695.4476
   1695.7073
   1695.9199
   1696.0852
   1696.2035
   1696.2744
   1696.2981
# Travel time at depth = 600.00 km.
     -1.0000
     -1.0000
     -1.0000
     -1.0000
     -1.0000
     -1.0000
     -1.0000
     -1.0000
     -1.0000
     -1.0000
     -1.0000
     -1.0000
     -1.0000
     -1.0000
     -1.0000
     -1.0000
     -1.0000
     -1.0000
   1315.4298
   1323.0172
   1330.6018
   1338.1813
   1345.7531
   1353.3140
   1360.8606
   1368.3887
   1375.8933
   1383.3685
   1390.8076
   1398.2021
   1405.5432
   1412.8202
   1420.0216
   1427.1360
   1434.1527
   1441.0624
   1447.8578
   1454.5338
   1461.0874
   1467.5176
   1473.8253
   1480.0120
   1486.0793
   1492.0299
   1497.8660
   1503.5901
   1509.2054
   1514.7151
   1520.1211
   1525.4261
   1530.6326
   1535.7427
   1540.7583
   1545.6825
   1550.5166
   1555.2623
   1559.9214
   1564.4958
   1568.9874
   1573.3979
   1577.7291
   1581.9827
   1586.1597
   1590.2615
   1594.2898
   1598.2455
   1602.1290
   1605.9415
   1609.6841
   1613.3578
   1616.9635
   1620.5022
   1623.9749
   1627.3823
   1630.7252
   1634.0044
   1637.2206
   1640.3745
   1643.4668
   1646.4980
   1649.4689
   1652.3795
   1655.2307
   1658.0232
   1660.5966
   1662.3474
   1664.0808
   1665.7954
   1667.4900
   1669.1630
   1670.8131
   1672.4388
   1674.0389
   1675.6119
   1677.1565
   1678.6713
   1680.1550
   1681.6066
   1683.0248
   1684.4084
   1685.7565
   1687.0680
   1688.3420
   1689.5778
   1690.7743
   1691.9308
   1693.0466
   1694.1212
   1695.1538
   1696.1439
   1697.0909
   1697.9944
   1698.8540
   1699.6691
   1700.4395
   1701.1648
   1701.8446
   1702.4788
   1703.0668
   1703.6088
   1704.1042
   1704.5530
   1704.9551
   1705.3102
   1705.6182
   1705.8789
   1706.0924
   1706.2585
   1706.3773
   1706.4486
   1706.4723
# Travel time at depth = 700.00 km.
     -1.0000
     -1.0000
     -1.0000
     -1.0000
     -1.0000
     -1.0000
     -1.0000
     -1.0000
     -1.0000
     -1.0000
     -1.0000
     -1.0000
     -1.0000
     -1.0000
     -1.0000
     -1.0000
     -1.0000
     -1.0000
     -1.0000
   1328.9125
   1336.5002
   1344.0859
   1351.6672
   1359.2416
   1366.8062
   1374.3573
   1381.8911
   1389.4026
   1396.8860
   1404.3346
   1411.7399
   1419.0925
   1426.3817
   1433.5951
   1440.7202
   1447.7452
   1454.6600
   1461.4564
   1468.1290
   1474.6749
   1481.0933
   1487.3854
   1493.5531
   1499.5986
   1505.5247
   1511.3340
   1517.0294
   1522.6146
   1528.0927
   1533.4658
   1538.7369
   1543.9087
   1548.9829
   1553.9625
   1558.8499
   1563.6465
   1568.3542
   1572.9750
   1577.5109
   1581.9637
   1586.3353
   1590.6277
   1594.8419
   1598.9796
   1603.0421
   1607.0310
   1610.9468
   1614.7903
   1618.5626
   1622.2650
   1625.8984
   1629.4639
   1632.9624
   1636.3948
   1639.7617
   1643.0642
   1646.3030
   1649.4786
   1652.5919
   1655.6437
   1658.6344
   1661.5643
   1664.4340
   1667.2444
   1669.9962
   1671.8182
   1673.5549
   1675.2732
   1676.9714
   1678.6483
   1680.3025
   1681.9326
   1683.5371
   1685.1147
   1686.6641
   1688.1837
   1689.6725
   1691.1290
   1692.5522
   1693.9410
   1695.2943
   1696.6110
   1697.8900
   1699.1307
   1700.3323
   1701.4938
   1702.6144
   1703.6936
   1704.7308
   1705.7253
   1706.6768
   1707.5845
   1708.4480
   1709.2670
   1710.0410
   1710.7697
   1711.4528
   1712.0900
   1712.6809
   1713.2255
   1713.7234
   1714.1743
   1714.5784
   1714.9352
   1715.2448
   1715.5068
   1715.7213
   1715.8883
   1716.0076
   1716.0792
   1716.1031
# Distance-dependent modelling error(s)
   7	1
    0.00   16.00   18.00   98.00  112.00  114.00  180.00
#
   0.100
   5.000
   1.200
   1.200
   5.000
   1.200
   1.200
#@(#)        iasp91.pS     2.1     06/06/96
