# IASPEI travel-time table for phase: S (All 1st S's; 1st S-type phaseMap)
 14   Number of depth samples at the following depths (km):
    0.00   15.00   35.00   50.00   75.00  100.00  150.00  200.00  250.00  300.00
  400.00  500.00  600.00  700.00
181   Number of distance samples at the following distances (deg):
    0.00    1.00    2.00    3.00    4.00    5.00    6.00    7.00    8.00    9.00
   10.00   11.00   12.00   13.00   14.00   15.00   16.00   17.00   18.00   19.00
   20.00   21.00   22.00   23.00   24.00   25.00   26.00   27.00   28.00   29.00
   30.00   31.00   32.00   33.00   34.00   35.00   36.00   37.00   38.00   39.00
   40.00   41.00   42.00   43.00   44.00   45.00   46.00   47.00   48.00   49.00
   50.00   51.00   52.00   53.00   54.00   55.00   56.00   57.00   58.00   59.00
   60.00   61.00   62.00   63.00   64.00   65.00   66.00   67.00   68.00   69.00
   70.00   71.00   72.00   73.00   74.00   75.00   76.00   77.00   78.00   79.00
   80.00   81.00   82.00   83.00   84.00   85.00   86.00   87.00   88.00   89.00
   90.00   91.00   92.00   93.00   94.00   95.00   96.00   97.00   98.00   99.00
  100.00  101.00  102.00  103.00  104.00  105.00  106.00  107.00  108.00  109.00
  110.00  111.00  112.00  113.00  114.00  115.00  116.00  117.00  118.00  119.00
  120.00  121.00  122.00  123.00  124.00  125.00  126.00  127.00  128.00  129.00
  130.00  131.00  132.00  133.00  134.00  135.00  136.00  137.00  138.00  139.00
  140.00  141.00  142.00  143.00  144.00  145.00  146.00  147.00  148.00  149.00
  150.00  151.00  152.00  153.00  154.00  155.00  156.00  157.00  158.00  159.00
  160.00  161.00  162.00  163.00  164.00  165.00  166.00  167.00  168.00  169.00
  170.00  171.00  172.00  173.00  174.00  175.00  176.00  177.00  178.00  179.00
  180.00
# Travel time at depth =   0.00 km.
      0.0019
     33.0933
     61.7346
     86.4677
    111.1914
    135.9017
    160.5943
    185.2649
    209.9094
    234.5234
    259.1030
    283.6436
    308.1410
    332.5924
    356.9927
    381.3318
    405.6172
    429.8600
    454.0625
    478.2215
    500.8569
    520.7964
    540.4859
    559.1372
    575.4108
    591.4628
    607.3133
    623.1095
    638.8641
    654.5833
    670.2698
    685.9175
    701.5127
    717.0490
    732.5228
    747.9285
    763.2610
    778.5165
    793.6913
    808.7818
    823.7850
    838.6982
    853.5191
    868.2452
    882.8745
    897.4052
    911.8356
    926.1646
    940.3904
    954.5122
    968.5289
    982.4396
    996.2429
   1009.9370
   1023.5230
   1037.0012
   1050.3706
   1063.6302
   1076.7787
   1089.8154
   1102.7402
   1115.5529
   1128.2531
   1140.8403
   1153.3143
   1165.6744
   1177.9204
   1190.0516
   1202.0676
   1213.9679
   1225.7521
   1237.4196
   1248.9689
   1260.3993
   1271.7114
   1282.9048
   1293.9779
   1304.9296
   1315.7594
   1326.4667
   1337.0503
   1347.5087
   1357.8406
   1368.0452
   1375.7837
   1382.2596
   1388.6237
   1394.8766
   1401.0193
   1407.0530
   1412.9797
   1418.8010
   1424.5188
   1430.1356
   1435.6537
   1441.0747
   1446.4006
   1451.6335
   1456.7751
   1461.8271
   1466.7914
   1471.6700
   1476.4641
   1481.1747
   1485.8038
   1490.3529
   1494.8235
   1499.2169
   1503.5350
   1507.7789
   1511.9496
   1516.0482
   1520.0764
   1524.0348
   1527.9237
   1531.7441
   1535.4972
   1539.1836
   1542.8044
   1546.3604
   1549.8522
   1553.2808
   1556.6467
   1559.9508
   1563.1936
   1566.3759
   1569.4980
   1572.5609
   1575.5648
   1578.5103
   1581.3975
   1584.2273
   1587.0005
   1589.4988
   1591.2524
   1592.9891
   1594.7074
   1596.4060
   1598.0836
   1599.7388
   1601.3704
   1602.9768
   1604.5568
   1606.1091
   1607.6324
   1609.1256
   1610.5873
   1612.0165
   1613.4121
   1614.7731
   1616.0985
   1617.3875
   1618.6390
   1619.8524
   1621.0270
   1622.1620
   1623.2567
   1624.3105
   1625.3230
   1626.2936
   1627.2218
   1628.1071
   1628.9491
   1629.7476
   1630.5021
   1631.2123
   1631.8779
   1632.4987
   1633.0743
   1633.6047
   1634.0897
   1634.5289
   1634.9224
   1635.2698
   1635.5712
   1635.8263
   1636.0352
   1636.1976
   1636.3138
   1636.3835
   1636.4069
# Travel time at depth =  15.00 km.
      4.4643
     32.8806
     58.7733
     83.5052
    108.2272
    132.9351
    157.6246
    182.2915
    206.9317
    231.5408
    256.1147
    280.6492
    305.1399
    329.5842
    353.9761
    378.3062
    402.5850
    426.8219
    451.0184
    475.1706
    497.3065
    517.2225
    536.8848
    555.2567
    571.5187
    587.5476
    603.3934
    619.1862
    634.9380
    650.6548
    666.3388
    681.9832
    697.5742
    713.1061
    728.5753
    743.9760
    759.3032
    774.5531
    789.7221
    804.8066
    819.8038
    834.7108
    849.5253
    864.2449
    878.8677
    893.3918
    907.8157
    922.1379
    936.3572
    950.4722
    964.4822
    978.3864
    992.1828
   1005.8702
   1019.4498
   1032.9214
   1046.2843
   1059.5374
   1072.6792
   1085.7095
   1098.6279
   1111.4341
   1124.1281
   1136.7091
   1149.1768
   1161.5308
   1173.7705
   1185.8956
   1197.9055
   1209.7998
   1221.5779
   1233.2394
   1244.7827
   1256.2073
   1267.5137
   1278.7012
   1289.7684
   1300.7144
   1311.5385
   1322.2401
   1332.8180
   1343.2706
   1353.5970
   1363.7960
   1371.4073
   1377.8802
   1384.2413
   1390.4913
   1396.6312
   1402.6624
   1408.5864
   1414.4052
   1420.1206
   1425.7350
   1431.2509
   1436.6698
   1441.9937
   1447.2245
   1452.3643
   1457.4143
   1462.3768
   1467.2538
   1472.0460
   1476.7551
   1481.3827
   1485.9303
   1490.3994
   1494.7915
   1499.1083
   1503.3508
   1507.5203
   1511.6178
   1515.6448
   1519.6019
   1523.4899
   1527.3092
   1531.0612
   1534.7466
   1538.3665
   1541.9214
   1545.4124
   1548.8401
   1552.2052
   1555.5084
   1558.7505
   1561.9319
   1565.0532
   1568.1154
   1571.1187
   1574.0634
   1576.9500
   1579.7791
   1582.5515
   1585.0408
   1586.7944
   1588.5309
   1590.2490
   1591.9475
   1593.6249
   1595.2800
   1596.9114
   1598.5176
   1600.0974
   1601.6497
   1603.1727
   1604.6656
   1606.1272
   1607.5563
   1608.9517
   1610.3125
   1611.6377
   1612.9264
   1614.1779
   1615.3910
   1616.5654
   1617.7002
   1618.7947
   1619.8484
   1620.8607
   1621.8311
   1622.7592
   1623.6443
   1624.4862
   1625.2845
   1626.0388
   1626.7489
   1627.4144
   1628.0350
   1628.6107
   1629.1410
   1629.6259
   1630.0649
   1630.4583
   1630.8057
   1631.1069
   1631.3621
   1631.5709
   1631.7334
   1631.8495
   1631.9192
   1631.9425
# Travel time at depth =  35.00 km.
      9.9523
     30.8677
     55.6042
     80.3340
    105.0527
    129.7563
    154.4404
    179.1008
    203.7334
    228.3340
    252.8984
    277.4221
    301.9014
    326.3335
    350.7106
    375.0266
    399.2946
    423.5219
    447.7080
    471.8487
    493.1822
    513.0613
    532.6808
    550.6312
    566.8757
    582.8707
    598.7095
    614.4974
    630.2452
    645.9584
    661.6385
    677.2778
    692.8625
    708.3879
    723.8500
    739.2430
    754.5622
    769.8038
    784.9642
    800.0398
    815.0278
    829.9255
    844.7304
    859.4405
    874.0535
    888.5678
    902.9818
    917.2941
    931.5035
    945.6086
    959.6086
    973.5028
    987.2892
   1000.9667
   1014.5365
   1027.9984
   1041.3517
   1054.5950
   1067.7273
   1080.7479
   1093.6567
   1106.4536
   1119.1381
   1131.7098
   1144.1683
   1156.5131
   1168.7437
   1180.8597
   1192.8607
   1204.7460
   1216.5153
   1228.1680
   1239.7025
   1251.1183
   1262.4161
   1273.5951
   1284.6538
   1295.5912
   1306.4069
   1317.1001
   1327.6696
   1338.1140
   1348.4320
   1358.6227
   1366.0477
   1372.5162
   1378.8730
   1385.1189
   1391.2546
   1397.2817
   1403.2020
   1409.0171
   1414.7290
   1420.3400
   1425.8525
   1431.2683
   1436.5892
   1441.8173
   1446.9541
   1452.0015
   1456.9614
   1461.8358
   1466.6257
   1471.3325
   1475.9578
   1480.5032
   1484.9702
   1489.3604
   1493.6752
   1497.9158
   1502.0834
   1506.1792
   1510.2045
   1514.1600
   1518.0463
   1521.8641
   1525.6146
   1529.2986
   1532.9169
   1536.4706
   1539.9602
   1543.3866
   1546.7505
   1550.0525
   1553.2933
   1556.4735
   1559.5939
   1562.6549
   1565.6571
   1568.6008
   1571.4863
   1574.3145
   1577.0861
   1579.5621
   1581.3156
   1583.0519
   1584.7698
   1586.4680
   1588.1453
   1589.8002
   1591.4313
   1593.0372
   1594.6168
   1596.1687
   1597.6915
   1599.1842
   1600.6455
   1602.0742
   1603.4694
   1604.8300
   1606.1548
   1607.4432
   1608.6943
   1609.9073
   1611.0814
   1612.2159
   1613.3102
   1614.3636
   1615.3757
   1616.3458
   1617.2736
   1618.1586
   1619.0002
   1619.7983
   1620.5525
   1621.2625
   1621.9277
   1622.5482
   1623.1237
   1623.6538
   1624.1385
   1624.5775
   1624.9707
   1625.3180
   1625.6193
   1625.8743
   1626.0830
   1626.2455
   1626.3616
   1626.4313
   1626.4546
# Travel time at depth =  50.00 km.
     13.3061
     31.2144
     55.6778
     80.3080
    104.9585
    129.6044
    154.2359
    178.8464
    203.4308
    227.9843
    252.5021
    276.9803
    301.4158
    325.8018
    350.1302
    374.4099
    398.6493
    422.8494
    447.0072
    471.1164
    491.2100
    511.0447
    530.6143
    548.1130
    564.3394
    580.3007
    596.1329
    611.9158
    627.6595
    643.3691
    659.0452
    674.6790
    690.2573
    705.7760
    721.2308
    736.6160
    751.9271
    767.1603
    782.3118
    797.3784
    812.3571
    827.2454
    842.0408
    856.7412
    871.3445
    885.8490
    900.2531
    914.5555
    928.7550
    942.8502
    956.8405
    970.7248
    984.5012
    998.1690
   1011.7292
   1025.1815
   1038.5253
   1051.7590
   1064.8818
   1077.8931
   1090.7926
   1103.5802
   1116.2556
   1128.8182
   1141.2677
   1153.6035
   1165.8253
   1177.9326
   1189.9248
   1201.8015
   1213.5623
   1225.2064
   1236.7324
   1248.1399
   1259.4294
   1270.6001
   1281.6506
   1292.5798
   1303.3875
   1314.0728
   1324.6343
   1335.0707
   1345.3807
   1355.5636
   1362.8130
   1369.2773
   1375.6301
   1381.8721
   1388.0040
   1394.0275
   1399.9442
   1405.7559
   1411.4644
   1417.0723
   1422.5818
   1427.9946
   1433.3127
   1438.5380
   1443.6722
   1448.7172
   1453.6747
   1458.5468
   1463.3345
   1468.0391
   1472.6622
   1477.2056
   1481.6707
   1486.0590
   1490.3719
   1494.6110
   1498.7769
   1502.8710
   1506.8947
   1510.8486
   1514.7335
   1518.5499
   1522.2990
   1525.9816
   1529.5986
   1533.1510
   1536.6394
   1540.0646
   1543.4272
   1546.7281
   1549.9679
   1553.1471
   1556.2664
   1559.3264
   1562.3276
   1565.2704
   1568.1550
   1570.9823
   1573.7529
   1576.2168
   1577.9701
   1579.7062
   1581.4240
   1583.1221
   1584.7991
   1586.4537
   1588.0846
   1589.6904
   1591.2698
   1592.8214
   1594.3440
   1595.8364
   1597.2974
   1598.7260
   1600.1207
   1601.4811
   1602.8057
   1604.0939
   1605.3447
   1606.5575
   1607.7312
   1608.8655
   1609.9595
   1611.0127
   1612.0245
   1612.9945
   1613.9220
   1614.8068
   1615.6483
   1616.4462
   1617.2002
   1617.9099
   1618.5751
   1619.1953
   1619.7706
   1620.3007
   1620.7853
   1621.2241
   1621.6173
   1621.9645
   1622.2656
   1622.5206
   1622.7294
   1622.8917
   1623.0078
   1623.0775
   1623.1007
# Travel time at depth =  75.00 km.
     18.8868
     33.1238
     56.4139
     80.6514
    105.0826
    129.5712
    154.0757
    178.5756
    203.0593
    227.5190
    251.9491
    276.3419
    300.6887
    324.9904
    349.2531
    373.4795
    397.6688
    421.8173
    445.9192
    467.9489
    487.9402
    507.6979
    527.1819
    543.9336
    560.1277
    576.0367
    591.8582
    607.6331
    623.3700
    639.0735
    654.7427
    670.3668
    685.9343
    701.4415
    716.8841
    732.2561
    747.5533
    762.7722
    777.9089
    792.9602
    807.9233
    822.7958
    837.5751
    852.2592
    866.8461
    881.3340
    895.7216
    910.0074
    924.1902
    938.2688
    952.2425
    966.1102
    979.8700
    993.5214
   1007.0654
   1020.5018
   1033.8295
   1047.0472
   1060.1541
   1073.1494
   1086.0333
   1098.8055
   1111.4656
   1124.0129
   1136.4473
   1148.7682
   1160.9751
   1173.0676
   1185.0453
   1196.9075
   1208.6539
   1220.2837
   1231.7954
   1243.1888
   1254.4645
   1265.6215
   1276.6581
   1287.5736
   1298.3678
   1309.0396
   1319.5876
   1330.0106
   1340.3075
   1350.4772
   1357.4320
   1363.8895
   1370.2355
   1376.4708
   1382.5964
   1388.6136
   1394.5244
   1400.3304
   1406.0333
   1411.6360
   1417.1405
   1422.5483
   1427.8617
   1433.0825
   1438.2124
   1443.2531
   1448.2065
   1453.0748
   1457.8586
   1462.5596
   1467.1793
   1471.7194
   1476.1812
   1480.5663
   1484.8763
   1489.1123
   1493.2754
   1497.3668
   1501.3879
   1505.3394
   1509.2217
   1513.0356
   1516.7823
   1520.4626
   1524.0775
   1527.6278
   1531.1141
   1534.5372
   1537.8981
   1541.1970
   1544.4349
   1547.6123
   1550.7299
   1553.7883
   1556.7878
   1559.7290
   1562.6121
   1565.4379
   1568.2072
   1570.6505
   1572.4034
   1574.1393
   1575.8568
   1577.5546
   1579.2312
   1580.8855
   1582.5160
   1584.1215
   1585.7004
   1587.2516
   1588.7738
   1590.2657
   1591.7263
   1593.1544
   1594.5488
   1595.9087
   1597.2329
   1598.5206
   1599.7710
   1600.9833
   1602.1567
   1603.2905
   1604.3842
   1605.4370
   1606.4484
   1607.4180
   1608.3451
   1609.2295
   1610.0707
   1610.8683
   1611.6219
   1612.3313
   1612.9962
   1613.6163
   1614.1914
   1614.7212
   1615.2056
   1615.6443
   1616.0372
   1616.3843
   1616.6853
   1616.9402
   1617.1488
   1617.3112
   1617.4271
   1617.4968
   1617.5200
# Travel time at depth = 100.00 km.
     24.4565
     36.1215
     57.8532
     81.4616
    105.5502
    129.8106
    154.1404
    178.4964
    202.8551
    227.2001
    251.5208
    275.8139
    300.0778
    324.3114
    348.5131
    372.6807
    396.8094
    420.8940
    444.6469
    464.7698
    484.6909
    504.3678
    523.4594
    539.7757
    555.9224
    571.7967
    587.6082
    603.3754
    619.1055
    634.8029
    650.4645
    666.0785
    681.6349
    697.1304
    712.5603
    727.9188
    743.2020
    758.4062
    773.5278
    788.5637
    803.5110
    818.3673
    833.1303
    847.7979
    862.3681
    876.8394
    891.2101
    905.4792
    919.6451
    933.7070
    947.6639
    961.5148
    975.2578
    988.8926
   1002.4204
   1015.8406
   1029.1520
   1042.3536
   1055.4443
   1068.4238
   1081.2920
   1094.0485
   1106.6930
   1119.2251
   1131.6442
   1143.9500
   1156.1418
   1168.2196
   1180.1824
   1192.0300
   1203.7620
   1215.3772
   1226.8746
   1238.2539
   1249.5156
   1260.6586
   1271.6813
   1282.5830
   1293.3635
   1304.0216
   1314.5562
   1324.9657
   1335.2491
   1345.4054
   1352.0636
   1358.5142
   1364.8534
   1371.0820
   1377.2012
   1383.2123
   1389.1171
   1394.9171
   1400.6146
   1406.2119
   1411.7112
   1417.1143
   1422.4229
   1427.6390
   1432.7645
   1437.8009
   1442.7505
   1447.6147
   1452.3948
   1457.0920
   1461.7083
   1466.2449
   1470.7034
   1475.0853
   1479.3923
   1483.6254
   1487.7856
   1491.8743
   1495.8927
   1499.8416
   1503.7213
   1507.5330
   1511.2772
   1514.9553
   1518.5680
   1522.1161
   1525.6002
   1529.0215
   1532.3802
   1535.6774
   1538.9135
   1542.0890
   1545.2048
   1548.2615
   1551.2594
   1554.1990
   1557.0804
   1559.9048
   1562.6725
   1565.0952
   1566.8479
   1568.5835
   1570.3007
   1571.9980
   1573.6744
   1575.3284
   1576.9585
   1578.5635
   1580.1421
   1581.6929
   1583.2147
   1584.7063
   1586.1664
   1587.5940
   1588.9879
   1590.3473
   1591.6711
   1592.9584
   1594.2084
   1595.4202
   1596.5931
   1597.7266
   1598.8198
   1599.8722
   1600.8833
   1601.8524
   1602.7792
   1603.6632
   1604.5040
   1605.3014
   1606.0547
   1606.7638
   1607.4285
   1608.0482
   1608.6230
   1609.1526
   1609.6368
   1610.0753
   1610.4681
   1610.8151
   1611.1158
   1611.3706
   1611.5792
   1611.7415
   1611.8574
   1611.9270
   1611.9503
# Travel time at depth = 150.00 km.
     35.5667
     43.9546
     62.4606
     84.3794
    107.4915
    131.1048
    154.9597
    178.9410
    202.9895
    227.0715
    251.1661
    275.2596
    299.3418
    323.4050
    347.4429
    371.4501
    395.3081
    418.1296
    438.4822
    458.4747
    478.2422
    497.7480
    515.2659
    531.5200
    547.5407
    563.3860
    579.1788
    594.9307
    610.6477
    626.3321
    641.9771
    657.5693
    673.1028
    688.5740
    703.9775
    719.3082
    734.5624
    749.7366
    764.8272
    779.8314
    794.7463
    809.5698
    824.2996
    838.9335
    853.4698
    867.9070
    882.2437
    896.4785
    910.6102
    924.6379
    938.5609
    952.3776
    966.0864
    979.6879
    993.1827
   1006.5699
   1019.8484
   1033.0171
   1046.0752
   1059.0225
   1071.8586
   1084.5835
   1097.1967
   1109.6975
   1122.0857
   1134.3608
   1146.5223
   1158.5699
   1170.5029
   1182.3208
   1194.0234
   1205.6094
   1217.0775
   1228.4282
   1239.6615
   1250.7761
   1261.7706
   1272.6445
   1283.3973
   1294.0278
   1304.5349
   1314.9171
   1325.1733
   1334.8130
   1341.3608
   1347.7972
   1354.1227
   1360.3380
   1366.4441
   1372.4426
   1378.3352
   1384.1237
   1389.8099
   1395.3965
   1400.8855
   1406.2784
   1411.5775
   1416.7844
   1421.9010
   1426.9290
   1431.8701
   1436.7264
   1441.4989
   1446.1887
   1450.7977
   1455.3275
   1459.7794
   1464.1550
   1468.4558
   1472.6830
   1476.8374
   1480.9205
   1484.9336
   1488.8772
   1492.7518
   1496.5585
   1500.2981
   1503.9716
   1507.5797
   1511.1234
   1514.6034
   1518.0205
   1521.3752
   1524.6686
   1527.9008
   1531.0728
   1534.1851
   1537.2383
   1540.2329
   1543.1692
   1546.0475
   1548.8688
   1551.6335
   1554.0144
   1555.7666
   1557.5016
   1559.2181
   1560.9148
   1562.5905
   1564.2437
   1565.8730
   1567.4773
   1569.0551
   1570.6051
   1572.1260
   1573.6167
   1575.0759
   1576.5027
   1577.8958
   1579.2542
   1580.5770
   1581.8634
   1583.1125
   1584.3235
   1585.4956
   1586.6282
   1587.7205
   1588.7721
   1589.7823
   1590.7507
   1591.6768
   1592.5601
   1593.4003
   1594.1968
   1594.9496
   1595.6581
   1596.3221
   1596.9414
   1597.5157
   1598.0449
   1598.5286
   1598.9668
   1599.3593
   1599.7058
   1600.0065
   1600.2610
   1600.4694
   1600.6315
   1600.7473
   1600.8169
   1600.8401
# Travel time at depth = 200.00 km.
     46.6507
     53.1008
     68.8042
     88.8103
    110.6898
    133.4589
    156.6942
    180.1946
    203.8506
    227.6001
    251.4059
    275.2419
    299.0900
    322.8703
    346.1554
    369.1416
    391.8293
    412.3371
    432.3881
    452.2315
    471.8310
    490.7986
    507.1372
    523.3251
    539.2309
    555.0527
    570.8280
    586.5654
    602.2694
    617.9394
    633.5649
    649.1342
    664.6439
    680.0894
    695.4652
    710.7670
    725.9913
    741.1343
    756.1929
    771.1644
    786.0462
    800.8359
    815.5315
    830.1310
    844.6326
    859.0350
    873.3369
    887.5367
    901.6336
    915.6266
    929.5150
    943.2967
    956.9708
    970.5385
    983.9996
    997.3533
   1010.5983
   1023.7335
   1036.7584
   1049.6729
   1062.4766
   1075.1692
   1087.7504
   1100.2196
   1112.5763
   1124.8203
   1136.9510
   1148.9679
   1160.8705
   1172.6584
   1184.3311
   1195.8871
   1207.3257
   1218.6475
   1229.8518
   1240.9376
   1251.9034
   1262.7489
   1273.4736
   1284.0762
   1294.5552
   1304.9095
   1315.1383
   1324.1569
   1330.6901
   1337.1122
   1343.4237
   1349.6254
   1355.7184
   1361.7042
   1367.5846
   1373.3611
   1379.0360
   1384.6117
   1390.0902
   1395.4730
   1400.7623
   1405.9600
   1411.0675
   1416.0867
   1421.0197
   1425.8679
   1430.6324
   1435.3148
   1439.9166
   1444.4395
   1448.8846
   1453.2538
   1457.5483
   1461.7694
   1465.9181
   1469.9955
   1474.0032
   1477.9414
   1481.8109
   1485.6124
   1489.3472
   1493.0159
   1496.6195
   1500.1588
   1503.6345
   1507.0475
   1510.3982
   1513.6876
   1516.9160
   1520.0844
   1523.1930
   1526.2428
   1529.2339
   1532.1669
   1535.0420
   1537.8601
   1540.6219
   1542.9603
   1544.7119
   1546.4463
   1548.1622
   1549.8583
   1551.5333
   1553.1858
   1554.8143
   1556.4178
   1557.9948
   1559.5438
   1561.0638
   1562.5537
   1564.0121
   1565.4379
   1566.8300
   1568.1875
   1569.5095
   1570.7950
   1572.0431
   1573.2532
   1574.4244
   1575.5562
   1576.6476
   1577.6984
   1578.7078
   1579.6754
   1580.6007
   1581.4833
   1582.3228
   1583.1187
   1583.8707
   1584.5786
   1585.2421
   1585.8608
   1586.4347
   1586.9634
   1587.4467
   1587.8845
   1588.2766
   1588.6228
   1588.9232
   1589.1775
   1589.3857
   1589.5477
   1589.6635
   1589.7329
   1589.7561
# Travel time at depth = 250.00 km.
     57.6430
     62.8315
     76.2475
     94.3382
    114.8224
    136.5639
    159.0051
    181.8538
    204.9426
    228.1616
    251.4255
    274.6552
    297.7799
    320.7437
    343.5043
    366.0328
    386.4754
    406.5706
    426.4730
    446.1477
    465.5645
    482.8905
    499.1637
    515.2301
    531.0866
    546.8874
    562.6461
    578.3691
    594.0596
    609.7130
    625.3162
    640.8615
    656.3457
    671.7639
    687.1105
    702.3820
    717.5748
    732.6854
    747.7108
    762.6483
    777.4955
    792.2502
    806.9105
    821.4744
    835.9402
    850.3068
    864.5726
    878.7366
    892.7975
    906.7548
    920.6074
    934.3530
    947.9919
    961.5248
    974.9514
    988.2705
   1001.4810
   1014.5819
   1027.5729
   1040.4536
   1053.2240
   1065.8837
   1078.4321
   1090.8688
   1103.1934
   1115.4054
   1127.5045
   1139.4900
   1151.3615
   1163.1185
   1174.7605
   1186.2859
   1197.6942
   1208.9862
   1220.1610
   1231.2172
   1242.1537
   1252.9702
   1263.6660
   1274.2397
   1284.6902
   1295.0162
   1305.2166
   1313.6013
   1320.1196
   1326.5271
   1332.8243
   1339.0123
   1345.0918
   1351.0647
   1356.9325
   1362.6970
   1368.3604
   1373.9249
   1379.3927
   1384.7653
   1390.0447
   1395.2328
   1400.3311
   1405.3414
   1410.2659
   1415.1060
   1419.8625
   1424.5372
   1429.1317
   1433.6473
   1438.0857
   1442.4482
   1446.7365
   1450.9513
   1455.0940
   1459.1656
   1463.1677
   1467.1006
   1470.9647
   1474.7612
   1478.4910
   1482.1549
   1485.7538
   1489.2886
   1492.7599
   1496.1686
   1499.5153
   1502.8005
   1506.0251
   1509.1897
   1512.2947
   1515.3408
   1518.3286
   1521.2582
   1524.1300
   1526.9449
   1529.7036
   1531.9987
   1533.7496
   1535.4834
   1537.1987
   1538.8942
   1540.5684
   1542.2201
   1543.8479
   1545.4504
   1547.0266
   1548.5748
   1550.0940
   1551.5829
   1553.0403
   1554.4651
   1555.8563
   1557.2130
   1558.5339
   1559.8185
   1561.0658
   1562.2749
   1563.4452
   1564.5759
   1565.6666
   1566.7166
   1567.7251
   1568.6919
   1569.6165
   1570.4983
   1571.3370
   1572.1322
   1572.8837
   1573.5909
   1574.2539
   1574.8721
   1575.4454
   1575.9736
   1576.4564
   1576.8938
   1577.2856
   1577.6316
   1577.9316
   1578.1857
   1578.3937
   1578.5555
   1578.6711
   1578.7406
   1578.7638
# Travel time at depth = 300.00 km.
     68.4309
     72.7329
     84.2979
    100.5767
    119.5863
    140.1587
    161.6484
    183.6896
    206.0612
    228.6178
    251.2545
    273.8892
    296.4557
    318.9021
    340.8897
    361.1547
    381.2746
    401.2134
    420.9385
    440.4210
    458.9512
    475.3006
    491.5037
    507.4385
    523.2673
    539.0483
    554.7906
    570.4992
    586.1746
    601.8078
    617.3861
    632.9056
    648.3622
    663.7505
    679.0660
    694.3051
    709.4643
    724.5403
    739.5304
    754.4320
    769.2428
    783.9606
    798.5836
    813.1100
    827.5383
    841.8672
    856.0954
    870.2216
    884.2451
    898.1650
    911.9799
    925.6881
    939.2903
    952.7870
    966.1774
    979.4604
    992.6349
   1005.7001
   1018.6556
   1031.5013
   1044.2371
   1056.8624
   1069.3767
   1081.7795
   1094.0707
   1106.2495
   1118.3157
   1130.2686
   1142.1077
   1153.8328
   1165.4427
   1176.9363
   1188.3134
   1199.5745
   1210.7185
   1221.7439
   1232.6499
   1243.4364
   1254.1023
   1264.6461
   1275.0669
   1285.3633
   1295.5344
   1303.2643
   1309.7672
   1316.1595
   1322.4421
   1328.6158
   1334.6815
   1340.6410
   1346.4958
   1352.2479
   1357.8994
   1363.4525
   1368.9093
   1374.2712
   1379.5404
   1384.7186
   1389.8075
   1394.8087
   1399.7245
   1404.5560
   1409.3044
   1413.9712
   1418.5580
   1423.0663
   1427.4976
   1431.8534
   1436.1349
   1440.3435
   1444.4800
   1448.5458
   1452.5420
   1456.4692
   1460.3279
   1464.1191
   1467.8438
   1471.5027
   1475.0968
   1478.6270
   1482.0938
   1485.4980
   1488.8405
   1492.1216
   1495.3422
   1498.5028
   1501.6040
   1504.6465
   1507.6306
   1510.5566
   1513.4252
   1516.2368
   1518.9923
   1521.2426
   1522.9930
   1524.7261
   1526.4407
   1528.1354
   1529.8088
   1531.4598
   1533.0868
   1534.6886
   1536.2638
   1537.8110
   1539.3293
   1540.8173
   1542.2737
   1543.6976
   1545.0879
   1546.4435
   1547.7635
   1549.0471
   1550.2933
   1551.5016
   1552.6709
   1553.8008
   1554.8905
   1555.9396
   1556.9473
   1557.9132
   1558.8370
   1559.7180
   1560.5560
   1561.3506
   1562.1013
   1562.8080
   1563.4702
   1564.0879
   1564.6606
   1565.1884
   1565.6708
   1566.1078
   1566.4991
   1566.8448
   1567.1445
   1567.3984
   1567.6062
   1567.7679
   1567.8834
   1567.9529
   1567.9760
# Travel time at depth = 400.00 km.
     89.4173
     92.5761
    101.4281
    114.6308
    130.8210
    148.9743
    168.4057
    188.6709
    209.4775
    230.6274
    251.3581
    271.7833
    292.1275
    312.3630
    332.4612
    352.3940
    372.1358
    391.6624
    410.9532
    428.5258
    444.8679
    461.0661
    477.0000
    492.8298
    508.6118
    524.3552
    540.0648
    555.7415
    571.3768
    586.9579
    602.4808
    617.9417
    633.3350
    648.6564
    663.9024
    679.0695
    694.1545
    709.1547
    724.0676
    738.8908
    753.6223
    768.2601
    782.8025
    797.2480
    811.5953
    825.8430
    839.9901
    854.0356
    867.9786
    881.8181
    895.5521
    909.1809
    922.7051
    936.1243
    949.4374
    962.6432
    975.7409
    988.7300
   1001.6104
   1014.3818
   1027.0438
   1039.5959
   1052.0378
   1064.3690
   1076.5890
   1088.6975
   1100.6937
   1112.5774
   1124.3480
   1136.0050
   1147.5470
   1158.9733
   1170.2845
   1181.4801
   1192.5586
   1203.5190
   1214.3608
   1225.0836
   1235.6859
   1246.1666
   1256.5245
   1266.7585
   1276.6421
   1283.2227
   1289.6932
   1296.0541
   1302.3059
   1308.4496
   1314.4863
   1320.4178
   1326.2458
   1331.9719
   1337.5984
   1343.1277
   1348.5613
   1353.9010
   1359.1488
   1364.3065
   1369.3755
   1374.3577
   1379.2550
   1384.0687
   1388.7999
   1393.4502
   1398.0210
   1402.5140
   1406.9304
   1411.2720
   1415.5398
   1419.7349
   1423.8584
   1427.9119
   1431.8960
   1435.8114
   1439.6586
   1443.4387
   1447.1526
   1450.8011
   1454.3853
   1457.9055
   1461.3629
   1464.7579
   1468.0913
   1471.3639
   1474.5759
   1477.7284
   1480.8217
   1483.8564
   1486.8330
   1489.7517
   1492.6130
   1495.4178
   1498.1666
   1500.3229
   1502.0720
   1503.8038
   1505.5170
   1507.2102
   1508.8821
   1510.5312
   1512.1566
   1513.7566
   1515.3298
   1516.8754
   1518.3916
   1519.8776
   1521.3320
   1522.7539
   1524.1421
   1525.4956
   1526.8136
   1528.0951
   1529.3394
   1530.5455
   1531.7129
   1532.8408
   1533.9287
   1534.9758
   1535.9818
   1536.9460
   1537.8680
   1538.7474
   1539.5839
   1540.3770
   1541.1262
   1541.8315
   1542.4926
   1543.1090
   1543.6807
   1544.2074
   1544.6888
   1545.1250
   1545.5156
   1545.8606
   1546.1598
   1546.4131
   1546.6205
   1546.7819
   1546.8972
   1546.9664
   1546.9895
# Travel time at depth = 500.00 km.
    108.9004
    111.3378
    118.2883
    129.0233
    142.6282
    158.3040
    175.4254
    193.5293
    212.2773
    231.4225
    250.7872
    270.2474
    289.7181
    309.1388
    328.4641
    347.6581
    366.6911
    384.4108
    400.8392
    417.1329
    433.2705
    449.1519
    464.9691
    480.7418
    496.4774
    512.1804
    527.8495
    543.4750
    559.0455
    574.5578
    590.0079
    605.3907
    620.7019
    635.9382
    651.0964
    666.1732
    681.1662
    696.0728
    710.8910
    725.6186
    740.2537
    754.7948
    769.2404
    783.5890
    797.8395
    811.9907
    826.0417
    839.9918
    853.8397
    867.5836
    881.2234
    894.7601
    908.1931
    921.5215
    934.7441
    947.8599
    960.8685
    973.7696
    986.5630
    999.2484
   1011.8253
   1024.2931
   1036.6516
   1048.9001
   1061.0385
   1073.0660
   1084.9822
   1096.7865
   1108.4788
   1120.0575
   1131.5219
   1142.8719
   1154.1079
   1165.2285
   1176.2324
   1187.1189
   1197.8878
   1208.5380
   1219.0682
   1229.4772
   1239.7639
   1249.9272
   1258.2419
   1264.7860
   1271.2207
   1277.5465
   1283.7643
   1289.8748
   1295.8795
   1301.7802
   1307.5782
   1313.2755
   1318.8746
   1324.3773
   1329.7854
   1335.1006
   1340.3248
   1345.4597
   1350.5067
   1355.4679
   1360.3450
   1365.1389
   1369.8511
   1374.4830
   1379.0363
   1383.5122
   1387.9122
   1392.2379
   1396.4905
   1400.6708
   1404.7802
   1408.8197
   1412.7904
   1416.6926
   1420.5272
   1424.2950
   1427.9971
   1431.6342
   1435.2070
   1438.7164
   1442.1632
   1445.5481
   1448.8716
   1452.1344
   1455.3372
   1458.4805
   1461.5649
   1464.5912
   1467.5593
   1470.4698
   1473.3234
   1476.1205
   1478.8619
   1480.9142
   1482.6619
   1484.3922
   1486.1038
   1487.7952
   1489.4653
   1491.1127
   1492.7361
   1494.3340
   1495.9053
   1497.4486
   1498.9628
   1500.4464
   1501.8987
   1503.3182
   1504.7041
   1506.0554
   1507.3711
   1508.6504
   1509.8923
   1511.0963
   1512.2615
   1513.3872
   1514.4730
   1515.5181
   1516.5220
   1517.4843
   1518.4044
   1519.2820
   1520.1167
   1520.9081
   1521.6559
   1522.3596
   1523.0193
   1523.6344
   1524.2048
   1524.7303
   1525.2108
   1525.6460
   1526.0358
   1526.3800
   1526.6785
   1526.9313
   1527.1382
   1527.2992
   1527.4143
   1527.4834
   1527.5063
# Travel time at depth = 600.00 km.
    127.5364
    129.4925
    135.1176
    143.9954
    155.5163
    169.0915
    184.2067
    200.4494
    217.4987
    235.1100
    253.0977
    271.3210
    289.6735
    308.0740
    325.7198
    342.2865
    358.7480
    375.0841
    391.2889
    407.2652
    423.1094
    438.9034
    454.6574
    470.3772
    486.0653
    501.7165
    517.3186
    532.8649
    548.3527
    563.7774
    579.1342
    594.4195
    609.6302
    624.7632
    639.8157
    654.7852
    669.6695
    684.4664
    699.1741
    713.7908
    728.3148
    742.7448
    757.0795
    771.3176
    785.4581
    799.5001
    813.4427
    827.2847
    841.0245
    854.6619
    868.1978
    881.6316
    894.9623
    908.1889
    921.3104
    934.3262
    947.2360
    960.0397
    972.7369
    985.3271
    997.8098
   1010.1846
   1022.4510
   1034.6086
   1046.6569
   1058.5953
   1070.4233
   1082.1407
   1093.7465
   1105.2391
   1116.6188
   1127.8857
   1139.0389
   1150.0771
   1160.9994
   1171.8055
   1182.4946
   1193.0653
   1203.5166
   1213.8473
   1224.0564
   1234.1429
   1240.7676
   1247.2722
   1253.6683
   1259.9567
   1266.1378
   1272.2128
   1278.1833
   1284.0508
   1289.8169
   1295.4836
   1301.0533
   1306.5278
   1311.9086
   1317.1975
   1322.3965
   1327.5070
   1332.5304
   1337.4691
   1342.3243
   1347.0973
   1351.7891
   1356.4014
   1360.9357
   1365.3934
   1369.7759
   1374.0847
   1378.3208
   1382.4852
   1386.5792
   1390.6040
   1394.5603
   1398.4485
   1402.2694
   1406.0240
   1409.7134
   1413.3380
   1416.8988
   1420.3966
   1423.8322
   1427.2059
   1430.5188
   1433.7714
   1436.9640
   1440.0975
   1443.1725
   1446.1895
   1449.1487
   1452.0504
   1454.8954
   1457.6844
   1460.4178
   1462.3584
   1464.1046
   1465.8333
   1467.5431
   1469.2328
   1470.9010
   1472.5463
   1474.1676
   1475.7633
   1477.3324
   1478.8734
   1480.3851
   1481.8665
   1483.3163
   1484.7334
   1486.1168
   1487.4657
   1488.7789
   1490.0557
   1491.2952
   1492.4967
   1493.6595
   1494.7830
   1495.8665
   1496.9093
   1497.9111
   1498.8713
   1499.7894
   1500.6650
   1501.4979
   1502.2875
   1503.0336
   1503.7357
   1504.3938
   1505.0076
   1505.5767
   1506.1010
   1506.5803
   1507.0144
   1507.4032
   1507.7466
   1508.0444
   1508.2966
   1508.5031
   1508.6637
   1508.7784
   1508.8474
   1508.8704
# Travel time at depth = 700.00 km.
    145.0394
    146.6466
    151.2934
    158.6998
    168.4942
    180.2176
    193.4624
    207.8651
    223.1128
    238.9340
    255.0915
    271.3981
    287.7456
    304.0668
    320.3275
    336.5103
    352.5482
    368.4278
    384.2506
    400.0302
    415.7732
    431.4842
    447.1641
    462.8065
    478.4000
    493.9401
    509.4240
    524.8477
    540.2065
    555.4975
    570.7175
    585.8637
    600.9333
    615.9238
    630.8332
    645.6592
    660.4000
    675.0537
    689.6187
    704.0934
    718.4766
    732.7669
    746.9631
    761.0642
    775.0692
    788.9774
    802.7872
    816.4970
    830.1074
    843.6187
    857.0300
    870.3405
    883.5489
    896.6544
    909.6564
    922.5546
    935.3487
    948.0384
    960.6231
    973.1023
    985.4755
    997.7422
   1009.9021
   1021.9545
   1033.8988
   1045.7346
   1057.4615
   1069.0786
   1080.5846
   1091.9791
   1103.2627
   1114.4344
   1125.4929
   1136.4373
   1147.2671
   1157.9818
   1168.5801
   1179.0607
   1189.4226
   1199.6648
   1209.7864
   1217.9694
   1224.5383
   1230.9995
   1237.3533
   1243.6002
   1249.7412
   1255.7775
   1261.7104
   1267.5417
   1273.2729
   1278.9062
   1284.4438
   1289.8872
   1295.2382
   1300.4984
   1305.6697
   1310.7533
   1315.7512
   1320.6653
   1325.4966
   1330.2463
   1334.9159
   1339.5067
   1344.0204
   1348.4581
   1352.8214
   1357.1116
   1361.3297
   1365.4768
   1369.5540
   1373.5625
   1377.5029
   1381.3757
   1385.1818
   1388.9219
   1392.5972
   1396.2083
   1399.7559
   1403.2408
   1406.6639
   1410.0258
   1413.3269
   1416.5680
   1419.7496
   1422.8726
   1425.9371
   1428.9438
   1431.8932
   1434.7854
   1437.6211
   1440.4010
   1443.1256
   1444.9440
   1446.6885
   1448.4153
   1450.1232
   1451.8108
   1453.4769
   1455.1200
   1456.7390
   1458.3323
   1459.8989
   1461.4374
   1462.9465
   1464.4252
   1465.8723
   1467.2867
   1468.6675
   1470.0135
   1471.3241
   1472.5981
   1473.8350
   1475.0339
   1476.1941
   1477.3149
   1478.3959
   1479.4363
   1480.4357
   1481.3936
   1482.3094
   1483.1830
   1484.0138
   1484.8014
   1485.5455
   1486.2460
   1486.9025
   1487.5145
   1488.0823
   1488.6052
   1489.0833
   1489.5164
   1489.9042
   1490.2466
   1490.5437
   1490.7952
   1491.0011
   1491.1613
   1491.2758
   1491.3445
   1491.3674
# Distance-dependent modelling error(s)
   7	1
    0.00   16.00   18.00   98.00  112.00  114.00  180.00
#
   0.100
   5.500
   1.300
   1.300
   5.500
   1.300
   1.300
#@(#)        iasp91.S     2.1     06/06/96
