# IASPEI travel-time table for phase: ScP     
 14   Number of depth samples at the following depths (km):
    0.00   15.00   35.00   50.00   75.00  100.00  150.00  200.00  250.00  300.00
  400.00  500.00  600.00  700.00
 63   Number of distance samples at the following distances (deg):
    0.00    1.00    2.00    3.00    4.00    5.00    6.00    7.00    8.00    9.00
   10.00   11.00   12.00   13.00   14.00   15.00   16.00   17.00   18.00   19.00
   20.00   21.00   22.00   23.00   24.00   25.00   26.00   27.00   28.00   29.00
   30.00   31.00   32.00   33.00   34.00   35.00   36.00   37.00   38.00   39.00
   40.00   41.00   42.00   43.00   44.00   45.00   46.00   47.00   48.00   49.00
   50.00   51.00   52.00   53.00   54.00   55.00   56.00   57.00   58.00   59.00
   60.00   61.00   62.00
# Travel time at depth =   0.00 km.
    723.4266
    723.4890
    723.6760
    723.9874
    724.4230
    724.9824
    725.6649
    726.4700
    727.3967
    728.4443
    729.6117
    730.8978
    732.3013
    733.8210
    735.4554
    737.2029
    739.0619
    741.0308
    743.1076
    745.2905
    747.5776
    749.9669
    752.4560
    755.0430
    757.7256
    760.5015
    763.3683
    766.3236
    769.3651
    772.4901
    775.6962
    778.9808
    782.3413
    785.7752
    789.2797
    792.8523
    796.4902
    800.1907
    803.9513
    807.7691
    811.6415
    815.5658
    819.5393
    823.5593
    827.6232
    831.7282
    835.8718
    840.0513
    844.2643
    848.5081
    852.7802
    857.0781
    861.3996
    865.7421
    870.1034
    874.4813
    878.8735
    883.2781
    887.6929
    892.1160
    896.5457
    900.9800
    905.4174
# Travel time at depth =  15.00 km.
    718.9623
    719.0247
    719.2117
    719.5234
    719.9592
    720.5189
    721.2017
    722.0071
    722.9344
    723.9825
    725.1505
    726.4372
    727.8414
    729.3618
    730.9969
    732.7452
    734.6051
    736.5748
    738.6525
    740.8364
    743.1245
    745.5146
    748.0049
    750.5929
    753.2766
    756.0535
    758.9213
    761.8777
    764.9202
    768.0463
    771.2534
    774.5391
    777.9006
    781.3355
    784.8411
    788.4146
    792.0535
    795.7549
    799.5164
    803.3351
    807.2084
    811.1335
    815.1077
    819.1285
    823.1931
    827.2988
    831.4430
    835.6232
    839.8367
    844.0809
    848.3535
    852.6519
    856.9738
    861.3167
    865.6783
    870.0564
    874.4489
    878.8536
    883.2686
    887.6919
    892.1216
    896.5560
    900.9935
# Travel time at depth =  35.00 km.
    713.4743
    713.5367
    713.7240
    714.0358
    714.4720
    715.0320
    715.7154
    716.5214
    717.4493
    718.4982
    719.6670
    720.9547
    722.3598
    723.8813
    725.5175
    727.2670
    729.1281
    731.0991
    733.1782
    735.3634
    737.6529
    740.0445
    742.5362
    745.1257
    747.8109
    750.5893
    753.4587
    756.4167
    759.4607
    762.5883
    765.7970
    769.0842
    772.4472
    775.8836
    779.3906
    782.9655
    786.6058
    790.3087
    794.0714
    797.8914
    801.7659
    805.6922
    809.6676
    813.6895
    817.7551
    821.8618
    826.0069
    830.1879
    834.4022
    838.6473
    842.9206
    847.2196
    851.5420
    855.8854
    860.2475
    864.6260
    869.0189
    873.4240
    877.8392
    882.2626
    886.6925
    891.1270
    895.5645
# Travel time at depth =  50.00 km.
    710.1205
    710.1830
    710.3703
    710.6824
    711.1188
    711.6793
    712.3631
    713.1697
    714.0982
    715.1478
    716.3173
    717.6058
    719.0119
    720.5343
    722.1716
    723.9221
    725.7844
    727.7565
    729.8369
    732.0234
    734.3141
    736.7071
    739.2001
    741.7911
    744.4776
    747.2575
    750.1283
    753.0877
    756.1332
    759.2622
    762.4723
    765.7609
    769.1254
    772.5630
    776.0714
    779.6477
    783.2892
    786.9933
    790.7574
    794.5786
    798.4542
    802.3816
    806.3580
    810.3809
    814.4474
    818.5551
    822.7011
    826.8829
    831.0980
    835.3438
    839.6177
    843.9173
    848.2402
    852.5841
    856.9466
    861.3255
    865.7187
    870.1240
    874.5395
    878.9631
    883.3931
    887.8278
    892.2653
# Travel time at depth =  75.00 km.
    704.5398
    704.6024
    704.7899
    705.1024
    705.5393
    706.1003
    706.7850
    707.5925
    708.5220
    709.5728
    710.7436
    712.0335
    713.4411
    714.9651
    716.6041
    718.3565
    720.2207
    722.1949
    724.2772
    726.4659
    728.7589
    731.1541
    733.6494
    736.2427
    738.9316
    741.7138
    744.5870
    747.5488
    750.5967
    753.7281
    756.9406
    760.2316
    763.5984
    767.0384
    770.5490
    774.1276
    777.7712
    781.4775
    785.2436
    789.0667
    792.9443
    796.8735
    800.8518
    804.8763
    808.9445
    813.0536
    817.2011
    821.3843
    825.6006
    829.8475
    834.1225
    838.4232
    842.7469
    847.0917
    851.4549
    855.8344
    860.2281
    864.6339
    869.0497
    873.4737
    877.9040
    882.3387
    886.7763
# Travel time at depth = 100.00 km.
    698.9700
    699.0327
    699.2205
    699.5333
    699.9707
    700.5325
    701.2178
    702.0262
    702.9568
    704.0088
    705.1810
    706.4722
    707.8814
    709.4071
    711.0479
    712.8021
    714.6682
    716.6444
    718.7288
    720.9197
    723.2148
    725.6124
    728.1100
    730.7056
    733.3969
    736.1816
    739.0572
    742.0214
    745.0717
    748.2056
    751.4205
    754.7138
    758.0830
    761.5254
    765.0383
    768.6190
    772.2650
    775.9733
    779.7415
    783.5667
    787.4462
    791.3773
    795.3573
    799.3835
    803.4534
    807.5640
    811.7130
    815.8975
    820.1151
    824.3632
    828.6393
    832.9409
    837.2656
    841.6111
    845.9750
    850.3552
    854.7495
    859.1557
    863.5720
    867.9962
    872.4267
    876.8616
    881.2993
# Travel time at depth = 150.00 km.
    687.8599
    687.9226
    688.1108
    688.4244
    688.8629
    689.4260
    690.1130
    690.9232
    691.8560
    692.9103
    694.0851
    695.3794
    696.7917
    698.3207
    699.9650
    701.7230
    703.5931
    705.5734
    707.6621
    709.8573
    712.1570
    714.5591
    717.0615
    719.6619
    722.3581
    725.1476
    728.0282
    730.9974
    734.0526
    737.1914
    740.4112
    743.7094
    747.0834
    750.5305
    754.0480
    757.6333
    761.2837
    764.9964
    768.7688
    772.5980
    776.4815
    780.4164
    784.4000
    788.4297
    792.5029
    796.6166
    800.7685
    804.9558
    809.1760
    813.4265
    817.7047
    822.0084
    826.3349
    830.6820
    835.0474
    839.4289
    843.8242
    848.2314
    852.6483
    857.0732
    861.5042
    865.9393
    870.3771
# Travel time at depth = 200.00 km.
    676.7759
    676.8388
    677.0275
    677.3418
    677.7814
    678.3458
    679.0344
    679.8466
    680.7816
    681.8384
    683.0159
    684.3131
    685.7286
    687.2611
    688.9091
    690.6709
    692.5450
    694.5295
    696.6226
    698.8223
    701.1266
    703.5334
    706.0406
    708.6459
    711.3470
    714.1416
    717.0272
    720.0014
    723.0617
    726.2055
    729.4303
    732.7335
    736.1123
    739.5643
    743.0865
    746.6765
    750.3314
    754.0485
    757.8252
    761.6586
    765.5460
    769.4848
    773.4722
    777.5054
    781.5818
    785.6988
    789.8536
    794.0438
    798.2665
    802.5194
    806.7999
    811.1055
    815.4339
    819.7827
    824.1495
    828.5323
    832.9287
    837.3368
    841.7545
    846.1800
    850.6113
    855.0469
    859.4849
# Travel time at depth = 250.00 km.
    665.7836
    665.8466
    666.0358
    666.3509
    666.7915
    667.3573
    668.0477
    668.8619
    669.7991
    670.8585
    672.0388
    673.3391
    674.7579
    676.2939
    677.9456
    679.7114
    681.5896
    683.5784
    685.6760
    687.8803
    690.1894
    692.6011
    695.1132
    697.7236
    700.4297
    703.2294
    706.1202
    709.0996
    712.1650
    715.3140
    718.5440
    721.8522
    725.2361
    728.6930
    732.2201
    735.8148
    739.4744
    743.1960
    746.9771
    750.8148
    754.7063
    758.6490
    762.6401
    766.6770
    770.7568
    774.8770
    779.0349
    783.2278
    787.4533
    791.7086
    795.9914
    800.2991
    804.6293
    808.9798
    813.3481
    817.7322
    822.1297
    826.5388
    830.9572
    835.3833
    839.8151
    844.2509
    848.6890
# Travel time at depth = 300.00 km.
    654.9957
    655.0590
    655.2487
    655.5645
    656.0063
    656.5735
    657.2656
    658.0819
    659.0215
    660.0835
    661.2668
    662.5702
    663.9925
    665.5322
    667.1878
    668.9577
    670.8402
    672.8336
    674.9357
    677.1449
    679.4589
    681.8757
    684.3929
    687.0085
    689.7200
    692.5250
    695.4211
    698.4059
    701.4767
    704.6311
    707.8663
    711.1798
    714.5689
    718.0309
    721.5631
    725.1628
    728.8271
    732.5535
    736.3391
    740.1812
    744.0770
    748.0237
    752.0187
    756.0593
    760.1427
    764.2662
    768.4272
    772.6231
    776.8513
    781.1091
    785.3942
    789.7041
    794.0363
    798.3884
    802.7582
    807.1436
    811.5423
    815.9523
    820.3716
    824.7982
    829.2305
    833.6666
    838.1048
# Travel time at depth = 400.00 km.
    634.0093
    634.0729
    634.2635
    634.5812
    635.0253
    635.5957
    636.2915
    637.1122
    638.0568
    639.1244
    640.3139
    641.6241
    643.0536
    644.6011
    646.2651
    648.0437
    649.9354
    651.9382
    654.0503
    656.2697
    658.5941
    661.0215
    663.5497
    666.1764
    668.8990
    671.7154
    674.6229
    677.6190
    680.7012
    683.8669
    687.1134
    690.4380
    693.8381
    697.3109
    700.8538
    704.4638
    708.1384
    711.8746
    715.6697
    719.5211
    723.4258
    727.3812
    731.3843
    735.4327
    739.5235
    743.6541
    747.8217
    752.0237
    756.2576
    760.5208
    764.8107
    769.1249
    773.4611
    777.8168
    782.1899
    786.5779
    790.9790
    795.3909
    799.8118
    804.2397
    808.6728
    813.1094
    817.5479
# Travel time at depth = 500.00 km.
    614.5262
    614.5901
    614.7820
    615.1016
    615.5485
    616.1223
    616.8223
    617.6479
    618.5982
    619.6721
    620.8686
    622.1865
    623.6242
    625.1805
    626.8538
    628.6422
    630.5442
    632.5577
    634.6809
    636.9117
    639.2479
    641.6874
    644.2278
    646.8669
    649.6022
    652.4312
    655.3514
    658.3603
    661.4553
    664.6336
    667.8927
    671.2298
    674.6422
    678.1271
    681.6818
    685.3035
    688.9894
    692.7366
    696.5425
    700.4041
    704.3187
    708.2836
    712.2960
    716.3530
    720.4520
    724.5903
    728.7651
    732.9740
    737.2142
    741.4832
    745.7785
    750.0976
    754.4382
    758.7978
    763.1743
    767.5653
    771.9689
    776.3829
    780.8055
    785.2347
    789.6687
    794.1059
     -1.0000
# Travel time at depth = 600.00 km.
    595.8901
    595.9546
    596.1477
    596.4694
    596.9193
    597.4969
    598.2016
    599.0326
    599.9890
    601.0699
    602.2740
    603.6002
    605.0470
    606.6129
    608.2963
    610.0955
    612.0087
    614.0340
    616.1693
    618.4126
    620.7617
    623.2142
    625.7681
    628.4207
    631.1696
    634.0125
    636.9465
    639.9693
    643.0781
    646.2702
    649.5430
    652.8936
    656.3193
    659.8174
    663.3849
    667.0192
    670.7173
    674.4765
    678.2939
    682.1667
    686.0920
    690.0671
    694.0893
    698.1556
    702.2635
    706.4101
    710.5928
    714.8089
    719.0558
    723.3311
    727.6320
    731.9563
    736.3015
    740.6652
    745.0453
    749.4395
    753.8457
    758.2620
    762.6862
    767.1168
    771.5517
    775.9893
     -1.0000
# Travel time at depth = 700.00 km.
    578.3872
    578.4521
    578.6467
    578.9708
    579.4240
    580.0059
    580.7157
    581.5527
    582.5161
    583.6047
    584.8174
    586.1529
    587.6097
    589.1864
    590.8812
    592.6924
    594.6182
    596.6566
    598.8054
    601.0627
    603.4260
    605.8932
    608.4620
    611.1296
    613.8939
    616.7521
    619.7015
    622.7397
    625.8640
    629.0714
    632.3594
    635.7250
    639.1655
    642.6782
    646.2599
    649.9081
    653.6198
    657.3922
    661.2222
    665.1073
    669.0445
    673.0309
    677.0638
    681.1404
    685.2579
    689.4136
    693.6049
    697.8289
    702.0833
    706.3652
    710.6724
    715.0023
    719.3525
    723.7206
    728.1046
    732.5021
    736.9112
    741.3297
    745.7558
    750.1876
    754.6234
    759.0616
     -1.0000
# Modelling error(s)
   1   1
#
   2.000
#@(#)        iasp91.ScP     2.1     06/06/96
