# IASPEI travel-time table for phase: ScS     
 14   Number of depth samples at the following depths (km):
    0.00   15.00   35.00   50.00   75.00  100.00  150.00  200.00  250.00  300.00
  400.00  500.00  600.00  700.00
 99   Number of distance samples at the following distances (deg):
    0.00    1.00    2.00    3.00    4.00    5.00    6.00    7.00    8.00    9.00
   10.00   11.00   12.00   13.00   14.00   15.00   16.00   17.00   18.00   19.00
   20.00   21.00   22.00   23.00   24.00   25.00   26.00   27.00   28.00   29.00
   30.00   31.00   32.00   33.00   34.00   35.00   36.00   37.00   38.00   39.00
   40.00   41.00   42.00   43.00   44.00   45.00   46.00   47.00   48.00   49.00
   50.00   51.00   52.00   53.00   54.00   55.00   56.00   57.00   58.00   59.00
   60.00   61.00   62.00   63.00   64.00   65.00   66.00   67.00   68.00   69.00
   70.00   71.00   72.00   73.00   74.00   75.00   76.00   77.00   78.00   79.00
   80.00   81.00   82.00   83.00   84.00   85.00   86.00   87.00   88.00   89.00
   90.00   91.00   92.00   93.00   94.00   95.00   96.00   97.00   98.00
# Travel time at depth =   0.00 km.
    935.5723
    935.6609
    935.9269
    936.3698
    936.9894
    937.7853
    938.7568
    939.9031
    941.2235
    942.7169
    944.3821
    946.2181
    948.2234
    950.3965
    952.7359
    955.2399
    957.9067
    960.7344
    963.7213
    966.8649
    970.1635
    973.6146
    977.2162
    980.9657
    984.8609
    988.8994
    993.0784
    997.3958
   1001.8486
   1006.4346
   1011.1509
   1015.9949
   1020.9639
   1026.0554
   1031.2665
   1036.5946
   1042.0369
   1047.5907
   1053.2535
   1059.0223
   1064.8948
   1070.8679
   1076.9392
   1083.1061
   1089.3657
   1095.7158
   1102.1536
   1108.6766
   1115.2823
   1121.9683
   1128.7319
   1135.5710
   1142.4830
   1149.4657
   1156.5167
   1163.6338
   1170.8146
   1178.0570
   1185.3589
   1192.7180
   1200.1324
   1207.6000
   1215.1187
   1222.6866
   1230.3018
   1237.9622
   1245.6661
   1253.4117
   1261.1971
   1269.0208
   1276.8807
   1284.7755
   1292.7034
   1300.6626
   1308.6519
   1316.6696
   1324.7140
   1332.7839
   1340.8779
   1348.9945
   1357.1322
   1365.2899
   1373.4663
   1381.6599
   1389.8696
   1398.0944
   1406.3328
   1414.5837
   1422.8462
   1431.1190
   1439.4012
   1447.6918
   1455.9896
   1464.2937
   1472.6033
   1480.9172
   1489.2347
   1497.5549
   1505.8770
# Travel time at depth =  15.00 km.
    931.1080
    931.1967
    931.4628
    931.9061
    932.5261
    933.3226
    934.2947
    935.4419
    936.7632
    938.2576
    939.9241
    941.7614
    943.7680
    945.9426
    948.2836
    950.7892
    953.4578
    956.2875
    959.2761
    962.4219
    965.7225
    969.1758
    972.7795
    976.5314
    980.4289
    984.4697
    988.6512
    992.9709
    997.4263
   1002.0146
   1006.7335
   1011.5800
   1016.5516
   1021.6456
   1026.8593
   1032.1899
   1037.6348
   1043.1912
   1048.8564
   1054.6278
   1060.5027
   1066.4783
   1072.5520
   1078.7213
   1084.9834
   1091.3358
   1097.7760
   1104.3013
   1110.9092
   1117.5973
   1124.3632
   1131.2043
   1138.1185
   1145.1031
   1152.1561
   1159.2751
   1166.4579
   1173.7021
   1181.0057
   1188.3667
   1195.7827
   1203.2520
   1210.7722
   1218.3417
   1225.9583
   1233.6201
   1241.3254
   1249.0724
   1256.8591
   1264.6840
   1272.5450
   1280.4409
   1288.3699
   1296.3302
   1304.3204
   1312.3390
   1320.3844
   1328.4552
   1336.5499
   1344.6672
   1352.8057
   1360.9640
   1369.1410
   1377.3352
   1385.5455
   1393.7706
   1402.0095
   1410.2610
   1418.5238
   1426.7970
   1435.0795
   1443.3702
   1451.6683
   1459.9727
   1468.2823
   1476.5964
   1484.9141
   1493.2344
   1501.5565
# Travel time at depth =  35.00 km.
    925.6201
    925.7089
    925.9752
    926.4189
    927.0397
    927.8370
    928.8101
    929.9585
    931.2812
    932.7772
    934.4453
    936.2844
    938.2931
    940.4698
    942.8132
    945.3213
    947.9925
    950.8248
    953.8163
    956.9650
    960.2687
    963.7251
    967.3321
    971.0872
    974.9881
    979.0323
    983.2173
    987.5406
    991.9996
    996.5917
   1001.3141
   1006.1644
   1011.1397
   1016.2374
   1021.4548
   1026.7892
   1032.2378
   1037.7979
   1043.4668
   1049.2419
   1055.1204
   1061.0996
   1067.1770
   1073.3497
   1079.6154
   1085.9712
   1092.4147
   1098.9434
   1105.5546
   1112.2460
   1119.0150
   1125.8593
   1132.7764
   1139.7640
   1146.8199
   1153.9418
   1161.1272
   1168.3741
   1175.6804
   1183.0438
   1190.4624
   1197.9340
   1205.4565
   1213.0282
   1220.6470
   1228.3109
   1236.0183
   1243.7672
   1251.5558
   1259.3824
   1267.2452
   1275.1428
   1283.0732
   1291.0352
   1299.0267
   1307.0466
   1315.0934
   1323.1654
   1331.2614
   1339.3796
   1347.5192
   1355.6786
   1363.8563
   1372.0514
   1380.2626
   1388.4884
   1396.7279
   1404.9800
   1413.2434
   1421.5171
   1429.8000
   1438.0912
   1446.3896
   1454.6942
   1463.0042
   1471.3185
   1479.6362
   1487.9567
   1496.2788
# Travel time at depth =  50.00 km.
    922.2662
    922.3551
    922.6218
    923.0659
    923.6873
    924.4853
    925.4594
    926.6089
    927.9328
    929.4302
    931.1000
    932.9408
    934.9514
    937.1301
    939.4756
    941.9860
    944.6595
    947.4944
    950.4885
    953.6400
    956.9464
    960.4058
    964.0157
    967.7739
    971.6780
    975.7254
    979.9137
    984.2403
    988.7026
    993.2981
    998.0240
   1002.8777
   1007.8564
   1012.9576
   1018.1785
   1023.5163
   1028.9684
   1034.5320
   1040.2043
   1045.9828
   1051.8647
   1057.8473
   1063.9280
   1070.1040
   1076.3729
   1082.7321
   1089.1787
   1095.7104
   1102.3247
   1109.0192
   1115.7911
   1122.6383
   1129.5582
   1136.5487
   1143.6073
   1150.7317
   1157.9198
   1165.1693
   1172.4780
   1179.8438
   1187.2646
   1194.7385
   1202.2632
   1209.8370
   1217.4578
   1225.1238
   1232.8330
   1240.5836
   1248.3740
   1256.2023
   1264.0668
   1271.9658
   1279.8978
   1287.8611
   1295.8541
   1303.8752
   1311.9232
   1319.9963
   1328.0934
   1336.2128
   1344.3533
   1352.5135
   1360.6923
   1368.8881
   1377.0999
   1385.3264
   1393.5667
   1401.8192
   1410.0831
   1418.3573
   1426.6407
   1434.9323
   1443.2310
   1451.5359
   1459.8461
   1468.1605
   1476.4785
   1484.7990
   1493.1212
# Travel time at depth =  75.00 km.
    916.6855
    916.7745
    917.0416
    917.4865
    918.1089
    918.9082
    919.8839
    921.0353
    922.3613
    923.8611
    925.5335
    927.3773
    929.3910
    931.5731
    933.9222
    936.4365
    939.1141
    941.9531
    944.9517
    948.1077
    951.4189
    954.8832
    958.4982
    962.2616
    966.1709
    970.2237
    974.4175
    978.7496
    983.2177
    987.8188
    992.5504
    997.4099
   1002.3945
   1007.5015
   1012.7282
   1018.0719
   1023.5298
   1029.0991
   1034.7773
   1040.5615
   1046.4492
   1052.4375
   1058.5237
   1064.7053
   1070.9797
   1077.3442
   1083.7961
   1090.3331
   1096.9526
   1103.6521
   1110.4291
   1117.2811
   1124.2058
   1131.2009
   1138.2642
   1145.3929
   1152.5854
   1159.8391
   1167.1519
   1174.5217
   1181.9464
   1189.4241
   1196.9525
   1204.5298
   1212.1539
   1219.8232
   1227.5356
   1235.2893
   1243.0826
   1250.9138
   1258.7810
   1266.6826
   1274.6171
   1282.5826
   1290.5780
   1298.6013
   1306.6512
   1314.7263
   1322.8252
   1330.9463
   1339.0884
   1347.2502
   1355.4303
   1363.6274
   1371.8406
   1380.0682
   1388.3094
   1396.5630
   1404.8278
   1413.1028
   1421.3868
   1429.6790
   1437.9783
   1446.2837
   1454.5942
   1462.9091
   1471.2272
   1479.5479
   1487.8702
# Travel time at depth = 100.00 km.
    911.1158
    911.2050
    911.4725
    911.9181
    912.5415
    913.3422
    914.3195
    915.4727
    916.8009
    918.3032
    919.9783
    921.8250
    923.8419
    926.0275
    928.3802
    930.8983
    933.5800
    936.4233
    939.4264
    942.5870
    945.9031
    949.3723
    952.9924
    956.7610
    960.6757
    964.7340
    968.9333
    973.2711
    977.7448
    982.3517
    987.0892
    991.9545
    996.9450
   1002.0579
   1007.2905
   1012.6401
   1018.1039
   1023.6791
   1029.3632
   1035.1532
   1041.0466
   1047.0406
   1053.1326
   1059.3198
   1065.5997
   1071.9696
   1078.4270
   1084.9694
   1091.5940
   1098.2986
   1105.0806
   1111.9375
   1118.8671
   1125.8669
   1132.9347
   1140.0680
   1147.2648
   1154.5227
   1161.8397
   1169.2136
   1176.6422
   1184.1237
   1191.6556
   1199.2366
   1206.8641
   1214.5367
   1222.2523
   1230.0092
   1237.8054
   1245.6394
   1253.5094
   1261.4136
   1269.3506
   1277.3186
   1285.3160
   1293.3416
   1301.3936
   1309.4707
   1317.5713
   1325.6942
   1333.8379
   1342.0012
   1350.1827
   1358.3812
   1366.5956
   1374.8245
   1383.0667
   1391.3212
   1399.5869
   1407.8627
   1416.1473
   1424.4402
   1432.7400
   1441.0458
   1449.3568
   1457.6719
   1465.9904
   1474.3112
   1482.6335
# Travel time at depth = 150.00 km.
    900.0056
    900.0951
    900.3635
    900.8106
    901.4361
    902.2395
    903.2201
    904.3771
    905.7098
    907.2170
    908.8976
    910.7502
    912.7737
    914.9663
    917.3265
    919.8525
    922.5425
    925.3947
    928.4068
    931.5769
    934.9028
    938.3821
    942.0126
    945.7919
    949.7175
    953.7869
    957.9975
    962.3468
    966.8321
    971.4507
    976.2000
    981.0773
    986.0797
    991.2047
    996.4493
   1001.8109
   1007.2867
   1012.8739
   1018.5698
   1024.3717
   1030.2769
   1036.2825
   1042.3859
   1048.5846
   1054.8757
   1061.2567
   1067.7250
   1074.2781
   1080.9133
   1087.6283
   1094.4204
   1101.2874
   1108.2268
   1115.2361
   1122.3132
   1129.4557
   1136.6614
   1143.9280
   1151.2533
   1158.6354
   1166.0719
   1173.5610
   1181.1006
   1188.6886
   1196.3232
   1204.0024
   1211.7245
   1219.4877
   1227.2899
   1235.1296
   1243.0050
   1250.9146
   1258.8566
   1266.8295
   1274.8315
   1282.8615
   1290.9176
   1298.9985
   1307.1029
   1315.2294
   1323.3763
   1331.5427
   1339.7272
   1347.9283
   1356.1451
   1364.3763
   1372.6206
   1380.8771
   1389.1445
   1397.4219
   1405.7080
   1414.0021
   1422.3030
   1430.6097
   1438.9214
   1447.2372
   1455.5560
   1463.8772
   1472.1998
# Travel time at depth = 200.00 km.
    888.9216
    889.0114
    889.2808
    889.7294
    890.3571
    891.1632
    892.1472
    893.3082
    894.6453
    896.1576
    897.8438
    899.7027
    901.7328
    903.9326
    906.3004
    908.8345
    911.5331
    914.3942
    917.4156
    920.5955
    923.9313
    927.4211
    931.0622
    934.8524
    938.7892
    942.8699
    947.0921
    951.4531
    955.9503
    960.5810
    965.3424
    970.2318
    975.2465
    980.3837
    985.6406
    991.0145
    996.5025
   1002.1019
   1007.8101
   1013.6240
   1019.5411
   1025.5586
   1031.6738
   1037.8840
   1044.1866
   1050.5790
   1057.0585
   1063.6224
   1070.2684
   1076.9940
   1083.7965
   1090.6737
   1097.6229
   1104.6421
   1111.7286
   1118.8804
   1126.0951
   1133.3705
   1140.7045
   1148.0947
   1155.5394
   1163.0363
   1170.5834
   1178.1787
   1185.8204
   1193.5065
   1201.2351
   1209.0045
   1216.8129
   1224.6584
   1232.5396
   1240.4545
   1248.4015
   1256.3793
   1264.3860
   1272.4203
   1280.4807
   1288.5657
   1296.6737
   1304.8037
   1312.9540
   1321.1235
   1329.3108
   1337.5148
   1345.7340
   1353.9675
   1362.2140
   1370.4724
   1378.7416
   1387.0205
   1395.3081
   1403.6034
   1411.9053
   1420.2130
   1428.5254
   1436.8418
   1445.1611
   1453.4825
   1461.8053
# Travel time at depth = 250.00 km.
    877.9293
    878.0194
    878.2897
    878.7400
    879.3699
    880.1788
    881.1663
    882.3314
    883.6732
    885.1907
    886.8828
    888.7479
    890.7849
    892.9921
    895.3678
    897.9103
    900.6177
    903.4880
    906.5191
    909.7089
    913.0551
    916.5555
    920.2076
    924.0091
    927.9573
    932.0498
    936.2839
    940.6570
    945.1664
    949.8094
    954.5833
    959.4853
    964.5125
    969.6624
    974.9319
    980.3184
    985.8190
    991.4310
    997.1516
   1002.9779
   1008.9073
   1014.9370
   1021.0643
   1027.2865
   1033.6008
   1040.0048
   1046.4957
   1053.0709
   1059.7280
   1066.4644
   1073.2776
   1080.1652
   1087.1246
   1094.1537
   1101.2500
   1108.4113
   1115.6351
   1122.9196
   1130.2622
   1137.6610
   1145.1139
   1152.6188
   1160.1737
   1167.7765
   1175.4254
   1183.1185
   1190.8539
   1198.6298
   1206.4442
   1214.2958
   1222.1826
   1230.1029
   1238.0553
   1246.0380
   1254.0494
   1262.0883
   1270.1530
   1278.2419
   1286.3539
   1294.4873
   1302.6411
   1310.8137
   1319.0040
   1327.2107
   1335.4325
   1343.6683
   1351.9170
   1360.1774
   1368.4482
   1376.7288
   1385.0178
   1393.3143
   1401.6173
   1409.9259
   1418.2391
   1426.5560
   1434.8759
   1443.1975
   1451.5205
# Travel time at depth = 300.00 km.
    867.1415
    867.2319
    867.5032
    867.9551
    868.5873
    869.3993
    870.3903
    871.5597
    872.9064
    874.4294
    876.1274
    877.9993
    880.0435
    882.2584
    884.6423
    887.1935
    889.9101
    892.7900
    895.8311
    899.0314
    902.3884
    905.8999
    909.5634
    913.3766
    917.3368
    921.4415
    925.6880
    930.0737
    934.5958
    939.2517
    944.0385
    948.9535
    953.9939
    959.1568
    964.4395
    969.8391
    975.3528
    980.9778
    986.7114
    992.5507
    998.4928
   1004.5352
   1010.6750
   1016.9095
   1023.2361
   1029.6521
   1036.1549
   1042.7418
   1049.4104
   1056.1580
   1062.9822
   1069.8806
   1076.8506
   1083.8900
   1090.9965
   1098.1675
   1105.4010
   1112.6947
   1120.0465
   1127.4541
   1134.9155
   1142.4287
   1149.9915
   1157.6021
   1165.2584
   1172.9587
   1180.7010
   1188.4836
   1196.3046
   1204.1622
   1212.0549
   1219.9810
   1227.9386
   1235.9265
   1243.9429
   1251.9863
   1260.0554
   1268.1486
   1276.2644
   1284.4016
   1292.5588
   1300.7347
   1308.9281
   1317.1376
   1325.3619
   1333.6002
   1341.8511
   1350.1134
   1358.3861
   1366.6682
   1374.9587
   1383.2565
   1391.5605
   1399.8701
   1408.1841
   1416.5016
   1424.8218
   1433.1438
   1441.4668
# Travel time at depth = 400.00 km.
    846.1550
    846.2462
    846.5196
    846.9751
    847.6122
    848.4305
    849.4293
    850.6077
    851.9647
    853.4994
    855.2104
    857.0964
    859.1558
    861.3872
    863.7886
    866.3584
    869.0945
    871.9949
    875.0574
    878.2798
    881.6598
    885.1949
    888.8829
    892.7209
    896.7066
    900.8372
    905.1101
    909.5225
    914.0717
    918.7549
    923.5692
    928.5119
    933.5801
    938.7709
    944.0814
    949.5089
    955.0504
    960.7030
    966.4641
    972.3306
    978.2999
    984.3690
    990.5354
    996.7961
   1003.1486
   1009.5901
   1016.1180
   1022.7296
   1029.4224
   1036.1937
   1043.0413
   1049.9625
   1056.9548
   1064.0161
   1071.1437
   1078.3356
   1085.5892
   1092.9026
   1100.2734
   1107.6997
   1115.1791
   1122.7096
   1130.2893
   1137.9161
   1145.5883
   1153.3037
   1161.0607
   1168.8572
   1176.6917
   1184.5623
   1192.4673
   1200.4052
   1208.3741
   1216.3728
   1224.3994
   1232.4526
   1240.5308
   1248.6327
   1256.7567
   1264.9017
   1273.0662
   1281.2488
   1289.4485
   1297.6638
   1305.8937
   1314.1368
   1322.3922
   1330.6587
   1338.9352
   1347.2207
   1355.5140
   1363.8143
   1372.1207
   1380.4320
   1388.7474
   1397.0662
   1405.3871
   1413.7096
     -1.0000
# Travel time at depth = 500.00 km.
    826.6719
    826.7639
    827.0397
    827.4992
    828.1420
    828.9675
    829.9749
    831.1636
    832.5324
    834.0803
    835.8059
    837.7079
    839.7847
    842.0347
    844.4560
    847.0468
    849.8049
    852.7285
    855.8152
    859.0627
    862.4686
    866.0306
    869.7459
    873.6122
    877.6266
    881.7865
    886.0892
    890.5318
    895.1116
    899.8256
    904.6710
    909.6450
    914.7444
    919.9667
    925.3087
    930.7675
    936.3403
    942.0241
    947.8162
    953.7134
    959.7132
    965.8126
    972.0088
    978.2991
    984.6807
    991.1508
    997.7069
   1004.3463
   1011.0663
   1017.8644
   1024.7382
   1031.6849
   1038.7024
   1045.7881
   1052.9396
   1060.1547
   1067.4310
   1074.7665
   1082.1587
   1089.6057
   1097.1052
   1104.6553
   1112.2538
   1119.8989
   1127.5886
   1135.3209
   1143.0941
   1150.9064
   1158.7559
   1166.6409
   1174.5597
   1182.5107
   1190.4923
   1198.5028
   1206.5409
   1214.6049
   1222.6932
   1230.8048
   1238.9380
   1247.0914
   1255.2639
   1263.4540
   1271.6605
   1279.8823
   1288.1182
   1296.3668
   1304.6271
   1312.8981
   1321.1787
   1329.4678
   1337.7643
   1346.0674
   1354.3760
   1362.6892
   1371.0062
   1379.3259
   1387.6477
   1395.9707
     -1.0000
# Travel time at depth = 600.00 km.
    808.0359
    808.1288
    808.4073
    808.8712
    809.5201
    810.3535
    811.3706
    812.5706
    813.9523
    815.5148
    817.2565
    819.1761
    821.2720
    823.5424
    825.9855
    828.5994
    831.3819
    834.3309
    837.4442
    840.7192
    844.1537
    847.7450
    851.4906
    855.3878
    859.4337
    863.6258
    867.9611
    872.4369
    877.0501
    881.7979
    886.6774
    891.6855
    896.8193
    902.0759
    907.4523
    912.9454
    918.5524
    924.2703
    930.0962
    936.0271
    942.0601
    948.1925
    954.4213
    960.7437
    967.1570
    973.6584
    980.2452
    986.9147
    993.6644
   1000.4916
   1007.3938
   1014.3685
   1021.4131
   1028.5254
   1035.7029
   1042.9432
   1050.2441
   1057.6034
   1065.0188
   1072.4883
   1080.0096
   1087.5807
   1095.1997
   1102.8644
   1110.5730
   1118.3237
   1126.1145
   1133.9436
   1141.8092
   1149.7097
   1157.6434
   1165.6085
   1173.6036
   1181.6271
   1189.6772
   1197.7528
   1205.8522
   1213.9740
   1222.1168
   1230.2794
   1238.4603
   1246.6584
   1254.8723
   1263.1010
   1271.3429
   1279.5973
   1287.8629
   1296.1385
   1304.4233
   1312.7161
   1321.0159
   1329.3218
   1337.6327
   1345.9479
   1354.2664
   1362.5872
   1370.9095
     -1.0000
     -1.0000
# Travel time at depth = 700.00 km.
    790.5329
    790.6268
    790.9083
    791.3773
    792.0331
    792.8754
    793.9034
    795.1160
    796.5124
    798.0912
    799.8510
    801.7905
    803.9078
    806.2013
    808.6690
    811.3088
    814.1188
    817.0964
    820.2396
    823.5457
    827.0122
    830.6365
    834.4160
    838.3479
    842.4294
    846.6576
    851.0296
    855.5425
    860.1934
    864.9791
    869.8967
    874.9432
    880.1156
    885.4108
    890.8256
    896.3573
    902.0026
    907.7587
    913.6224
    919.5909
    925.6613
    931.8304
    938.0957
    944.4541
    950.9028
    957.4391
    964.0603
    970.7636
    977.5464
    984.4061
    991.3400
    998.3458
   1005.4208
   1012.5626
   1019.7690
   1027.0375
   1034.3657
   1041.7516
   1049.1929
   1056.6873
   1064.2328
   1071.8274
   1079.4690
   1087.1555
   1094.8853
   1102.6561
   1110.4663
   1118.3141
   1126.1978
   1134.1154
   1142.0654
   1150.0461
   1158.0562
   1166.0938
   1174.1573
   1182.2455
   1190.3569
   1198.4900
   1206.6434
   1214.8159
   1223.0062
   1231.2129
   1239.4348
   1247.6708
   1255.9196
   1264.1802
   1272.4513
   1280.7321
   1289.0212
   1297.3180
   1305.6212
   1313.9299
   1322.2433
   1330.5603
   1338.8802
   1347.2020
   1355.5249
     -1.0000
     -1.0000
# Modelling error(s)
   1   1
#
   2.000
#@(#)        iasp91.ScS     2.1     06/06/96
