# IASPEI travel-time table for phase: Sdiff   
 14   Number of depth samples at the following depths (km):
    0.00   15.00   35.00   50.00   75.00  100.00  150.00  200.00  250.00  300.00
  400.00  500.00  600.00  700.00
 47   Number of distance samples at the following distances (deg):
   98.00   99.00  100.00  101.00  102.00  103.00  104.00  105.00  106.00  107.00
  108.00  109.00  110.00  111.00  112.00  113.00  114.00  115.00  116.00  117.00
  118.00  119.00  120.00  121.00  122.00  123.00  124.00  125.00  126.00  127.00
  128.00  129.00  130.00  131.00  132.00  133.00  134.00  135.00  136.00  137.00
  138.00  139.00  140.00  141.00  142.00  143.00  144.00
# Travel time at depth =   0.00 km.
     -1.0000
     -1.0000
   1522.5233
   1530.8466
   1539.1698
   1547.4930
   1555.8163
   1564.1396
   1572.4629
   1580.7861
   1589.1094
   1597.4327
   1605.7560
   1614.0792
   1622.4025
   1630.7257
   1639.0491
   1647.3723
   1655.6956
   1664.0188
   1672.3422
   1680.6654
   1688.9886
   1697.3119
   1705.6353
   1713.9585
   1722.2817
   1730.6050
   1738.9282
   1747.2516
   1755.5748
   1763.8981
   1772.2213
   1780.5447
   1788.8679
   1797.1912
   1805.5144
   1813.8376
   1822.1610
   1830.4843
   1838.8075
   1847.1307
   1855.4541
   1863.7773
   1872.1006
   1880.4238
   1888.7471
# Travel time at depth =  15.00 km.
     -1.0000
     -1.0000
   1518.2028
   1526.5260
   1534.8494
   1543.1726
   1551.4958
   1559.8191
   1568.1423
   1576.4657
   1584.7889
   1593.1122
   1601.4354
   1609.7588
   1618.0820
   1626.4053
   1634.7285
   1643.0519
   1651.3751
   1659.6984
   1668.0216
   1676.3448
   1684.6682
   1692.9915
   1701.3147
   1709.6379
   1717.9613
   1726.2845
   1734.6078
   1742.9310
   1751.2543
   1759.5776
   1767.9009
   1776.2241
   1784.5474
   1792.8707
   1801.1940
   1809.5172
   1817.8405
   1826.1637
   1834.4871
   1842.8103
   1851.1335
   1859.4568
   1867.7802
   1876.1034
   1884.4266
# Travel time at depth =  35.00 km.
     -1.0000
     -1.0000
   1512.9252
   1521.2484
   1529.5717
   1537.8950
   1546.2183
   1554.5415
   1562.8647
   1571.1881
   1579.5114
   1587.8346
   1596.1578
   1604.4812
   1612.8044
   1621.1277
   1629.4509
   1637.7742
   1646.0975
   1654.4208
   1662.7440
   1671.0673
   1679.3906
   1687.7139
   1696.0371
   1704.3604
   1712.6836
   1721.0070
   1729.3302
   1737.6534
   1745.9767
   1754.3000
   1762.6233
   1770.9465
   1779.2698
   1787.5930
   1795.9164
   1804.2396
   1812.5629
   1820.8861
   1829.2095
   1837.5327
   1845.8560
   1854.1792
   1862.5026
   1870.8258
   1879.1490
# Travel time at depth =  50.00 km.
     -1.0000
     -1.0000
   1509.7676
   1518.0908
   1526.4141
   1534.7374
   1543.0607
   1551.3839
   1559.7072
   1568.0304
   1576.3538
   1584.6770
   1593.0002
   1601.3235
   1609.6469
   1617.9701
   1626.2933
   1634.6166
   1642.9399
   1651.2632
   1659.5864
   1667.9097
   1676.2329
   1684.5563
   1692.8795
   1701.2028
   1709.5260
   1717.8494
   1726.1726
   1734.4958
   1742.8191
   1751.1423
   1759.4657
   1767.7889
   1776.1122
   1784.4354
   1792.7588
   1801.0820
   1809.4053
   1817.7285
   1826.0519
   1834.3751
   1842.6984
   1851.0216
   1859.3448
   1867.6682
   1875.9915
# Travel time at depth =  75.00 km.
     -1.0000
     -1.0000
   1504.5166
   1512.8398
   1521.1631
   1529.4865
   1537.8097
   1546.1329
   1554.4562
   1562.7795
   1571.1028
   1579.4260
   1587.7493
   1596.0725
   1604.3959
   1612.7191
   1621.0424
   1629.3656
   1637.6890
   1646.0122
   1654.3354
   1662.6587
   1670.9821
   1679.3053
   1687.6285
   1695.9518
   1704.2750
   1712.5984
   1720.9216
   1729.2449
   1737.5681
   1745.8915
   1754.2147
   1762.5380
   1770.8612
   1779.1844
   1787.5078
   1795.8311
   1804.1543
   1812.4775
   1820.8009
   1829.1241
   1837.4474
   1845.7706
   1854.0939
   1862.4172
   1870.7405
# Travel time at depth = 100.00 km.
     -1.0000
   1490.9568
   1499.2800
   1507.6033
   1515.9265
   1524.2499
   1532.5731
   1540.8964
   1549.2196
   1557.5428
   1565.8662
   1574.1895
   1582.5127
   1590.8359
   1599.1593
   1607.4825
   1615.8058
   1624.1290
   1632.4523
   1640.7756
   1649.0989
   1657.4221
   1665.7454
   1674.0687
   1682.3920
   1690.7152
   1699.0385
   1707.3618
   1715.6851
   1724.0083
   1732.3315
   1740.6548
   1748.9781
   1757.3014
   1765.6246
   1773.9479
   1782.2712
   1790.5945
   1798.9177
   1807.2410
   1815.5642
   1823.8876
   1832.2108
   1840.5341
   1848.8573
   1857.1807
   1865.5039
# Travel time at depth = 150.00 km.
     -1.0000
   1480.5231
   1488.8463
   1497.1696
   1505.4928
   1513.8162
   1522.1394
   1530.4626
   1538.7859
   1547.1091
   1555.4325
   1563.7557
   1572.0790
   1580.4022
   1588.7256
   1597.0488
   1605.3721
   1613.6953
   1622.0186
   1630.3419
   1638.6652
   1646.9884
   1655.3116
   1663.6350
   1671.9583
   1680.2815
   1688.6047
   1696.9281
   1705.2513
   1713.5746
   1721.8978
   1730.2211
   1738.5444
   1746.8677
   1755.1909
   1763.5142
   1771.8375
   1780.1608
   1788.4840
   1796.8073
   1805.1305
   1813.4539
   1821.7771
   1830.1003
   1838.4236
   1846.7469
   1855.0702
# Travel time at depth = 200.00 km.
     -1.0000
   1470.1285
   1478.4519
   1486.7751
   1495.0984
   1503.4216
   1511.7449
   1520.0682
   1528.3915
   1536.7147
   1545.0380
   1553.3613
   1561.6846
   1570.0078
   1578.3311
   1586.6544
   1594.9777
   1603.3009
   1611.6241
   1619.9474
   1628.2708
   1636.5940
   1644.9172
   1653.2405
   1661.5638
   1669.8871
   1678.2103
   1686.5336
   1694.8568
   1703.1802
   1711.5034
   1719.8267
   1728.1499
   1736.4733
   1744.7965
   1753.1198
   1761.4430
   1769.7662
   1778.0896
   1786.4128
   1794.7361
   1803.0593
   1811.3827
   1819.7059
   1828.0292
   1836.3524
   1844.6758
# Travel time at depth = 250.00 km.
     -1.0000
   1459.8438
   1468.1670
   1476.4902
   1484.8136
   1493.1368
   1501.4601
   1509.7833
   1518.1066
   1526.4299
   1534.7532
   1543.0764
   1551.3997
   1559.7230
   1568.0463
   1576.3695
   1584.6927
   1593.0160
   1601.3394
   1609.6626
   1617.9858
   1626.3091
   1634.6324
   1642.9557
   1651.2789
   1659.6022
   1667.9255
   1676.2488
   1684.5720
   1692.8953
   1701.2185
   1709.5419
   1717.8651
   1726.1884
   1734.5116
   1742.8350
   1751.1582
   1759.4814
   1767.8047
   1776.1279
   1784.4513
   1792.7745
   1801.0978
   1809.4210
   1817.7444
   1826.0676
   1834.3909
# Travel time at depth = 300.00 km.
     -1.0000
   1449.7900
   1458.1134
   1466.4366
   1474.7599
   1483.0831
   1491.4064
   1499.7297
   1508.0530
   1516.3762
   1524.6995
   1533.0228
   1541.3461
   1549.6693
   1557.9926
   1566.3158
   1574.6392
   1582.9624
   1591.2856
   1599.6089
   1607.9323
   1616.2555
   1624.5787
   1632.9020
   1641.2253
   1649.5486
   1657.8718
   1666.1951
   1674.5183
   1682.8417
   1691.1649
   1699.4882
   1707.8114
   1716.1348
   1724.4580
   1732.7812
   1741.1045
   1749.4277
   1757.7511
   1766.0743
   1774.3976
   1782.7208
   1791.0442
   1799.3674
   1807.6907
   1816.0139
   1824.3372
# Travel time at depth = 400.00 km.
   1422.0328
   1430.3561
   1438.6793
   1447.0027
   1455.3259
   1463.6492
   1471.9724
   1480.2958
   1488.6190
   1496.9423
   1505.2655
   1513.5887
   1521.9121
   1530.2354
   1538.5586
   1546.8818
   1555.2052
   1563.5284
   1571.8517
   1580.1749
   1588.4983
   1596.8215
   1605.1448
   1613.4680
   1621.7913
   1630.1146
   1638.4379
   1646.7611
   1655.0844
   1663.4077
   1671.7310
   1680.0542
   1688.3774
   1696.7007
   1705.0240
   1713.3473
   1721.6705
   1729.9938
   1738.3171
   1746.6404
   1754.9636
   1763.2869
   1771.6101
   1779.9335
   1788.2567
   1796.5800
   1804.9032
# Travel time at depth = 500.00 km.
   1404.2939
   1412.6172
   1420.9404
   1429.2637
   1437.5870
   1445.9103
   1454.2335
   1462.5568
   1470.8801
   1479.2034
   1487.5266
   1495.8499
   1504.1731
   1512.4965
   1520.8197
   1529.1429
   1537.4662
   1545.7896
   1554.1128
   1562.4360
   1570.7593
   1579.0826
   1587.4059
   1595.7291
   1604.0524
   1612.3756
   1620.6990
   1629.0222
   1637.3455
   1645.6687
   1653.9921
   1662.3153
   1670.6385
   1678.9618
   1687.2850
   1695.6084
   1703.9316
   1712.2549
   1720.5781
   1728.9015
   1737.2247
   1745.5480
   1753.8712
   1762.1945
   1770.5178
   1778.8411
   1787.1643
# Travel time at depth = 600.00 km.
   1387.5560
   1395.8793
   1404.2026
   1412.5259
   1420.8491
   1429.1724
   1437.4956
   1445.8190
   1454.1422
   1462.4655
   1470.7887
   1479.1121
   1487.4353
   1495.7585
   1504.0818
   1512.4050
   1520.7284
   1529.0516
   1537.3749
   1545.6981
   1554.0215
   1562.3447
   1570.6680
   1578.9912
   1587.3145
   1595.6378
   1603.9611
   1612.2843
   1620.6075
   1628.9309
   1637.2542
   1645.5774
   1653.9006
   1662.2240
   1670.5472
   1678.8705
   1687.1937
   1695.5170
   1703.8403
   1712.1636
   1720.4868
   1728.8101
   1737.1334
   1745.4567
   1753.7799
   1762.1031
   1770.4264
# Travel time at depth = 700.00 km.
   1372.1715
   1380.4948
   1388.8180
   1397.1412
   1405.4646
   1413.7878
   1422.1111
   1430.4343
   1438.7577
   1447.0809
   1455.4042
   1463.7274
   1472.0507
   1480.3740
   1488.6973
   1497.0205
   1505.3438
   1513.6671
   1521.9904
   1530.3136
   1538.6368
   1546.9602
   1555.2834
   1563.6067
   1571.9299
   1580.2532
   1588.5765
   1596.8998
   1605.2230
   1613.5463
   1621.8696
   1630.1929
   1638.5161
   1646.8394
   1655.1626
   1663.4860
   1671.8092
   1680.1324
   1688.4557
   1696.7791
   1705.1023
   1713.4255
   1721.7488
   1730.0720
   1738.3954
   1746.7186
   1755.0419
# Distance-dependent modelling error(s)
   3   1
  100.00  116.00  144.00
#
   1.200
   5.000
  17.000
#@(#)        iasp91.Sdiff     2.1     06/06/96
