# Merged from files using mkFirstTT (S. Myers LLNL)
8     Number of depth samples at following depths (km):
   0.000   5.000  10.000  15.000  20.000  25.000  30.000  35.000
101   Number of distance samples at following distances (deg):
   0.000   0.100   0.200   0.300   0.400   0.500   0.600   0.700   0.800   0.900
   1.000   1.100   1.200   1.300   1.400   1.500   1.600   1.700   1.800   1.900
   2.000   2.100   2.200   2.300   2.400   2.500   2.600   2.700   2.800   2.900
   3.000   3.100   3.200   3.300   3.400   3.500   3.600   3.700   3.800   3.900
   4.000   4.100   4.200   4.300   4.400   4.500   4.600   4.700   4.800   4.900
   5.000   5.100   5.200   5.300   5.400   5.500   5.600   5.700   5.800   5.900
   6.000   6.100   6.200   6.300   6.400   6.500   6.600   6.700   6.800   6.900
   7.000   7.100   7.200   7.300   7.400   7.500   7.600   7.700   7.800   7.900
   8.000   8.100   8.200   8.300   8.400   8.500   8.600   8.700   8.800   8.900
   9.000   9.100   9.200   9.300   9.400   9.500   9.600   9.700   9.800   9.900
  10.000
# Travel time at depth =   0.00
      0.0000
      3.3093
      6.6186
      9.9279
     13.2372
     16.5465
     19.8558
     23.1651
     26.4743
     29.7836
     33.0929
     36.4022
     39.7115
     43.0208
     46.3300
     49.6391
     52.6136
     55.5694
     58.5252
     61.4810
     64.4369
     67.3927
     70.3483
     73.3038
     76.2594
     79.2150
     82.1706
     85.1261
     88.0813
     91.0366
     93.9918
     96.9471
     99.9023
    102.8576
    105.8128
    108.7681
    111.7227
    114.6773
    117.6319
    120.5865
    123.5411
    126.4957
    129.4503
    132.4049
    135.3596
    138.3142
    141.2688
    144.2228
    147.1761
    150.1295
    153.0828
    156.0361
    158.9894
    161.9427
    164.8961
    167.8494
    170.8027
    173.7560
    176.7094
    179.6627
    182.6160
    185.5693
    188.5226
    191.4757
    194.4273
    197.3788
    200.3304
    203.2819
    206.2335
    209.1851
    212.1366
    215.0882
    218.0397
    220.9913
    223.9428
    226.8944
    229.8451
    232.7953
    235.7456
    238.6958
    241.6460
    244.5961
    247.5454
    250.4948
    253.4441
    256.3935
     -1.0000
     -1.0000
     -1.0000
     -1.0000
     -1.0000
     -1.0000
     -1.0000
     -1.0000
     -1.0000
     -1.0000
     -1.0000
     -1.0000
     -1.0000
     -1.0000
     -1.0000
# Travel time at depth =   5.00
      1.4881
      3.6274
      6.7817
     10.0358
     13.3159
     16.6073
     19.9041
     23.2043
     26.5065
     29.8097
     33.1145
     36.4193
     39.7241
     43.0302
     46.0338
     48.9896
     51.9454
     54.9012
     57.8570
     60.8128
     63.7687
     66.7243
     69.6799
     72.6354
     75.5910
     78.5466
     81.5021
     84.4574
     87.4126
     90.3679
     93.3231
     96.2784
     99.2336
    102.1889
    105.1441
    108.0988
    111.0534
    114.0080
    116.9626
    119.9172
    122.8718
    125.8264
    128.7811
    131.7357
    134.6903
    137.6449
    140.5991
    143.5524
    146.5057
    149.4590
    152.4124
    155.3657
    158.3190
    161.2723
    164.2256
    167.1790
    170.1323
    173.0856
    176.0389
    178.9922
    181.9456
    184.8989
    187.8522
    190.8037
    193.7553
    196.7068
    199.6584
    202.6099
    205.5615
    208.5131
    211.4646
    214.4162
    217.3677
    220.3193
    223.2708
    226.2217
    229.1719
    232.1221
    235.0724
    238.0226
    240.9728
    243.9221
    246.8715
    249.8208
    252.7702
    255.7195
     -1.0000
     -1.0000
     -1.0000
     -1.0000
     -1.0000
     -1.0000
     -1.0000
     -1.0000
     -1.0000
     -1.0000
     -1.0000
     -1.0000
     -1.0000
     -1.0000
     -1.0000
# Travel time at depth =  10.00
      2.9762
      4.4489
      7.2524
     10.3572
     13.5584
     16.8007
     20.0642
     23.3384
     26.6218
     29.9093
     33.2011
     36.4959
     39.4560
     42.4118
     45.3676
     48.3235
     51.2793
     54.2351
     57.1909
     60.1467
     63.1024
     66.0579
     69.0135
     71.9691
     74.9247
     77.8802
     80.8355
     83.7907
     86.7460
     89.7012
     92.6565
     95.6117
     98.5670
    101.5222
    104.4770
    107.4316
    110.3862
    113.3408
    116.2954
    119.2500
    122.2046
    125.1592
    128.1138
    131.0685
    134.0231
    136.9774
    139.9307
    142.8840
    145.8374
    148.7907
    151.7440
    154.6973
    157.6506
    160.6040
    163.5573
    166.5106
    169.4639
    172.4172
    175.3706
    178.3239
    181.2772
    184.2305
    187.1822
    190.1338
    193.0853
    196.0369
    198.9885
    201.9400
    204.8916
    207.8431
    210.7947
    213.7462
    216.6978
    219.6493
    222.6003
    225.5506
    228.5008
    231.4510
    234.4012
    237.3515
    240.3009
    243.2502
    246.1996
    249.1489
    252.0983
     -1.0000
     -1.0000
     -1.0000
     -1.0000
     -1.0000
     -1.0000
     -1.0000
     -1.0000
     -1.0000
     -1.0000
     -1.0000
     -1.0000
     -1.0000
     -1.0000
     -1.0000
     -1.0000
# Travel time at depth =  15.00
      4.4643
      5.5548
      7.9772
     10.8751
     13.9555
     17.1199
     20.3298
     23.5656
     26.8187
     29.9245
     32.8803
     35.8362
     38.7920
     41.7478
     44.7036
     47.6594
     50.6152
     53.5711
     56.5269
     59.4826
     62.4381
     65.3937
     68.3493
     71.3048
     74.2604
     77.2157
     80.1710
     83.1262
     86.0815
     89.0367
     91.9920
     94.9472
     97.9024
    100.8573
    103.8119
    106.7665
    109.7211
    112.6757
    115.6303
    118.5849
    121.5395
    124.4941
    127.4487
    130.4033
    133.3578
    136.3111
    139.2644
    142.2178
    145.1711
    148.1244
    151.0777
    154.0310
    156.9844
    159.9377
    162.8910
    165.8443
    168.7976
    171.7510
    174.7043
    177.6576
    180.6109
    183.5628
    186.5144
    189.4659
    192.4175
    195.3690
    198.3206
    201.2721
    204.2237
    207.1753
    210.1268
    213.0784
    216.0299
    218.9811
    221.9313
    224.8815
    227.8317
    230.7820
    233.7322
    236.6817
    239.6310
    242.5804
    245.5297
    248.4791
     -1.0000
     -1.0000
     -1.0000
     -1.0000
     -1.0000
     -1.0000
     -1.0000
     -1.0000
     -1.0000
     -1.0000
     -1.0000
     -1.0000
     -1.0000
     -1.0000
     -1.0000
     -1.0000
     -1.0000
# Travel time at depth =  20.00
      5.9524
      6.8080
      8.8939
     11.5624
     14.4835
     17.4393
     20.3952
     23.3510
     26.3068
     29.2626
     32.2184
     35.1742
     38.1301
     41.0859
     44.0417
     46.9975
     49.9533
     52.9091
     55.8648
     58.8204
     61.7760
     64.7316
     67.6871
     70.6427
     73.5980
     76.5533
     79.5085
     82.4638
     85.4190
     88.3743
     91.3295
     94.2848
     97.2397
    100.1943
    103.1489
    106.1035
    109.0581
    112.0127
    114.9673
    117.9219
    120.8765
    123.8311
    126.7857
    129.7403
    132.6936
    135.6469
    138.6003
    141.5536
    144.5069
    147.4602
    150.4135
    153.3669
    156.3202
    159.2735
    162.2268
    165.1801
    168.1335
    171.0868
    174.0401
    176.9934
    179.9455
    182.8970
    185.8486
    188.8002
    191.7517
    194.7033
    197.6548
    200.6064
    203.5579
    206.5095
    209.4610
    212.4126
    215.3639
    218.3141
    221.2643
    224.2145
    227.1648
    230.1150
    233.0646
    236.0139
    238.9633
    241.9126
    244.8620
     -1.0000
     -1.0000
     -1.0000
     -1.0000
     -1.0000
     -1.0000
     -1.0000
     -1.0000
     -1.0000
     -1.0000
     -1.0000
     -1.0000
     -1.0000
     -1.0000
     -1.0000
     -1.0000
     -1.0000
     -1.0000
# Travel time at depth =  25.00
      7.2857
      7.9697
      9.7346
     12.1103
     14.7893
     17.6169
     20.5116
     23.4341
     26.3697
     29.3122
     32.2582
     35.2066
     38.1565
     41.1078
     44.0595
     47.0111
     49.9637
     52.9167
     55.8697
     58.8227
     61.7758
     64.7288
     67.6818
     70.6348
     73.5880
     76.5412
     79.4944
     82.4477
     85.4009
     88.3541
     91.3073
     94.2606
     97.2138
    100.1670
    103.1202
    106.0735
    109.0267
    111.9799
    114.9331
    117.8864
    120.8396
    123.7928
    126.7460
    129.6993
    132.6525
    135.6057
    138.5589
    141.5122
    144.4646
    147.4162
    150.3677
    153.3193
    156.2709
    159.2225
    162.1740
    165.1256
    168.0772
    171.0288
    173.9804
    176.9319
    179.8835
    182.8351
    185.7867
    188.7382
    191.6886
    194.6388
    197.5891
    200.5393
    203.4895
    206.4397
    209.3895
    212.3388
    215.2882
    218.2375
    221.1869
    224.1362
     -1.0000
     -1.0000
     -1.0000
     -1.0000
     -1.0000
     -1.0000
     -1.0000
     -1.0000
     -1.0000
     -1.0000
     -1.0000
     -1.0000
     -1.0000
     -1.0000
     -1.0000
     -1.0000
     -1.0000
     -1.0000
     -1.0000
     -1.0000
     -1.0000
     -1.0000
     -1.0000
     -1.0000
     -1.0000
# Travel time at depth =  30.00
      8.6190
      9.1877
     10.7117
     12.8497
     15.3389
     18.0229
     20.8164
     23.6700
     26.5594
     29.4687
     32.3890
     35.3189
     38.2532
     41.1921
     44.1335
     47.0772
     50.0216
     52.9678
     55.9149
     58.8627
     61.8112
     64.7605
     67.7099
     70.6597
     73.6100
     76.5603
     79.5106
     82.4609
     85.4113
     88.3618
     91.3122
     94.2626
     97.2135
    100.1647
    103.1159
    106.0671
    109.0183
    111.9696
    114.9208
    117.8720
    120.8232
    123.7745
    126.7257
    129.6769
    132.6281
    135.5794
    138.5306
    141.4818
    144.4330
    147.3843
    150.3346
    153.2848
    156.2350
    159.1853
    162.1355
    165.0858
    168.0360
    170.9863
    173.9365
    176.8862
    179.8356
    182.7849
    185.7343
    188.6836
    191.6330
    194.5824
     -1.0000
     -1.0000
     -1.0000
     -1.0000
     -1.0000
     -1.0000
     -1.0000
     -1.0000
     -1.0000
     -1.0000
     -1.0000
     -1.0000
     -1.0000
     -1.0000
     -1.0000
     -1.0000
     -1.0000
     -1.0000
     -1.0000
     -1.0000
     -1.0000
     -1.0000
     -1.0000
     -1.0000
     -1.0000
     -1.0000
     -1.0000
     -1.0000
     -1.0000
     -1.0000
     -1.0000
     -1.0000
     -1.0000
     -1.0000
     -1.0000
# Travel time at depth =  35.00
      9.9524
     10.4383
     11.7748
     13.7114
     16.0259
     18.5738
     21.2567
     24.0291
     26.8562
     29.7188
     32.6051
     35.5061
     38.4195
     41.3383
     44.2638
     47.1949
     50.1273
     53.0636
     56.0025
     58.9425
     61.8840
     64.8277
     67.7714
     70.7151
     73.6596
     76.6059
     79.5522
     82.4985
     85.4452
     88.3928
     91.3404
     94.2880
     97.2361
    100.1843
    103.1326
    106.0811
    109.0297
    111.9783
    114.9271
    117.8759
    120.8247
    123.7736
    126.7225
     -1.0000
     -1.0000
     -1.0000
     -1.0000
     -1.0000
     -1.0000
     -1.0000
     -1.0000
     -1.0000
     -1.0000
     -1.0000
     -1.0000
     -1.0000
     -1.0000
     -1.0000
     -1.0000
     -1.0000
     -1.0000
     -1.0000
     -1.0000
     -1.0000
     -1.0000
     -1.0000
     -1.0000
     -1.0000
     -1.0000
     -1.0000
     -1.0000
     -1.0000
     -1.0000
     -1.0000
     -1.0000
     -1.0000
     -1.0000
     -1.0000
     -1.0000
     -1.0000
     -1.0000
     -1.0000
     -1.0000
     -1.0000
     -1.0000
     -1.0000
     -1.0000
     -1.0000
     -1.0000
     -1.0000
     -1.0000
     -1.0000
     -1.0000
     -1.0000
     -1.0000
     -1.0000
     -1.0000
     -1.0000
     -1.0000
     -1.0000
     -1.0000
# Distance-dependent modelling error(s)
  13    1
        0.0     0.2     0.5     1.0     2.0     3.0     4.0     6.0
        8.0     10.0    15.0    20.0    30.0
#
        0.2
        0.5
        1.3
        1.7
        2.4
        3.0
        3.6
        4.2
        4.9
        5.5
        6.5
        7.5
        9.5
#%Z%        %M%     %I%     %G%

