# IASPEI travel-time table for phase: SKiKP   
 14   Number of depth samples at the following depths (km):
    0.00   15.00   35.00   50.00   75.00  100.00  150.00  200.00  250.00  300.00
  400.00  500.00  600.00  700.00
 31   Number of distance samples at the following distances (deg):
    0.00    5.00   10.00   15.00   20.00   25.00   30.00   35.00   40.00   45.00
   50.00   55.00   60.00   65.00   70.00   75.00   80.00   85.00   90.00   95.00
  100.00  105.00  110.00  115.00  120.00  125.00  130.00  135.00  140.00  145.00
  150.00
# Travel time at depth =   0.00 km.
   1206.7435
   1207.0389
   1207.9240
   1209.3950
   1211.4464
   1214.0701
   1217.2557
   1220.9912
   1225.2623
   1230.0529
   1235.3451
   1241.1200
   1247.3567
   1254.0333
   1261.1272
   1268.6141
   1276.4700
   1284.6693
   1293.1865
   1301.9960
   1311.0715
   1320.3872
   1329.9169
   1339.6350
   1349.5159
   1359.5347
   1369.6666
   1379.8878
   1390.1747
   1400.5046
     -1.0000
# Travel time at depth =  15.00 km.
   1202.2792
   1202.5746
   1203.4597
   1204.9309
   1206.9825
   1209.6064
   1212.7925
   1216.5282
   1220.7997
   1225.5906
   1230.8833
   1236.6586
   1242.8958
   1249.5729
   1256.6671
   1264.1547
   1272.0109
   1280.2107
   1288.7284
   1297.5382
   1306.6141
   1315.9302
   1325.4602
   1335.1785
   1345.0597
   1355.0786
   1365.2108
   1375.4320
   1385.7191
   1396.0491
     -1.0000
# Travel time at depth =  35.00 km.
   1196.7913
   1197.0868
   1197.9719
   1199.4434
   1201.4952
   1204.1195
   1207.3059
   1211.0422
   1215.3142
   1220.1057
   1225.3990
   1231.1749
   1237.4128
   1244.0906
   1251.1855
   1258.6737
   1266.5306
   1274.7311
   1283.2494
   1292.0598
   1301.1364
   1310.4528
   1319.9833
   1329.7020
   1339.5836
   1349.6028
   1359.7352
   1369.9567
   1380.2438
   1390.5740
     -1.0000
# Travel time at depth =  50.00 km.
   1193.4375
   1193.7329
   1194.6183
   1196.0898
   1198.1420
   1200.7666
   1203.9534
   1207.6902
   1211.9625
   1216.7546
   1222.0486
   1227.8251
   1234.0636
   1240.7421
   1247.8376
   1255.3264
   1263.1838
   1271.3849
   1279.9038
   1288.7148
   1297.7919
   1307.1088
   1316.6396
   1326.3588
   1336.2406
   1346.2601
   1356.3928
   1366.6144
   1376.9017
   1387.2319
     -1.0000
# Travel time at depth =  75.00 km.
   1187.8567
   1188.1523
   1189.0378
   1190.5098
   1192.5624
   1195.1875
   1198.3749
   1202.1124
   1206.3856
   1211.1786
   1216.4735
   1222.2511
   1228.4906
   1235.1700
   1242.2667
   1249.7566
   1257.6151
   1265.8171
   1274.3370
   1283.1489
   1292.2268
   1301.5446
   1311.0762
   1320.7959
   1330.6782
   1340.6982
   1350.8313
   1361.0532
   1371.3407
   1381.6710
     -1.0000
# Travel time at depth = 100.00 km.
   1182.2870
   1182.5826
   1183.4684
   1184.9406
   1186.9937
   1189.6193
   1192.8074
   1196.5457
   1200.8198
   1205.6136
   1210.9095
   1216.6881
   1222.9286
   1229.6093
   1236.7069
   1244.1979
   1252.0575
   1260.2605
   1268.7814
   1277.5941
   1286.6729
   1295.9913
   1305.5237
   1315.2441
   1325.1271
   1335.1476
   1345.2809
   1355.5032
   1365.7909
   1376.1212
     -1.0000
# Travel time at depth = 150.00 km.
   1171.1768
   1171.4725
   1172.3586
   1173.8315
   1175.8855
   1178.5123
   1181.7018
   1185.4415
   1189.7174
   1194.5132
   1199.8110
   1205.5916
   1211.8342
   1218.5171
   1225.6169
   1233.1101
   1240.9718
   1249.1769
   1257.6997
   1266.5144
   1275.5948
   1284.9149
   1294.4487
   1304.1704
   1314.0544
   1324.0759
   1334.2101
   1344.4329
   1354.7209
   1365.0516
     -1.0000
# Travel time at depth = 200.00 km.
   1160.0929
   1160.3888
   1161.2753
   1162.7488
   1164.8036
   1167.4316
   1170.6224
   1174.3638
   1178.6414
   1183.4390
   1188.7389
   1194.5216
   1200.7665
   1207.4514
   1214.5536
   1222.0488
   1229.9127
   1238.1199
   1246.6448
   1255.4613
   1264.5436
   1273.8654
   1283.4006
   1293.1235
   1303.0088
   1313.0312
   1323.1661
   1333.3895
   1343.6781
   1354.0090
     -1.0000
# Travel time at depth = 250.00 km.
   1149.1005
   1149.3966
   1150.2834
   1151.7577
   1153.8135
   1156.4426
   1159.6349
   1163.3778
   1167.6572
   1172.4568
   1177.7587
   1183.5436
   1189.7906
   1196.4779
   1203.5824
   1211.0800
   1218.9460
   1227.1553
   1235.6823
   1244.5007
   1253.5848
   1262.9082
   1272.4451
   1282.1693
   1292.0558
   1302.0791
   1312.2148
   1322.4390
   1332.7279
   1343.0591
     -1.0000
# Travel time at depth = 300.00 km.
   1138.3127
   1138.6089
   1139.4962
   1140.9712
   1143.0280
   1145.6583
   1148.8519
   1152.5967
   1156.8778
   1161.6794
   1166.9835
   1172.7706
   1179.0200
   1185.7096
   1192.8164
   1200.3163
   1208.1847
   1216.3962
   1224.9253
   1233.7458
   1242.8318
   1252.1570
   1261.6953
   1271.4210
   1281.3086
   1291.3330
   1301.4696
   1311.6943
   1321.9838
   1332.3152
     -1.0000
# Travel time at depth = 400.00 km.
   1117.3262
   1117.6227
   1118.5110
   1119.9874
   1122.0461
   1124.6792
   1127.8760
   1131.6240
   1135.9092
   1140.7151
   1146.0237
   1151.8156
   1158.0698
   1164.7644
   1171.8761
   1179.3810
   1187.2542
   1195.4705
   1204.0040
   1212.8287
   1221.9187
   1231.2474
   1240.7892
   1250.5178
   1260.4080
   1270.4346
   1280.5729
   1290.7990
   1301.0894
   1311.4213
     -1.0000
# Travel time at depth = 500.00 km.
   1097.8431
   1098.1399
   1099.0292
   1100.5073
   1102.5684
   1105.2042
   1108.4044
   1112.1565
   1116.4460
   1121.2566
   1126.5703
   1132.3674
   1138.6272
   1145.3273
   1152.4446
   1159.9550
   1167.8335
   1176.0551
   1184.5936
   1193.4231
   1202.5175
   1211.8503
   1221.3956
   1231.1276
   1241.0206
   1251.0496
   1261.1898
   1271.4174
   1281.7089
   1292.0414
     -1.0000
# Travel time at depth = 600.00 km.
   1079.2072
   1079.5043
   1080.3947
   1081.8746
   1083.9381
   1086.5771
   1089.7810
   1093.5374
   1097.8317
   1102.6473
   1107.9664
   1113.7693
   1120.0349
   1126.7411
   1133.8644
   1141.3807
   1149.2651
   1157.4923
   1166.0364
   1174.8710
   1183.9701
   1193.3074
   1202.8567
   1212.5922
   1222.4883
   1232.5198
   1242.6621
   1252.8914
   1263.1838
   1273.5171
     -1.0000
# Travel time at depth = 700.00 km.
   1061.7041
   1062.0017
   1062.8933
   1064.3752
   1066.4415
   1069.0840
   1072.2920
   1076.0531
   1080.3525
   1085.1740
   1090.4991
   1096.3083
   1102.5804
   1109.2932
   1116.4232
   1123.9462
   1131.8370
   1140.0704
   1148.6205
   1157.4607
   1166.5651
   1175.9072
   1185.4609
   1195.2003
   1205.0997
   1215.1342
   1225.2788
   1235.5098
   1245.8036
   1256.1375
     -1.0000
# Modelling error(s)
   1   1
#
   1.200
#@(#)        iasp91.SKiKP     2.1     06/06/96
