# IASPEI travel-time table for phase: SKKPdf  
 14   Number of depth samples at the following depths (km):
    0.00   15.00   35.00   50.00   75.00  100.00  150.00  200.00  250.00  300.00
  400.00  500.00  600.00  700.00
 40   Number of distance samples at the following distances (deg):
    0.00    4.00    8.00   12.00   16.00   20.00   24.00   28.00   32.00   36.00
   40.00   44.00   48.00   52.00   56.00   60.00   64.00   68.00   72.00   76.00
   80.00   84.00   88.00   92.00   96.00  100.00  104.00  108.00  112.00  116.00
  120.00  124.00  128.00  132.00  136.00  140.00  144.00  148.00  152.00  156.00
# Travel time at depth =   0.00 km.
   2125.0957
   2124.9226
   2124.4045
   2123.5415
   2122.3347
   2120.7849
   2118.8945
   2116.6650
   2114.0996
   2111.2009
   2107.9731
   2104.4207
   2100.5488
   2096.3635
   2091.8723
   2087.0833
   2082.0063
   2076.6523
   2071.0337
   2065.1650
   2059.0618
   2052.7412
   2046.2220
   2039.5233
   2032.6649
   2025.6664
   2018.5463
   2011.3223
   2004.0104
   1996.6246
   1989.1776
   1981.6803
   1974.1416
   1966.5697
   1958.9713
   1951.3522
   1943.7173
   1936.0708
   1928.4165
   1920.7576
# Travel time at depth =  15.00 km.
   2120.6313
   2120.4585
   2119.9402
   2119.0774
   2117.8706
   2116.3210
   2114.4307
   2112.2014
   2109.6362
   2106.7378
   2103.5103
   2099.9583
   2096.0864
   2091.9016
   2087.4106
   2082.6221
   2077.5454
   2072.1919
   2066.5737
   2060.7053
   2054.6023
   2048.2822
   2041.7633
   2035.0649
   2028.2068
   2021.2084
   2014.0885
   2006.8647
   1999.5529
   1992.1674
   1984.7205
   1977.2231
   1969.6846
   1962.1128
   1954.5144
   1946.8953
   1939.2604
   1931.6139
   1923.9596
   1916.3008
# Travel time at depth =  35.00 km.
   2115.1433
   2114.9705
   2114.4524
   2113.5896
   2112.3831
   2110.8337
   2108.9436
   2106.7146
   2104.1497
   2101.2517
   2098.0247
   2094.4727
   2090.6016
   2086.4172
   2081.9268
   2077.1387
   2072.0625
   2066.7095
   2061.0918
   2055.2241
   2049.1216
   2042.8020
   2036.2834
   2029.5856
   2022.7278
   2015.7297
   2008.6102
   2001.3866
   1994.0751
   1986.6897
   1979.2429
   1971.7457
   1964.2073
   1956.6355
   1949.0372
   1941.4182
   1933.7833
   1926.1370
   1918.4827
   1910.8237
# Travel time at depth =  50.00 km.
   2111.7896
   2111.6167
   2111.0986
   2110.2358
   2109.0295
   2107.4805
   2105.5903
   2103.3618
   2100.7971
   2097.8994
   2094.6726
   2091.1213
   2087.2505
   2083.0667
   2078.5767
   2073.7891
   2068.7134
   2063.3608
   2057.7437
   2051.8765
   2045.7744
   2039.4552
   2032.9371
   2026.2396
   2019.3822
   2012.3845
   2005.2653
   1998.0419
   1990.7305
   1983.3452
   1975.8987
   1968.4016
   1960.8633
   1953.2916
   1945.6934
   1938.0743
   1930.4396
   1922.7931
   1915.1389
   1907.4800
# Travel time at depth =  75.00 km.
   2106.2087
   2106.0359
   2105.5181
   2104.6555
   2103.4492
   2101.9004
   2100.0110
   2097.7827
   2095.2185
   2092.3215
   2089.0952
   2085.5447
   2081.6746
   2077.4915
   2073.0022
   2068.2153
   2063.1406
   2057.7888
   2052.1726
   2046.3060
   2040.2050
   2033.8865
   2027.3691
   2020.6722
   2013.8154
   2006.8182
   1999.6993
   1992.4764
   1985.1654
   1977.7805
   1970.3341
   1962.8373
   1955.2991
   1947.7275
   1940.1294
   1932.5105
   1924.8757
   1917.2294
   1909.5752
   1901.9163
# Travel time at depth = 100.00 km.
   2100.6392
   2100.4663
   2099.9485
   2099.0862
   2097.8801
   2096.3315
   2094.4424
   2092.2146
   2089.6509
   2086.7544
   2083.5288
   2079.9788
   2076.1096
   2071.9270
   2067.4387
   2062.6528
   2057.5789
   2052.2278
   2046.6124
   2040.7467
   2034.6465
   2028.3287
   2021.8121
   2015.1158
   2008.2596
   2001.2631
   1994.1447
   1986.9221
   1979.6115
   1972.2268
   1964.7808
   1957.2841
   1949.7460
   1942.1746
   1934.5767
   1926.9578
   1919.3230
   1911.6768
   1904.0226
   1896.3636
# Travel time at depth = 150.00 km.
   2089.5288
   2089.3562
   2088.8386
   2087.9766
   2086.7710
   2085.2231
   2083.3347
   2081.1079
   2078.5452
   2075.6499
   2072.4255
   2068.8767
   2065.0090
   2060.8281
   2056.3413
   2051.5569
   2046.4847
   2041.1355
   2035.5217
   2029.6577
   2023.5591
   2017.2429
   2010.7278
   2004.0330
   1997.1780
   1990.1824
   1983.0649
   1975.8433
   1968.5333
   1961.1492
   1953.7036
   1946.2074
   1938.6697
   1931.0985
   1923.5007
   1915.8821
   1908.2474
   1900.6012
   1892.9470
   1885.2882
# Travel time at depth = 200.00 km.
   2078.4448
   2078.2722
   2077.7549
   2076.8933
   2075.6882
   2074.1411
   2072.2534
   2070.0273
   2067.4656
   2064.5715
   2061.3484
   2057.8010
   2053.9348
   2049.7554
   2045.2703
   2040.4877
   2035.4171
   2030.0696
   2024.4576
   2018.5953
   2012.4984
   2006.1838
   1999.6702
   1992.9767
   1986.1229
   1979.1284
   1972.0121
   1964.7911
   1957.4819
   1950.0984
   1942.6533
   1935.1575
   1927.6201
   1920.0493
   1912.4517
   1904.8331
   1897.1987
   1889.5526
   1881.8984
   1874.2396
# Travel time at depth = 250.00 km.
   2067.4526
   2067.2800
   2066.7629
   2065.9016
   2064.6970
   2063.1504
   2061.2637
   2059.0386
   2056.4780
   2053.5850
   2050.3633
   2046.8173
   2042.9524
   2038.7747
   2034.2913
   2029.5104
   2024.4415
   2019.0958
   2013.4857
   2007.6251
   2001.5299
   1995.2170
   1988.7048
   1982.0127
   1975.1603
   1968.1670
   1961.0515
   1953.8315
   1946.5229
   1939.1401
   1931.6956
   1924.2001
   1916.6631
   1909.0925
   1901.4952
   1893.8768
   1886.2426
   1878.5964
   1870.9425
   1863.2837
# Travel time at depth = 300.00 km.
   2056.6648
   2056.4922
   2055.9753
   2055.1145
   2053.9104
   2052.3645
   2050.4785
   2048.2544
   2045.6949
   2042.8031
   2039.5828
   2036.0383
   2032.1749
   2027.9989
   2023.5172
   2018.7380
   2013.6711
   2008.3273
   2002.7190
   1996.8602
   1990.7667
   1984.4556
   1977.9449
   1971.2543
   1964.4032
   1957.4110
   1950.2966
   1943.0775
   1935.7698
   1928.3876
   1920.9435
   1913.4485
   1905.9119
   1898.3416
   1890.7445
   1883.1263
   1875.4921
   1867.8462
   1860.1923
   1852.5334
# Travel time at depth = 400.00 km.
   2035.6783
   2035.5060
   2034.9895
   2034.1294
   2032.9265
   2031.3821
   2029.4977
   2027.2756
   2024.7185
   2021.8292
   2018.6117
   2015.0703
   2011.2103
   2007.0377
   2002.5596
   1997.7843
   1992.7212
   1987.3813
   1981.7769
   1975.9220
   1969.8323
   1963.5245
   1957.0173
   1950.3298
   1943.4814
   1936.4918
   1929.3796
   1922.1624
   1914.8562
   1907.4753
   1900.0325
   1892.5385
   1885.0026
   1877.4329
   1869.8362
   1862.2185
   1854.5846
   1846.9388
   1839.2849
   1831.6262
# Travel time at depth = 500.00 km.
   2016.1952
   2016.0231
   2015.5072
   2014.6479
   2013.4463
   2011.9033
   2010.0210
   2007.8011
   2005.2465
   2002.3601
   1999.1458
   1995.6078
   1991.7515
   1987.5828
   1983.1088
   1978.3376
   1973.2788
   1967.9432
   1962.3433
   1956.4926
   1950.4070
   1944.1033
   1937.5999
   1930.9156
   1924.0704
   1917.0836
   1909.9739
   1902.7588
   1895.4543
   1888.0751
   1880.6334
   1873.1404
   1865.6053
   1858.0364
   1850.4403
   1842.8230
   1835.1893
   1827.5438
   1819.8901
   1812.2316
# Travel time at depth = 600.00 km.
   1997.5592
   1997.3872
   1996.8719
   1996.0137
   1994.8134
   1993.2721
   1991.3918
   1989.1744
   1986.6226
   1983.7393
   1980.5283
   1976.9940
   1973.1416
   1968.9771
   1964.5074
   1959.7408
   1954.6868
   1949.3560
   1943.7605
   1937.9146
   1931.8335
   1925.5341
   1919.0347
   1912.3542
   1905.5125
   1898.5286
   1891.4215
   1884.2086
   1876.9062
   1869.5286
   1862.0883
   1854.5964
   1847.0624
   1839.4941
   1831.8986
   1824.2817
   1816.6484
   1809.0032
   1801.3497
   1793.6912
# Travel time at depth = 700.00 km.
   1980.0563
   1979.8845
   1979.3698
   1978.5126
   1977.3137
   1975.7744
   1973.8964
   1971.6816
   1969.1328
   1966.2529
   1963.0457
   1959.5155
   1955.6675
   1951.5076
   1947.0428
   1942.2812
   1937.2322
   1931.9066
   1926.3164
   1920.4756
   1914.3994
   1908.1047
   1901.6097
   1894.9336
   1888.0955
   1881.1150
   1874.0107
   1866.8004
   1859.5002
   1852.1244
   1844.6857
   1837.1951
   1829.6620
   1822.0946
   1814.4998
   1806.8834
   1799.2506
   1791.6056
   1783.9523
   1776.2938
# Modelling error(s)
   1   1
#
   3.200
#@(#)        iasp91.SKKPdf     2.1     06/06/96
