# IASPEI travel-time table for phase: SKKPbc  
 14   Number of depth samples at the following depths (km):
    0.00   15.00   35.00   50.00   75.00  100.00  150.00  200.00  250.00  300.00
  400.00  500.00  600.00  700.00
 35   Number of distance samples at the following distances (deg):
   78.00   80.00   82.00   84.00   86.00   88.00   90.00   92.00   94.00   96.00
   98.00  100.00  102.00  104.00  106.00  108.00  110.00  112.00  114.00  116.00
  118.00  120.00  122.00  124.00  126.00  128.00  130.00  132.00  134.00  136.00
  138.00  140.00  142.00  144.00  146.00
# Travel time at depth =   0.00 km.
   2078.6184
   2074.4043
   2070.0874
   2065.6719
   2061.1577
   2056.5427
   2051.8259
   2047.0071
   2042.0856
   2037.0609
   2031.9321
   2026.6981
   2021.3582
   2015.9114
   2010.3569
   2004.6937
   1998.9202
   1993.0345
   1987.0354
   1980.9220
   1974.6926
   1968.3457
   1961.8789
   1955.2904
   1948.5776
   1941.7382
   1934.7688
   1927.6663
   1920.4264
   1913.0441
   1905.5133
   1897.8258
   1889.9701
   1881.9298
   1873.6697
# Travel time at depth =  15.00 km.
   2074.1631
   2069.9492
   2065.6328
   2061.2178
   2056.7039
   2052.0896
   2047.3733
   2042.5548
   2037.6339
   2032.6097
   2027.4814
   2022.2480
   2016.9087
   2011.4625
   2005.9087
   2000.2461
   1994.4733
   1988.5883
   1982.5898
   1976.4772
   1970.2485
   1963.9023
   1957.4364
   1950.8488
   1944.1368
   1937.2982
   1930.3298
   1923.2283
   1915.9894
   1908.6083
   1901.0786
   1893.3923
   1885.5382
   1877.4994
   1869.2415
# Travel time at depth =  35.00 km.
   2068.6880
   2064.4749
   2060.1589
   2055.7446
   2051.2314
   2046.6178
   2041.9022
   2037.0846
   2032.1644
   2027.1411
   2022.0135
   2016.7810
   2011.4425
   2005.9972
   2000.4442
   1994.7826
   1989.0107
   1983.1267
   1977.1293
   1971.0176
   1964.7902
   1958.4451
   1951.9802
   1945.3938
   1938.6831
   1931.8458
   1924.8789
   1917.7787
   1910.5414
   1903.1619
   1895.6339
   1887.9496
   1880.0974
   1872.0610
   1863.8063
# Travel time at depth =  50.00 km.
   2065.3459
   2061.1335
   2056.8184
   2052.4045
   2047.8921
   2043.2789
   2038.5641
   2033.7471
   2028.8276
   2023.8049
   2018.6782
   2013.4464
   2008.1086
   2002.6642
   1997.1121
   1991.4513
   1985.6803
   1979.7971
   1973.8008
   1967.6901
   1961.4635
   1955.1195
   1948.6559
   1942.0704
   1935.3610
   1928.5249
   1921.5592
   1914.4604
   1907.2245
   1899.8464
   1892.3201
   1884.6375
   1876.7871
   1868.7529
   1860.5011
# Travel time at depth =  75.00 km.
   2059.7854
   2055.5737
   2051.2595
   2046.8469
   2042.3354
   2037.7234
   2033.0096
   2028.1938
   2023.2755
   2018.2540
   2013.1285
   2007.8981
   2002.5616
   1997.1184
   1991.5677
   1985.9084
   1980.1389
   1974.2573
   1968.2626
   1962.1534
   1955.9286
   1949.5863
   1943.1245
   1936.5410
   1929.8335
   1922.9995
   1916.0359
   1908.9393
   1901.7057
   1894.3301
   1886.8065
   1879.1267
   1871.2797
   1863.2491
   1855.0022
# Travel time at depth = 100.00 km.
   2054.2358
   2050.0254
   2045.7122
   2041.3004
   2036.7900
   2032.1791
   2027.4664
   2022.6517
   2017.7346
   2012.7145
   2007.5902
   2002.3610
   1997.0259
   1991.5841
   1986.0348
   1980.3770
   1974.6089
   1968.7289
   1962.7357
   1956.6282
   1950.4052
   1944.0646
   1937.6046
   1931.0229
   1924.3175
   1917.4855
   1910.5240
   1903.4297
   1896.1985
   1888.8254
   1881.3046
   1873.6277
   1865.7838
   1857.7571
   1849.5149
# Travel time at depth = 150.00 km.
   2043.1666
   2038.9583
   2034.6471
   2030.2374
   2025.7291
   2021.1205
   2016.4100
   2011.5978
   2006.6830
   2001.6653
   1996.5436
   1991.3169
   1985.9846
   1980.5455
   1974.9991
   1969.3442
   1963.5792
   1957.7024
   1951.7124
   1945.6083
   1939.3887
   1933.0518
   1926.5955
   1920.0177
   1913.3162
   1906.4884
   1899.5312
   1892.4415
   1885.2151
   1877.8472
   1870.3317
   1862.6608
   1854.8235
   1846.8041
   1838.5718
# Travel time at depth = 200.00 km.
   2032.1243
   2027.9181
   2023.6090
   2019.2014
   2014.6953
   2010.0889
   2005.3809
   2000.5709
   1995.6587
   1990.6434
   1985.5243
   1980.3003
   1974.9707
   1969.5345
   1963.9910
   1958.3390
   1952.5771
   1946.7035
   1940.7169
   1934.6162
   1928.4000
   1922.0668
   1915.6143
   1909.0404
   1902.3430
   1895.5194
   1888.5668
   1881.4817
   1874.2601
   1866.8973
   1859.3875
   1851.7225
   1843.8918
   1835.8800
   1827.6573
# Travel time at depth = 250.00 km.
   2021.1747
   2016.9706
   2012.6637
   2008.2583
   2003.7544
   1999.1503
   1994.4446
   1989.6371
   1984.7273
   1979.7147
   1974.5981
   1969.3770
   1964.0502
   1958.6168
   1953.0763
   1947.4275
   1941.6687
   1935.7985
   1929.8152
   1923.7179
   1917.5054
   1911.1758
   1904.7272
   1898.1573
   1891.4641
   1884.6449
   1877.6968
   1870.6165
   1863.3999
   1856.0425
   1848.5381
   1840.8793
   1833.0554
   1825.0513
   1816.8384
# Travel time at depth = 300.00 km.
   2010.4310
   2006.2292
   2001.9246
   1997.5214
   1993.0198
   1988.4181
   1983.7148
   1978.9098
   1974.0027
   1968.9927
   1963.8789
   1958.6605
   1953.3367
   1947.9064
   1942.3688
   1936.7231
   1930.9678
   1925.1008
   1919.1210
   1913.0273
   1906.8186
   1900.4929
   1894.0482
   1887.4825
   1880.7937
   1873.9789
   1867.0355
   1859.9601
   1852.7487
   1845.3967
   1837.8982
   1830.2457
   1822.4288
   1814.4325
   1806.2297
# Travel time at depth = 400.00 km.
   1989.5375
   1985.3405
   1981.0405
   1976.6420
   1972.1451
   1967.5486
   1962.8505
   1958.0508
   1953.1490
   1948.1448
   1943.0367
   1937.8243
   1932.5066
   1927.0825
   1921.5515
   1915.9125
   1910.1641
   1904.3042
   1898.3318
   1892.2457
   1886.0448
   1879.7273
   1873.2910
   1866.7341
   1860.0542
   1853.2489
   1846.3153
   1839.2502
   1832.0498
   1824.7092
   1817.2230
   1809.5837
   1801.7814
   1793.8016
   1785.6194
# Travel time at depth = 500.00 km.
     -1.0000
   1965.9661
   1961.6714
   1957.2780
   1952.7866
   1948.1956
   1943.5033
   1938.7095
   1933.8138
   1928.8157
   1923.7142
   1918.5084
   1913.1974
   1907.7804
   1902.2566
   1896.6250
   1890.8842
   1885.0323
   1879.0682
   1872.9906
   1866.7983
   1860.4897
   1854.0629
   1847.5156
   1840.8459
   1834.0511
   1827.1285
   1820.0748
   1812.8865
   1805.5587
   1798.0861
   1790.4615
   1782.6753
   1774.7136
   1766.5536
# Travel time at depth = 600.00 km.
     -1.0000
   1947.4474
   1943.1583
   1938.7705
   1934.2849
   1929.7000
   1925.0139
   1920.2264
   1915.3374
   1910.3459
   1905.2515
   1900.0527
   1894.7491
   1889.3397
   1883.8236
   1878.2001
   1872.4675
   1866.6244
   1860.6689
   1854.6005
   1848.4176
   1842.1188
   1835.7020
   1829.1653
   1822.5063
   1815.7229
   1808.8121
   1801.7709
   1794.5953
   1787.2814
   1779.8234
   1772.2145
   1764.4456
   1756.5032
   1748.3666
# Travel time at depth = 700.00 km.
     -1.0000
   1930.0737
   1925.7909
   1921.4092
   1916.9301
   1912.3517
   1907.6725
   1902.8921
   1898.0103
   1893.0262
   1887.9393
   1882.7485
   1877.4530
   1872.0519
   1866.5444
   1860.9297
   1855.2063
   1849.3726
   1843.4270
   1837.3685
   1831.1960
   1824.9080
   1818.5022
   1811.9771
   1805.3301
   1798.5591
   1791.6613
   1784.6337
   1777.4725
   1770.1736
   1762.7316
   1755.1400
   1747.3899
   1739.4686
   1731.3571
# Modelling error(s)
   1   1
#
   3.500
#@(#)        iasp91.SKKPbc     2.1     06/06/96
