# IASPEI travel-time table for phase: SKKSac  
 14   Number of depth samples at the following depths (km):
    0.00   15.00   35.00   50.00   75.00  100.00  150.00  200.00  250.00  300.00
  400.00  500.00  600.00  700.00
118   Number of distance samples at the following distances (deg):
   63.00   64.00   65.00   66.00   67.00   68.00   69.00   70.00   71.00   72.00
   73.00   74.00   75.00   76.00   77.00   78.00   79.00   80.00   81.00   82.00
   83.00   84.00   85.00   86.00   87.00   88.00   89.00   90.00   91.00   92.00
   93.00   94.00   95.00   96.00   97.00   98.00   99.00  100.00  101.00  102.00
  103.00  104.00  105.00  106.00  107.00  108.00  109.00  110.00  111.00  112.00
  113.00  114.00  115.00  116.00  117.00  118.00  119.00  120.00  121.00  122.00
  123.00  124.00  125.00  126.00  127.00  128.00  129.00  130.00  131.00  132.00
  133.00  134.00  135.00  136.00  137.00  138.00  139.00  140.00  141.00  142.00
  143.00  144.00  145.00  146.00  147.00  148.00  149.00  150.00  151.00  152.00
  153.00  154.00  155.00  156.00  157.00  158.00  159.00  160.00  161.00  162.00
  163.00  164.00  165.00  166.00  167.00  168.00  169.00  170.00  171.00  172.00
  173.00  174.00  175.00  176.00  177.00  178.00  179.00  180.00
# Travel time at depth =   0.00 km.
   1222.6864
   1230.2745
   1237.8622
   1245.4490
   1253.0342
   1260.6174
   1268.1984
   1275.7762
   1283.3506
   1290.9208
   1298.4865
   1306.0468
   1313.6013
   1321.1494
   1328.6904
   1336.2238
   1343.7487
   1351.2644
   1358.7705
   1366.2661
   1373.7505
   1381.2231
   1388.6830
   1396.1296
   1403.5621
   1410.9796
   1418.3816
   1425.7672
   1433.1356
   1440.4863
   1447.8182
   1455.1309
   1462.4235
   1469.6951
   1476.9452
   1484.1731
   1491.3778
   1498.5588
   1505.7156
   1512.8473
   1519.9534
   1527.0332
   1534.0862
   1541.1119
   1548.1096
   1555.0790
   1562.0194
   1568.9304
   1575.8115
   1582.6622
   1589.4823
   1596.2712
   1603.0287
   1609.7544
   1616.4479
   1623.1089
   1629.7372
   1636.3325
   1642.8945
   1649.4231
   1655.9178
   1662.3788
   1668.8057
   1675.1986
   1681.5573
   1687.8816
   1694.1716
   1700.4271
   1706.6481
   1712.8344
   1718.9858
   1725.1027
   1731.1846
   1737.2318
   1743.2443
   1749.2218
   1755.1647
   1761.0726
   1766.9459
   1772.7845
   1778.5884
   1784.3575
   1790.0919
   1795.7920
   1801.4575
   1807.0887
   1812.6859
   1818.2489
   1823.7780
   1829.2731
   1834.7343
   1840.1617
   1845.5554
   1850.9154
   1856.2419
   1861.5352
   1866.7950
   1872.0219
   1877.2156
   1882.3763
   1887.5043
   1892.5995
   1897.6620
   1902.6920
   1907.6897
   1912.6552
   1917.5885
   1922.4900
   1927.3596
   1932.1979
   1937.0046
   1941.7804
   1946.5248
   1951.2377
   1955.9189
   1960.5682
   1965.1859
   1969.7725
# Travel time at depth =  15.00 km.
   1218.3413
   1225.9294
   1233.5171
   1241.1038
   1248.6890
   1256.2722
   1263.8529
   1271.4307
   1279.0049
   1286.5751
   1294.1405
   1301.7007
   1309.2551
   1316.8030
   1324.3438
   1331.8767
   1339.4014
   1346.9169
   1354.4226
   1361.9178
   1369.4020
   1376.8741
   1384.3336
   1391.7798
   1399.2118
   1406.6289
   1414.0304
   1421.4154
   1428.7833
   1436.1334
   1443.4648
   1450.7769
   1458.0687
   1465.3398
   1472.5892
   1479.8164
   1487.0204
   1494.2008
   1501.3567
   1508.4877
   1515.5930
   1522.6720
   1529.7242
   1536.7491
   1543.7461
   1550.7146
   1557.6542
   1564.5643
   1571.4445
   1578.2944
   1585.1135
   1591.9016
   1598.6582
   1605.3829
   1612.0756
   1618.7357
   1625.3630
   1631.9575
   1638.5186
   1645.0461
   1651.5400
   1658.0001
   1664.4261
   1670.8181
   1677.1758
   1683.4993
   1689.7883
   1696.0430
   1702.2631
   1708.4484
   1714.5990
   1720.7150
   1726.7960
   1732.8424
   1738.8539
   1744.8307
   1750.7726
   1756.6798
   1762.5522
   1768.3899
   1774.1930
   1779.9613
   1785.6949
   1791.3940
   1797.0588
   1802.6893
   1808.2856
   1813.8479
   1819.3761
   1824.8705
   1830.3309
   1835.7576
   1841.1505
   1846.5098
   1851.8356
   1857.1281
   1862.3872
   1867.6133
   1872.8063
   1877.9663
   1883.0936
   1888.1881
   1893.2500
   1898.2793
   1903.2764
   1908.2411
   1913.1738
   1918.0746
   1922.9437
   1927.7812
   1932.5875
   1937.3625
   1942.1063
   1946.8186
   1951.4993
   1956.1481
   1960.7651
   1965.3510
# Travel time at depth =  35.00 km.
   1213.0277
   1220.6157
   1228.2034
   1235.7899
   1243.3750
   1250.9581
   1258.5388
   1266.1165
   1273.6904
   1281.2604
   1288.8257
   1296.3856
   1303.9397
   1311.4872
   1319.0276
   1326.5603
   1334.0845
   1341.5996
   1349.1049
   1356.5996
   1364.0831
   1371.5548
   1379.0137
   1386.4592
   1393.8906
   1401.3070
   1408.7078
   1416.0920
   1423.4591
   1430.8083
   1438.1389
   1445.4501
   1452.7411
   1460.0111
   1467.2596
   1474.4857
   1481.6887
   1488.8680
   1496.0228
   1503.1527
   1510.2570
   1517.3348
   1524.3859
   1531.4095
   1538.4053
   1545.3726
   1552.3109
   1559.2198
   1566.0988
   1572.9473
   1579.7653
   1586.5520
   1593.3073
   1600.0308
   1606.7219
   1613.3807
   1620.0068
   1626.5999
   1633.1597
   1639.6859
   1646.1785
   1652.6372
   1659.0619
   1665.4525
   1671.8090
   1678.1311
   1684.4188
   1690.6721
   1696.8909
   1703.0750
   1709.2242
   1715.3389
   1721.4187
   1727.4637
   1733.4740
   1739.4495
   1745.3901
   1751.2961
   1757.1674
   1763.0038
   1768.8055
   1774.5726
   1780.3052
   1786.0031
   1791.6666
   1797.2960
   1802.8911
   1808.4523
   1813.9794
   1819.4725
   1824.9319
   1830.3574
   1835.7493
   1841.1075
   1846.4323
   1851.7236
   1856.9817
   1862.2067
   1867.3987
   1872.5577
   1877.6840
   1882.7775
   1887.8384
   1892.8667
   1897.8628
   1902.8265
   1907.7583
   1912.6582
   1917.5264
   1922.3630
   1927.1683
   1931.9425
   1936.6853
   1941.3967
   1946.0765
   1950.7244
   1955.3406
   1959.9257
# Travel time at depth =  50.00 km.
   1209.8361
   1217.4242
   1225.0117
   1232.5983
   1240.1833
   1247.7664
   1255.3468
   1262.9243
   1270.4982
   1278.0679
   1285.6329
   1293.1926
   1300.7465
   1308.2937
   1315.8337
   1323.3661
   1330.8899
   1338.4045
   1345.9094
   1353.4037
   1360.8867
   1368.3578
   1375.8162
   1383.2611
   1390.6919
   1398.1077
   1405.5077
   1412.8912
   1420.2577
   1427.6061
   1434.9358
   1442.2461
   1449.5363
   1456.8054
   1464.0530
   1471.2782
   1478.4802
   1485.6584
   1492.8124
   1499.9412
   1507.0443
   1514.1211
   1521.1711
   1528.1936
   1535.1882
   1542.1544
   1549.0916
   1555.9993
   1562.8770
   1569.7244
   1576.5411
   1583.3267
   1590.0807
   1596.8030
   1603.4929
   1610.1505
   1616.7754
   1623.3672
   1629.9257
   1636.4507
   1642.9420
   1649.3994
   1655.8229
   1662.2123
   1668.5675
   1674.8883
   1681.1749
   1687.4269
   1693.6444
   1699.8273
   1705.9755
   1712.0889
   1718.1675
   1724.2113
   1730.2203
   1736.1947
   1742.1343
   1748.0391
   1753.9091
   1759.7444
   1765.5450
   1771.3110
   1777.0424
   1782.7391
   1788.4016
   1794.0299
   1799.6239
   1805.1840
   1810.7101
   1816.2023
   1821.6605
   1827.0851
   1832.4758
   1837.8330
   1843.1567
   1848.4471
   1853.7042
   1858.9283
   1864.1194
   1869.2775
   1874.4027
   1879.4952
   1884.5552
   1889.5826
   1894.5778
   1899.5408
   1904.4716
   1909.3706
   1914.2379
   1919.0737
   1923.8782
   1928.6515
   1933.3936
   1938.1041
   1942.7830
   1947.4301
   1952.0454
   1956.6298
# Travel time at depth =  75.00 km.
   1204.5280
   1212.1161
   1219.7036
   1227.2900
   1234.8749
   1242.4578
   1250.0381
   1257.6154
   1265.1888
   1272.7583
   1280.3230
   1287.8822
   1295.4355
   1302.9823
   1310.5219
   1318.0536
   1325.5768
   1333.0907
   1340.5948
   1348.0884
   1355.5706
   1363.0408
   1370.4982
   1377.9420
   1385.3717
   1392.7864
   1400.1853
   1407.5676
   1414.9327
   1422.2799
   1429.6083
   1436.9172
   1444.2059
   1451.4736
   1458.7196
   1465.9432
   1473.1437
   1480.3202
   1487.4724
   1494.5994
   1501.7008
   1508.7758
   1515.8240
   1522.8446
   1529.8373
   1536.8015
   1543.7367
   1550.6425
   1557.5182
   1564.3635
   1571.1782
   1577.9618
   1584.7137
   1591.4340
   1598.1218
   1604.7773
   1611.4000
   1617.9897
   1624.5463
   1631.0691
   1637.5583
   1644.0137
   1650.4351
   1656.8223
   1663.1754
   1669.4943
   1675.7787
   1682.0287
   1688.2441
   1694.4249
   1700.5710
   1706.6825
   1712.7590
   1718.8009
   1724.8080
   1730.7803
   1736.7179
   1742.6207
   1748.4889
   1754.3223
   1760.1210
   1765.8850
   1771.6145
   1777.3094
   1782.9701
   1788.5966
   1794.1887
   1799.7471
   1805.2714
   1810.7617
   1816.2183
   1821.6410
   1827.0302
   1832.3856
   1837.7076
   1842.9963
   1848.2518
   1853.4742
   1858.6637
   1863.8202
   1868.9438
   1874.0349
   1879.0933
   1884.1191
   1889.1128
   1894.0742
   1899.0035
   1903.9011
   1908.7670
   1913.6013
   1918.4044
   1923.1763
   1927.9170
   1932.6261
   1937.3036
   1941.9492
   1946.5632
   1951.1462
# Travel time at depth = 100.00 km.
   1199.2336
   1206.8218
   1214.4092
   1221.9955
   1229.5803
   1237.1630
   1244.7430
   1252.3201
   1259.8933
   1267.4624
   1275.0267
   1282.5856
   1290.1384
   1297.6847
   1305.2236
   1312.7548
   1320.2772
   1327.7905
   1335.2938
   1342.7866
   1350.2679
   1357.7372
   1365.1937
   1372.6366
   1380.0652
   1387.4788
   1394.8765
   1402.2576
   1409.6215
   1416.9673
   1424.2943
   1431.6018
   1438.8890
   1446.1552
   1453.3997
   1460.6216
   1467.8203
   1474.9952
   1482.1456
   1489.2710
   1496.3705
   1503.4437
   1510.4900
   1517.5088
   1524.4995
   1531.4618
   1538.3950
   1545.2987
   1552.1725
   1559.0159
   1565.8285
   1572.6099
   1579.3599
   1586.0779
   1592.7638
   1599.4171
   1606.0377
   1612.6254
   1619.1797
   1625.7004
   1632.1875
   1638.6407
   1645.0599
   1651.4452
   1657.7961
   1664.1129
   1670.3953
   1676.6432
   1682.8566
   1689.0353
   1695.1793
   1701.2887
   1707.3633
   1713.4031
   1719.4082
   1725.3785
   1731.3141
   1737.2150
   1743.0811
   1748.9126
   1754.7094
   1760.4716
   1766.1991
   1771.8922
   1777.5509
   1783.1755
   1788.7660
   1794.3224
   1799.8448
   1805.3335
   1810.7883
   1816.2094
   1821.5967
   1826.9504
   1832.2708
   1837.5577
   1842.8116
   1848.0323
   1853.2202
   1858.3750
   1863.4972
   1868.5865
   1873.6434
   1878.6677
   1883.6598
   1888.6198
   1893.5476
   1898.4436
   1903.3080
   1908.1410
   1912.9426
   1917.7131
   1922.4523
   1927.1600
   1931.8362
   1936.4803
   1941.0930
   1945.6747
# Travel time at depth = 150.00 km.
   1188.6827
   1196.2708
   1203.8580
   1211.4441
   1219.0287
   1226.6110
   1234.1907
   1241.7671
   1249.3397
   1256.9082
   1264.4717
   1272.0297
   1279.5815
   1287.1267
   1294.6646
   1302.1945
   1309.7156
   1317.2274
   1324.7292
   1332.2203
   1339.7000
   1347.1674
   1354.6218
   1362.0626
   1369.4891
   1376.9004
   1384.2957
   1391.6743
   1399.0356
   1406.3788
   1413.7030
   1421.0076
   1428.2917
   1435.5548
   1442.7961
   1450.0148
   1457.2102
   1464.3817
   1471.5286
   1478.6503
   1485.7461
   1492.8156
   1499.8580
   1506.8729
   1513.8599
   1520.8181
   1527.7474
   1534.6470
   1541.5167
   1548.3560
   1555.1643
   1561.9417
   1568.6873
   1575.4011
   1582.0828
   1588.7318
   1595.3481
   1601.9315
   1608.4814
   1614.9979
   1621.4807
   1627.9296
   1634.3446
   1640.7255
   1647.0723
   1653.3848
   1659.6628
   1665.9066
   1672.1157
   1678.2903
   1684.4302
   1690.5354
   1696.6058
   1702.6415
   1708.6426
   1714.6088
   1720.5404
   1726.4373
   1732.2994
   1738.1270
   1743.9198
   1749.6781
   1755.4017
   1761.0911
   1766.7461
   1772.3669
   1777.9536
   1783.5063
   1789.0253
   1794.5103
   1799.9615
   1805.3789
   1810.7628
   1816.1130
   1821.4299
   1826.7136
   1831.9641
   1837.1815
   1842.3660
   1847.5176
   1852.6364
   1857.7227
   1862.7762
   1867.7975
   1872.7864
   1877.7433
   1882.6681
   1887.5612
   1892.4225
   1897.2526
   1902.0513
   1906.8190
   1911.5553
   1916.2601
   1920.9333
   1925.5748
   1930.1847
   1934.7637
# Travel time at depth = 200.00 km.
   1178.1687
   1185.7566
   1193.3438
   1200.9297
   1208.5138
   1216.0958
   1223.6750
   1231.2509
   1238.8230
   1246.3906
   1253.9534
   1261.5105
   1269.0614
   1276.6055
   1284.1421
   1291.6707
   1299.1906
   1306.7008
   1314.2010
   1321.6904
   1329.1682
   1336.6337
   1344.0862
   1351.5249
   1358.9491
   1366.3580
   1373.7509
   1381.1270
   1388.4856
   1395.8259
   1403.1473
   1410.4490
   1417.7301
   1424.9900
   1432.2280
   1439.4434
   1446.6354
   1453.8032
   1460.9465
   1468.0646
   1475.1567
   1482.2224
   1489.2610
   1496.2720
   1503.2548
   1510.2091
   1517.1342
   1524.0297
   1530.8951
   1537.7302
   1544.5344
   1551.3074
   1558.0488
   1564.7583
   1571.4355
   1578.0803
   1584.6923
   1591.2711
   1597.8168
   1604.3289
   1610.8073
   1617.2517
   1623.6624
   1630.0389
   1636.3813
   1642.6896
   1648.9634
   1655.2028
   1661.4076
   1667.5779
   1673.7135
   1679.8145
   1685.8807
   1691.9122
   1697.9092
   1703.8713
   1709.7987
   1715.6915
   1721.5497
   1727.3732
   1733.1621
   1738.9164
   1744.6362
   1750.3217
   1755.9728
   1761.5898
   1767.1727
   1772.7218
   1778.2369
   1783.7183
   1789.1659
   1794.5797
   1799.9600
   1805.3068
   1810.6201
   1815.9003
   1821.1473
   1826.3613
   1831.5425
   1836.6907
   1841.8063
   1846.8892
   1851.9396
   1856.9576
   1861.9434
   1866.8971
   1871.8188
   1876.7089
   1881.5673
   1886.3943
   1891.1901
   1895.9547
   1900.6882
   1905.3901
   1910.0604
   1914.6990
   1919.3060
   1923.8823
# Travel time at depth = 250.00 km.
   1167.7610
   1175.3489
   1182.9358
   1190.5215
   1198.1053
   1205.6869
   1213.2656
   1220.8409
   1228.4124
   1235.9792
   1243.5411
   1251.0973
   1258.6472
   1266.1902
   1273.7256
   1281.2528
   1288.7712
   1296.2800
   1303.7786
   1311.2662
   1318.7421
   1326.2057
   1333.6560
   1341.0925
   1348.5144
   1355.9209
   1363.3113
   1370.6847
   1378.0406
   1385.3781
   1392.6965
   1399.9950
   1407.2731
   1414.5298
   1421.7644
   1428.9762
   1436.1647
   1443.3290
   1450.4685
   1457.5828
   1464.6711
   1471.7328
   1478.7675
   1485.7743
   1492.7532
   1499.7032
   1506.6241
   1513.5154
   1520.3766
   1527.2073
   1534.0071
   1540.7756
   1547.5127
   1554.2178
   1560.8905
   1567.5309
   1574.1383
   1580.7128
   1587.2539
   1593.7615
   1600.2354
   1606.6754
   1613.0815
   1619.4536
   1625.7916
   1632.0953
   1638.3647
   1644.5997
   1650.8002
   1656.9661
   1663.0974
   1669.1940
   1675.2560
   1681.2832
   1687.2758
   1693.2338
   1699.1570
   1705.0457
   1710.8997
   1716.7190
   1722.5039
   1728.2542
   1733.9698
   1739.6514
   1745.2986
   1750.9117
   1756.4908
   1762.0360
   1767.5474
   1773.0250
   1778.4688
   1783.8789
   1789.2555
   1794.5986
   1799.9084
   1805.1851
   1810.4286
   1815.6392
   1820.8168
   1825.9617
   1831.0739
   1836.1534
   1841.2004
   1846.2152
   1851.1978
   1856.1483
   1861.0669
   1865.9537
   1870.8091
   1875.6331
   1880.4258
   1885.1875
   1889.9180
   1894.6169
   1899.2843
   1903.9198
   1908.5239
   1913.0975
# Travel time at depth = 300.00 km.
   1157.5797
   1165.1674
   1172.7542
   1180.3396
   1187.9231
   1195.5043
   1203.0824
   1210.6571
   1218.2279
   1225.7939
   1233.3550
   1240.9102
   1248.4590
   1256.0007
   1263.5349
   1271.0607
   1278.5775
   1286.0847
   1293.5815
   1301.0674
   1308.5413
   1316.0028
   1323.4509
   1330.8851
   1338.3047
   1345.7086
   1353.0963
   1360.4670
   1367.8201
   1375.1545
   1382.4698
   1389.7653
   1397.0399
   1404.2932
   1411.5243
   1418.7325
   1425.9174
   1433.0779
   1440.2136
   1447.3239
   1454.4082
   1461.4658
   1468.4962
   1475.4990
   1482.4735
   1489.4193
   1496.3358
   1503.2227
   1510.0793
   1516.9055
   1523.7008
   1530.4650
   1537.1973
   1543.8978
   1550.5659
   1557.2015
   1563.8044
   1570.3741
   1576.9106
   1583.4136
   1589.8828
   1596.3181
   1602.7197
   1609.0872
   1615.4205
   1621.7196
   1627.9844
   1634.2148
   1640.4108
   1646.5721
   1652.6990
   1658.7911
   1664.8485
   1670.8715
   1676.8596
   1682.8132
   1688.7321
   1694.6165
   1700.4662
   1706.2812
   1712.0619
   1717.8079
   1723.5195
   1729.1969
   1734.8401
   1740.4491
   1746.0243
   1751.5656
   1757.0730
   1762.5466
   1767.9866
   1773.3929
   1778.7657
   1784.1051
   1789.4113
   1794.6841
   1799.9240
   1805.1310
   1810.3051
   1815.4463
   1820.5551
   1825.6311
   1830.6748
   1835.6862
   1840.6653
   1845.6125
   1850.5278
   1855.4114
   1860.2635
   1865.0844
   1869.8740
   1874.6327
   1879.3600
   1884.0559
   1888.7201
   1893.3525
   1897.9537
   1902.5244
# Travel time at depth = 400.00 km.
   1137.8749
   1145.4623
   1153.0487
   1160.6335
   1168.2163
   1175.7964
   1183.3735
   1190.9469
   1198.5161
   1206.0804
   1213.6395
   1221.1925
   1228.7390
   1236.2782
   1243.8096
   1251.3323
   1258.8459
   1266.3496
   1273.8428
   1281.3245
   1288.7943
   1296.2513
   1303.6948
   1311.1240
   1318.5383
   1325.9369
   1333.3188
   1340.6837
   1348.0306
   1355.3588
   1362.6675
   1369.9561
   1377.2238
   1384.4697
   1391.6934
   1398.8940
   1406.0709
   1413.2234
   1420.3510
   1427.4529
   1434.5286
   1441.5776
   1448.5992
   1455.5930
   1462.5585
   1469.4951
   1476.4023
   1483.2798
   1490.1271
   1496.9437
   1503.7295
   1510.4839
   1517.2065
   1523.8973
   1530.5557
   1537.1815
   1543.7745
   1550.3345
   1556.8610
   1563.3540
   1569.8135
   1576.2390
   1582.6307
   1588.9884
   1595.3120
   1601.6014
   1607.8566
   1614.0774
   1620.2637
   1626.4155
   1632.5327
   1638.6155
   1644.6636
   1650.6770
   1656.6559
   1662.6002
   1668.5100
   1674.3853
   1680.2260
   1686.0321
   1691.8037
   1697.5410
   1703.2439
   1708.9125
   1714.5471
   1720.1477
   1725.7144
   1731.2473
   1736.7465
   1742.2119
   1747.6438
   1753.0420
   1758.4069
   1763.7383
   1769.0365
   1774.3018
   1779.5339
   1784.7333
   1789.8999
   1795.0337
   1800.1350
   1805.2039
   1810.2402
   1815.2445
   1820.2166
   1825.1567
   1830.0652
   1834.9420
   1839.7874
   1844.6016
   1849.3846
   1854.1367
   1858.8575
   1863.5469
   1868.2046
   1872.8306
   1877.4255
   1881.9902
# Travel time at depth = 500.00 km.
   1119.8295
   1127.4165
   1135.0023
   1142.5864
   1150.1682
   1157.7472
   1165.3229
   1172.8947
   1180.4620
   1188.0244
   1195.5812
   1203.1317
   1210.6754
   1218.2115
   1225.7396
   1233.2589
   1240.7688
   1248.2684
   1255.7572
   1263.2345
   1270.6993
   1278.1512
   1285.5894
   1293.0129
   1300.4213
   1307.8136
   1315.1892
   1322.5472
   1329.8871
   1337.2080
   1344.5093
   1351.7900
   1359.0497
   1366.2875
   1373.5027
   1380.6945
   1387.8624
   1395.0059
   1402.1241
   1409.2166
   1416.2827
   1423.3218
   1430.3335
   1437.3173
   1444.2725
   1451.1987
   1458.0955
   1464.9624
   1471.7990
   1478.6050
   1485.3799
   1492.1234
   1498.8352
   1505.5149
   1512.1624
   1518.7771
   1525.3590
   1531.9078
   1538.4233
   1544.9053
   1551.3536
   1557.7682
   1564.1489
   1570.4957
   1576.8083
   1583.0869
   1589.3312
   1595.5411
   1601.7167
   1607.8578
   1613.9644
   1620.0365
   1626.0741
   1632.0770
   1638.0455
   1643.9796
   1649.8792
   1655.7441
   1661.5747
   1667.3708
   1673.1324
   1678.8599
   1684.5530
   1690.2119
   1695.8369
   1701.4280
   1706.9854
   1712.5089
   1717.9988
   1723.4551
   1728.8778
   1734.2671
   1739.6229
   1744.9456
   1750.2351
   1755.4917
   1760.7153
   1765.9061
   1771.0643
   1776.1899
   1781.2830
   1786.3436
   1791.3719
   1796.3682
   1801.3324
   1806.2649
   1811.1655
   1816.0348
   1820.8727
   1825.6794
   1830.4552
   1835.2000
   1839.9135
   1844.5955
   1849.2458
   1853.8646
   1858.4528
   1863.0107
# Travel time at depth = 600.00 km.
   1102.7559
   1110.3425
   1117.9276
   1125.5107
   1133.0914
   1140.6691
   1148.2432
   1155.8131
   1163.3784
   1170.9385
   1178.4926
   1186.0403
   1193.5808
   1201.1136
   1208.6381
   1216.1534
   1223.6591
   1231.1542
   1238.6382
   1246.1102
   1253.5697
   1261.0160
   1268.4480
   1275.8654
   1283.2671
   1290.6525
   1298.0209
   1305.3715
   1312.7036
   1320.0165
   1327.3093
   1334.5815
   1341.8324
   1349.0610
   1356.2668
   1363.4491
   1370.6073
   1377.7407
   1384.8488
   1391.9308
   1398.9863
   1406.0146
   1413.0155
   1419.9882
   1426.9321
   1433.8470
   1440.7324
   1447.5878
   1454.4128
   1461.2070
   1467.9702
   1474.7019
   1481.4017
   1488.0695
   1494.7050
   1501.3077
   1507.8776
   1514.4144
   1520.9178
   1527.3877
   1533.8241
   1540.2267
   1546.5955
   1552.9303
   1559.2311
   1565.4978
   1571.7303
   1577.9286
   1584.0925
   1590.2219
   1596.3170
   1602.3776
   1608.4037
   1614.3954
   1620.3527
   1626.2755
   1632.1638
   1638.0178
   1643.8375
   1649.6227
   1655.3737
   1661.0902
   1666.7728
   1672.4213
   1678.0359
   1683.6167
   1689.1638
   1694.6774
   1700.1572
   1705.6035
   1711.0165
   1716.3960
   1721.7422
   1727.0553
   1732.3353
   1737.5825
   1742.7970
   1747.9786
   1753.1277
   1758.2443
   1763.3285
   1768.3802
   1773.3999
   1778.3876
   1783.3433
   1788.2672
   1793.1597
   1798.0206
   1802.8505
   1807.6492
   1812.4170
   1817.1538
   1821.8594
   1826.5334
   1831.1760
   1835.7871
   1840.3678
   1844.9186
# Travel time at depth = 700.00 km.
   1086.9928
   1094.5787
   1102.1630
   1109.7450
   1117.3243
   1124.9003
   1132.4724
   1140.0403
   1147.6030
   1155.1603
   1162.7114
   1170.2557
   1177.7927
   1185.3217
   1192.8418
   1200.3525
   1207.8531
   1215.3431
   1222.8215
   1230.2877
   1237.7411
   1245.1807
   1252.6058
   1260.0159
   1267.4100
   1274.7876
   1282.1478
   1289.4899
   1296.8131
   1304.1169
   1311.4004
   1318.6628
   1325.9036
   1333.1219
   1340.3171
   1347.4886
   1354.6357
   1361.7578
   1368.8544
   1375.9247
   1382.9683
   1389.9845
   1396.9730
   1403.9333
   1410.8647
   1417.7670
   1424.6395
   1431.4819
   1438.2938
   1445.0750
   1451.8250
   1458.5433
   1465.2299
   1471.8843
   1478.5063
   1485.0957
   1491.6522
   1498.1755
   1504.6655
   1511.1221
   1517.5449
   1523.9342
   1530.2898
   1536.6113
   1542.8989
   1549.1525
   1555.3719
   1561.5571
   1567.7080
   1573.8246
   1579.9067
   1585.9546
   1591.9680
   1597.9471
   1603.8920
   1609.8024
   1615.6783
   1621.5201
   1627.3275
   1633.1007
   1638.8396
   1644.5444
   1650.2152
   1655.8522
   1661.4552
   1667.0247
   1672.5605
   1678.0627
   1683.5316
   1688.9669
   1694.3689
   1699.7377
   1705.0732
   1710.3757
   1715.6454
   1720.8822
   1726.0863
   1731.2578
   1736.3969
   1741.5035
   1746.5778
   1751.6199
   1756.6299
   1761.6079
   1766.5543
   1771.4689
   1776.3522
   1781.2041
   1786.0249
   1790.8148
   1795.5739
   1800.3019
   1804.9987
   1809.6639
   1814.2977
   1818.9004
   1823.4730
   1828.0159
# Modelling error(s)
   1   1
#
   4.000
#@(#)        iasp91.SKKSac     2.1     06/06/96
