# IASPEI travel-time table for phase: SKKSdf  
 14   Number of depth samples at the following depths (km):
    0.00   15.00   35.00   50.00   75.00  100.00  150.00  200.00  250.00  300.00
  400.00  500.00  600.00  700.00
 42   Number of distance samples at the following distances (deg):
    0.00    4.00    8.00   12.00   16.00   20.00   24.00   28.00   32.00   36.00
   40.00   44.00   48.00   52.00   56.00   60.00   64.00   68.00   72.00   76.00
   80.00   84.00   88.00   92.00   96.00  100.00  104.00  108.00  112.00  116.00
  120.00  124.00  128.00  132.00  136.00  140.00  144.00  148.00  152.00  156.00
  160.00  164.00
# Travel time at depth =   0.00 km.
   2337.2415
   2337.0769
   2336.5840
   2335.7632
   2334.6150
   2333.1406
   2331.3416
   2329.2195
   2326.7769
   2324.0164
   2320.9409
   2317.5542
   2313.8611
   2309.8660
   2305.5752
   2300.9951
   2296.1335
   2290.9995
   2285.6028
   2279.9551
   2274.0686
   2267.9580
   2261.6387
   2255.1270
   2248.4407
   2241.5977
   2234.6157
   2227.5129
   2220.3054
   2213.0090
   2205.6372
   2198.2024
   2190.7156
   2183.1858
   2175.6213
   2168.0288
   2160.4146
   2152.7832
   2145.1392
   2137.4866
   2129.8286
     -1.0000
# Travel time at depth =  15.00 km.
   2332.7771
   2332.6125
   2332.1196
   2331.2988
   2330.1509
   2328.6765
   2326.8777
   2324.7559
   2322.3135
   2319.5530
   2316.4778
   2313.0916
   2309.3987
   2305.4038
   2301.1133
   2296.5337
   2291.6726
   2286.5388
   2281.1426
   2275.4949
   2269.6089
   2263.4988
   2257.1794
   2250.6682
   2243.9822
   2237.1394
   2230.1577
   2223.0552
   2215.8479
   2208.5515
   2201.1799
   2193.7454
   2186.2585
   2178.7288
   2171.1643
   2163.5720
   2155.9575
   2148.3262
   2140.6824
   2133.0298
   2125.3718
     -1.0000
# Travel time at depth =  35.00 km.
   2327.2891
   2327.1248
   2326.6318
   2325.8110
   2324.6631
   2323.1892
   2321.3904
   2319.2688
   2316.8267
   2314.0667
   2310.9919
   2307.6060
   2303.9133
   2299.9192
   2295.6292
   2291.0498
   2286.1892
   2281.0559
   2275.6602
   2270.0132
   2264.1277
   2258.0181
   2251.6992
   2245.1885
   2238.5027
   2231.6604
   2224.6792
   2217.5767
   2210.3699
   2203.0737
   2195.7021
   2188.2676
   2180.7810
   2173.2515
   2165.6870
   2158.0947
   2150.4805
   2142.8491
   2135.2053
   2127.5527
   2119.8948
     -1.0000
# Travel time at depth =  50.00 km.
   2323.9353
   2323.7708
   2323.2781
   2322.4575
   2321.3096
   2319.8357
   2318.0374
   2315.9160
   2313.4741
   2310.7144
   2307.6399
   2304.2544
   2300.5620
   2296.5684
   2292.2786
   2287.7000
   2282.8396
   2277.7070
   2272.3115
   2266.6650
   2260.7800
   2254.6707
   2248.3525
   2241.8420
   2235.1567
   2228.3147
   2221.3337
   2214.2317
   2207.0249
   2199.7290
   2192.3577
   2184.9233
   2177.4370
   2169.9075
   2162.3433
   2154.7510
   2147.1367
   2139.5054
   2131.8616
   2124.2090
   2116.5510
     -1.0000
# Travel time at depth =  75.00 km.
   2318.3545
   2318.1902
   2317.6975
   2316.8770
   2315.7295
   2314.2559
   2312.4578
   2310.3367
   2307.8953
   2305.1360
   2302.0620
   2298.6772
   2294.9856
   2290.9924
   2286.7036
   2282.1255
   2277.2661
   2272.1343
   2266.7397
   2261.0940
   2255.2097
   2249.1013
   2242.7837
   2236.2739
   2229.5894
   2222.7478
   2215.7676
   2208.6658
   2201.4595
   2194.1638
   2186.7930
   2179.3589
   2171.8726
   2164.3433
   2156.7791
   2149.1870
   2141.5728
   2133.9417
   2126.2979
   2118.6453
   2110.9873
     -1.0000
# Travel time at depth = 100.00 km.
   2312.7849
   2312.6204
   2312.1279
   2311.3076
   2310.1602
   2308.6868
   2306.8892
   2304.7686
   2302.3276
   2299.5688
   2296.4954
   2293.1111
   2289.4202
   2285.4277
   2281.1396
   2276.5623
   2271.7039
   2266.5725
   2261.1790
   2255.5339
   2249.6506
   2243.5427
   2237.2261
   2230.7168
   2224.0330
   2217.1921
   2210.2122
   2203.1111
   2195.9050
   2188.6099
   2181.2393
   2173.8054
   2166.3193
   2158.7900
   2151.2261
   2143.6340
   2136.0200
   2128.3889
   2120.7451
   2113.0928
   2105.4348
     -1.0000
# Travel time at depth = 150.00 km.
   2301.6746
   2301.5103
   2301.0181
   2300.1980
   2299.0510
   2297.5784
   2295.7810
   2293.6614
   2291.2214
   2288.4636
   2285.3914
   2282.0083
   2278.3188
   2274.3276
   2270.0410
   2265.4653
   2260.6084
   2255.4788
   2250.0867
   2244.4434
   2238.5618
   2232.4556
   2226.1401
   2219.6326
   2212.9500
   2206.1101
   2199.1313
   2192.0312
   2184.8262
   2177.5315
   2170.1614
   2162.7283
   2155.2424
   2147.7136
   2140.1499
   2132.5581
   2124.9443
   2117.3132
   2109.6697
   2102.0173
   2094.3594
     -1.0000
# Travel time at depth = 200.00 km.
   2290.5906
   2290.4265
   2289.9343
   2289.1145
   2287.9680
   2286.4958
   2284.6995
   2282.5806
   2280.1414
   2277.3848
   2274.3137
   2270.9319
   2267.2437
   2263.2542
   2258.9690
   2254.3948
   2249.5393
   2244.4116
   2239.0212
   2233.3796
   2227.4993
   2221.3948
   2215.0811
   2208.5747
   2201.8936
   2195.0549
   2188.0774
   2180.9780
   2173.7739
   2166.4800
   2159.1106
   2151.6777
   2144.1924
   2136.6641
   2129.1006
   2121.5090
   2113.8953
   2106.2644
   2098.6211
   2090.9688
   2083.3108
     -1.0000
# Travel time at depth = 250.00 km.
   2279.5984
   2279.4341
   2278.9421
   2278.1228
   2276.9768
   2275.5051
   2273.7095
   2271.5916
   2269.1533
   2266.3977
   2263.3279
   2259.9473
   2256.2605
   2252.2725
   2247.9888
   2243.4163
   2238.5625
   2233.4363
   2228.0476
   2222.4077
   2216.5293
   2210.4263
   2204.1143
   2197.6094
   2190.9294
   2184.0923
   2177.1157
   2170.0176
   2162.8142
   2155.5210
   2148.1521
   2140.7200
   2133.2351
   2125.7070
   2118.1438
   2110.5525
   2102.9390
   2095.3083
   2087.6648
   2080.0125
   2072.3547
     -1.0000
# Travel time at depth = 300.00 km.
   2268.8105
   2268.6465
   2268.1548
   2267.3357
   2266.1902
   2264.7190
   2262.9241
   2260.8069
   2258.3699
   2255.6152
   2252.5466
   2249.1675
   2245.4822
   2241.4956
   2237.2134
   2232.6426
   2227.7905
   2222.6663
   2217.2793
   2211.6411
   2205.7644
   2199.6631
   2193.3525
   2186.8494
   2180.1709
   2173.3350
   2166.3596
   2159.2625
   2152.0601
   2144.7676
   2137.3994
   2129.9678
   2122.4834
   2114.9558
   2107.3928
   2099.8018
   2092.1885
   2084.5579
   2076.9146
   2069.2622
   2061.6045
     -1.0000
# Travel time at depth = 400.00 km.
   2247.8240
   2247.6602
   2247.1687
   2246.3506
   2245.2058
   2243.7363
   2241.9429
   2239.8274
   2237.3923
   2234.6404
   2231.5742
   2228.1978
   2224.5154
   2220.5320
   2216.2534
   2211.6860
   2206.8376
   2201.7170
   2196.3337
   2190.6995
   2184.8264
   2178.7288
   2172.4216
   2165.9216
   2159.2461
   2152.4128
   2145.4402
   2138.3450
   2131.1445
   2123.8538
   2116.4871
   2109.0564
   2101.5730
   2094.0461
   2086.4839
   2078.8933
   2071.2805
   2063.6501
   2056.0071
   2048.3550
   2040.6973
   2033.0369
# Travel time at depth = 500.00 km.
   2228.3408
   2228.1772
   2227.6863
   2226.8689
   2225.7253
   2224.2571
   2222.4653
   2220.3521
   2217.9194
   2215.1699
   2212.1067
   2208.7334
   2205.0544
   2201.0747
   2196.7998
   2192.2363
   2187.3921
   2182.2754
   2176.8965
   2171.2661
   2165.3972
   2159.3035
   2153.0002
   2146.5039
   2139.8318
   2133.0017
   2126.0315
   2118.9390
   2111.7405
   2104.4517
   2097.0864
   2089.6572
   2082.1748
   2074.6489
   2067.0874
   2059.4973
   2051.8848
   2044.2550
   2036.6121
   2028.9602
   2021.3026
   2013.6422
# Travel time at depth = 600.00 km.
   2209.7048
   2209.5413
   2209.0510
   2208.2344
   2207.0923
   2205.6255
   2203.8357
   2201.7246
   2199.2944
   2196.5476
   2193.4875
   2190.1177
   2186.4424
   2182.4663
   2178.1956
   2173.6362
   2168.7964
   2163.6841
   2158.3098
   2152.6841
   2146.8196
   2140.7300
   2134.4309
   2127.9385
   2121.2700
   2114.4431
   2107.4761
   2100.3862
   2093.1899
   2085.9031
   2078.5396
   2071.1118
   2063.6306
   2056.1055
   2048.5449
   2040.9556
   2033.3435
   2025.7140
   2018.0714
   2010.4197
   2002.7622
   1995.1018
# Travel time at depth = 700.00 km.
   2192.2019
   2192.0386
   2191.5488
   2190.7332
   2189.5923
   2188.1272
   2186.3396
   2184.2307
   2181.8035
   2179.0598
   2176.0032
   2172.6370
   2168.9656
   2164.9939
   2160.7275
   2156.1731
   2151.3379
   2146.2307
   2140.8611
   2135.2402
   2129.3809
   2123.2961
   2117.0017
   2110.5134
   2103.8489
   2097.0259
   2090.0620
   2082.9751
   2075.7815
   2068.4968
   2061.1350
   2053.7087
   2046.2289
   2038.7050
   2031.1453
   2023.5565
   2015.9451
   2008.3159
   2000.6737
   1993.0222
   1985.3649
   1977.7045
# Modelling error(s)
   1   1
#
   4.000
#@(#)        iasp91.SKKSdf     2.1     06/06/96
