# IASPEI travel-time table for phase: SKPbc   
 14   Number of depth samples at the following depths (km):
    0.00   15.00   35.00   50.00   75.00  100.00  150.00  200.00  250.00  300.00
  400.00  500.00  600.00  700.00
 20   Number of distance samples at the following distances (deg):
  130.00  131.00  132.00  133.00  134.00  135.00  136.00  137.00  138.00  139.00
  140.00  141.00  142.00  143.00  144.00  145.00  146.00  147.00  148.00  149.00
# Travel time at depth =   0.00 km.
   1354.7294
   1358.4563
   1362.0210
   1365.4590
   1368.7859
   1372.0117
   1375.1434
   1378.1864
   1381.1442
   1384.0199
   1386.8169
   1389.5378
   1392.1844
   1394.7584
   1397.2615
   1399.6951
   1402.0601
   1404.3574
   1406.5887
   1408.7559
# Travel time at depth =  15.00 km.
   1350.2952
   1354.0190
   1357.5818
   1361.0179
   1364.3435
   1367.5681
   1370.6986
   1373.7405
   1376.6973
   1379.5720
   1382.3682
   1385.0883
   1387.7340
   1390.3074
   1392.8096
   1395.2424
   1397.6068
   1399.9036
   1402.1344
   1404.3008
# Travel time at depth =  35.00 km.
   1344.8511
   1348.5706
   1352.1304
   1355.5641
   1358.8876
   1362.1102
   1365.2391
   1368.2794
   1371.2347
   1374.1080
   1376.9028
   1379.6217
   1382.2665
   1384.8386
   1387.3398
   1389.7717
   1392.1351
   1394.4309
   1396.6608
   1398.8264
# Travel time at depth =  50.00 km.
   1341.5377
   1345.2531
   1348.8102
   1352.2418
   1355.5632
   1358.7843
   1361.9115
   1364.9503
   1367.9043
   1370.7764
   1373.5699
   1376.2877
   1378.9314
   1381.5024
   1384.0028
   1386.4337
   1388.7963
   1391.0912
   1393.3203
   1395.4851
# Travel time at depth =  75.00 km.
   1336.0247
   1339.7334
   1343.2860
   1346.7139
   1350.0321
   1353.2502
   1356.3749
   1359.4113
   1362.3629
   1365.2328
   1368.0244
   1370.7404
   1373.3821
   1375.9515
   1378.4502
   1380.8795
   1383.2406
   1385.5341
   1387.7620
   1389.9254
# Travel time at depth = 100.00 km.
   1330.5229
   1334.2252
   1337.7732
   1341.1974
   1344.5123
   1347.7275
   1350.8495
   1353.8834
   1356.8328
   1359.7006
   1362.4901
   1365.2041
   1367.8441
   1370.4119
   1372.9088
   1375.3367
   1377.6962
   1379.9883
   1382.2147
   1384.3770
# Travel time at depth = 150.00 km.
   1319.5498
   1323.2393
   1326.7782
   1330.1948
   1333.5033
   1336.7125
   1339.8292
   1342.8582
   1345.8027
   1348.6661
   1351.4518
   1354.1619
   1356.7982
   1359.3624
   1361.8561
   1364.2808
   1366.6372
   1368.9264
   1371.1501
   1373.3097
# Travel time at depth = 200.00 km.
   1308.6042
   1312.2811
   1315.8110
   1319.2201
   1322.5220
   1325.7252
   1328.8364
   1331.8604
   1334.8003
   1337.6593
   1340.4407
   1343.1469
   1345.7795
   1348.3402
   1350.8306
   1353.2520
   1355.6053
   1357.8915
   1360.1125
   1362.2694
# Travel time at depth = 250.00 km.
   1297.7526
   1301.4170
   1304.9379
   1308.3392
   1311.6344
   1314.8317
   1317.9373
   1320.9561
   1323.8912
   1326.7457
   1329.5229
   1332.2251
   1334.8539
   1337.4110
   1339.8978
   1342.3160
   1344.6663
   1346.9495
   1349.1676
   1351.3217
# Travel time at depth = 300.00 km.
   1287.1093
   1290.7614
   1294.2728
   1297.6665
   1300.9547
   1304.1458
   1307.2457
   1310.2592
   1313.1893
   1316.0392
   1318.8121
   1321.5101
   1324.1350
   1326.6884
   1329.1718
   1331.5864
   1333.9335
   1336.2135
   1338.4288
   1340.5800
# Travel time at depth = 400.00 km.
   1266.4237
   1270.0511
   1273.5435
   1276.9209
   1280.1948
   1283.3729
   1286.4609
   1289.4634
   1292.3832
   1295.2234
   1297.9872
   1300.6766
   1303.2932
   1305.8387
   1308.3147
   1310.7223
   1313.0624
   1315.3361
   1317.5452
   1319.6902
# Travel time at depth = 500.00 km.
   1247.2710
   1250.8724
   1254.3442
   1257.7040
   1260.9623
   1264.1261
   1267.2012
   1270.1914
   1273.0997
   1275.9292
   1278.6830
   1281.3628
   1283.9705
   1286.5073
   1288.9750
   1291.3748
   1293.7073
   1295.9736
   1298.1760
   1300.3142
# Travel time at depth = 600.00 km.
   1228.9867
   1232.5616
   1236.0120
   1239.3531
   1242.5948
   1245.7435
   1248.8047
   1251.7819
   1254.6780
   1257.4961
   1260.2391
   1262.9087
   1265.5066
   1268.0342
   1270.4930
   1272.8844
   1275.2087
   1277.4675
   1279.6626
   1281.7933
# Travel time at depth = 700.00 km.
   1211.8661
   1215.4133
   1218.8408
   1222.1620
   1225.3857
   1228.5181
   1231.5641
   1234.5271
   1237.4098
   1240.2156
   1242.9468
   1245.6052
   1248.1924
   1250.7098
   1253.1591
   1255.5411
   1257.8566
   1260.1069
   1262.2941
   1264.4165
# Modelling error(s)
   1   1
#
   1.500
#@(#)        iasp91.SKPbc     2.1     06/06/96
