# IASPEI travel-time table for phase: SKPdf   
 14   Number of depth samples at the following depths (km):
    0.00   15.00   35.00   50.00   75.00  100.00  150.00  200.00  250.00  300.00
  400.00  500.00  600.00  700.00
 36   Number of distance samples at the following distances (deg):
  110.00  112.00  114.00  116.00  118.00  120.00  122.00  124.00  126.00  128.00
  130.00  132.00  134.00  136.00  138.00  140.00  142.00  144.00  146.00  148.00
  150.00  152.00  154.00  156.00  158.00  160.00  162.00  164.00  166.00  168.00
  170.00  172.00  174.00  176.00  178.00  180.00
# Travel time at depth =   0.00 km.
   1329.9098
   1333.7393
   1337.5664
   1341.3895
   1345.2069
   1349.0164
   1352.8151
   1356.6003
   1360.3683
   1364.1149
   1367.8350
   1371.5223
   1375.1698
   1378.7692
   1382.3104
   1385.7828
   1389.1740
   1392.4711
   1395.6609
   1398.7301
   1401.6660
   1404.4567
   1407.0914
   1409.5609
   1411.8567
   1413.9718
   1415.9001
   1417.6367
   1419.1774
   1420.5188
   1421.6580
   1422.5929
   1423.3218
   1423.8433
   1424.1566
   1424.2611
# Travel time at depth =  15.00 km.
   1325.4529
   1329.2823
   1333.1095
   1336.9327
   1340.7500
   1344.5593
   1348.3582
   1352.1433
   1355.9113
   1359.6577
   1363.3776
   1367.0648
   1370.7123
   1374.3114
   1377.8524
   1381.3245
   1384.7153
   1388.0122
   1391.2015
   1394.2704
   1397.2058
   1399.9961
   1402.6305
   1405.0995
   1407.3949
   1409.5095
   1411.4375
   1413.1737
   1414.7141
   1416.0552
   1417.1942
   1418.1289
   1418.8577
   1419.3790
   1419.6923
   1419.7968
# Travel time at depth =  35.00 km.
   1319.9760
   1323.8053
   1327.6324
   1331.4556
   1335.2729
   1339.0823
   1342.8809
   1346.6660
   1350.4338
   1354.1802
   1357.8999
   1361.5869
   1365.2341
   1368.8329
   1372.3737
   1375.8453
   1379.2357
   1382.5321
   1385.7209
   1388.7892
   1391.7240
   1394.5137
   1397.1475
   1399.6158
   1401.9105
   1404.0247
   1405.9520
   1407.6877
   1409.2278
   1410.5684
   1411.7070
   1412.6415
   1413.3700
   1413.8912
   1414.2043
   1414.3088
# Travel time at depth =  50.00 km.
   1316.6322
   1320.4615
   1324.2887
   1328.1118
   1331.9291
   1335.7384
   1339.5370
   1343.3219
   1347.0897
   1350.8359
   1354.5554
   1358.2423
   1361.8893
   1365.4879
   1369.0283
   1372.4996
   1375.8896
   1379.1855
   1382.3739
   1385.4415
   1388.3759
   1391.1649
   1393.7981
   1396.2659
   1398.5601
   1400.6736
   1402.6005
   1404.3358
   1405.8754
   1407.2156
   1408.3540
   1409.2882
   1410.0165
   1410.5375
   1410.8506
   1410.9550
# Travel time at depth =  75.00 km.
   1311.0685
   1314.8978
   1318.7250
   1322.5480
   1326.3652
   1330.1744
   1333.9729
   1337.7577
   1341.5253
   1345.2714
   1348.9906
   1352.6772
   1356.3237
   1359.9219
   1363.4618
   1366.9325
   1370.3219
   1373.6169
   1376.8044
   1379.8712
   1382.8046
   1385.5927
   1388.2249
   1390.6917
   1392.9850
   1395.0977
   1397.0237
   1398.7582
   1400.2970
   1401.6367
   1402.7745
   1403.7083
   1404.4362
   1404.9570
   1405.2699
   1405.3743
# Travel time at depth = 100.00 km.
   1305.5159
   1309.3452
   1313.1722
   1316.9954
   1320.8125
   1324.6216
   1328.4199
   1332.2047
   1335.9720
   1339.7179
   1343.4369
   1347.1232
   1350.7694
   1354.3671
   1357.9065
   1361.3766
   1364.7653
   1368.0594
   1371.2462
   1374.3120
   1377.2444
   1380.0315
   1382.6627
   1385.1285
   1387.4209
   1389.5326
   1391.4579
   1393.1915
   1394.7297
   1396.0687
   1397.2061
   1398.1393
   1398.8669
   1399.3875
   1399.7002
   1399.8046
# Travel time at depth = 150.00 km.
   1294.4404
   1298.2698
   1302.0968
   1305.9197
   1309.7368
   1313.5457
   1317.3439
   1321.1283
   1324.8954
   1328.6407
   1332.3593
   1336.0449
   1339.6903
   1343.2871
   1346.8254
   1350.2942
   1353.6815
   1356.9742
   1360.1592
   1363.2231
   1366.1536
   1368.9387
   1371.5679
   1374.0319
   1376.3221
   1378.4321
   1380.3556
   1382.0878
   1383.6244
   1384.9622
   1386.0984
   1387.0308
   1387.7577
   1388.2777
   1388.5901
   1388.6943
# Travel time at depth = 200.00 km.
   1283.3918
   1287.2212
   1291.0481
   1294.8710
   1298.6879
   1302.4966
   1306.2946
   1310.0787
   1313.8455
   1317.5903
   1321.3083
   1324.9933
   1328.6379
   1332.2339
   1335.7711
   1339.2386
   1342.6245
   1345.9155
   1349.0988
   1352.1609
   1355.0894
   1357.8724
   1360.4996
   1362.9614
   1365.2499
   1367.3579
   1369.2797
   1371.0101
   1372.5454
   1373.8820
   1375.0170
   1375.9485
   1376.6746
   1377.1942
   1377.5062
   1377.6104
# Travel time at depth = 250.00 km.
   1272.4358
   1276.2651
   1280.0920
   1283.9148
   1287.7316
   1291.5402
   1295.3379
   1299.1217
   1302.8881
   1306.6326
   1310.3500
   1314.0343
   1317.6781
   1321.2731
   1324.8091
   1328.2754
   1331.6598
   1334.9492
   1338.1306
   1341.1908
   1344.1172
   1346.8982
   1349.5233
   1351.9830
   1354.2695
   1356.3756
   1358.2955
   1360.0244
   1361.5582
   1362.8933
   1364.0273
   1364.9579
   1365.6832
   1366.2023
   1366.5140
   1366.6180
# Travel time at depth = 300.00 km.
   1261.6857
   1265.5149
   1269.3417
   1273.1644
   1276.9811
   1280.7894
   1284.5869
   1288.3705
   1292.1364
   1295.8804
   1299.5973
   1303.2809
   1306.9240
   1310.5178
   1314.0527
   1317.5177
   1320.9005
   1324.1882
   1327.3678
   1330.4259
   1333.3502
   1336.1292
   1338.7521
   1341.2097
   1343.4940
   1345.5981
   1347.5162
   1349.2434
   1350.7756
   1352.1094
   1353.2422
   1354.1718
   1354.8964
   1355.4149
   1355.7263
   1355.8302
# Travel time at depth = 400.00 km.
   1240.7784
   1244.6077
   1248.4343
   1252.2568
   1256.0731
   1259.8811
   1263.6781
   1267.4609
   1271.2261
   1274.9691
   1278.6848
   1282.3669
   1286.0082
   1289.6000
   1293.1324
   1296.5946
   1299.9741
   1303.2583
   1306.4338
   1309.4878
   1312.4077
   1315.1820
   1317.8004
   1320.2535
   1322.5336
   1324.6335
   1326.5477
   1328.2712
   1329.8002
   1331.1311
   1332.2615
   1333.1890
   1333.9120
   1334.4293
   1334.7401
   1334.8438
# Travel time at depth = 500.00 km.
   1221.3837
   1225.2129
   1229.0393
   1232.8616
   1236.6776
   1240.4851
   1244.2815
   1248.0637
   1251.8280
   1255.5698
   1259.2842
   1262.9646
   1266.6039
   1270.1934
   1273.7230
   1277.1820
   1280.5579
   1283.8380
   1287.0092
   1290.0583
   1292.9734
   1295.7427
   1298.3560
   1300.8041
   1303.0792
   1305.1746
   1307.0845
   1308.8041
   1310.3293
   1311.6571
   1312.7847
   1313.7100
   1314.4313
   1314.9473
   1315.2572
   1315.3607
# Travel time at depth = 600.00 km.
   1202.8433
   1206.6724
   1210.4987
   1214.3207
   1218.1364
   1221.9434
   1225.7391
   1229.5205
   1233.2838
   1237.0244
   1240.7373
   1244.4159
   1248.0531
   1251.6399
   1255.1666
   1258.6221
   1261.9940
   1265.2698
   1268.4360
   1271.4802
   1274.3899
   1277.1538
   1279.7616
   1282.2043
   1284.4742
   1286.5647
   1288.4698
   1290.1852
   1291.7065
   1293.0309
   1294.1555
   1295.0784
   1295.7977
   1296.3124
   1296.6215
   1296.7247
# Travel time at depth = 700.00 km.
   1185.4459
   1189.2749
   1193.1011
   1196.9227
   1200.7379
   1204.5444
   1208.3395
   1212.1200
   1215.8821
   1219.6215
   1223.3326
   1227.0093
   1230.6440
   1234.2280
   1237.7513
   1241.2029
   1244.5706
   1247.8414
   1251.0024
   1254.0410
   1256.9447
   1259.7026
   1262.3044
   1264.7412
   1267.0054
   1269.0903
   1270.9904
   1272.7009
   1274.2181
   1275.5387
   1276.6600
   1277.5802
   1278.2975
   1278.8107
   1279.1189
   1279.2217
# Modelling error(s)
   1   1
#
   1.200
#@(#)        iasp91.SKPdf     2.1     06/06/96
