# IASPEI travel-time table for phase: SKSdf   
 14   Number of depth samples at the following depths (km):
    0.00   15.00   35.00   50.00   75.00  100.00  150.00  200.00  250.00  300.00
  400.00  500.00  600.00  700.00
 39   Number of distance samples at the following distances (deg):
  104.00  106.00  108.00  110.00  112.00  114.00  116.00  118.00  120.00  122.00
  124.00  126.00  128.00  130.00  132.00  134.00  136.00  138.00  140.00  142.00
  144.00  146.00  148.00  150.00  152.00  154.00  156.00  158.00  160.00  162.00
  164.00  166.00  168.00  170.00  172.00  174.00  176.00  178.00  180.00
# Travel time at depth =   0.00 km.
   1535.1506
   1538.9807
   1542.8092
   1546.6345
   1550.4550
   1554.2686
   1558.0730
   1561.8656
   1565.6431
   1569.4017
   1573.1371
   1576.8441
   1580.5167
   1584.1477
   1587.7294
   1591.2524
   1594.7074
   1598.0836
   1601.3704
   1604.5568
   1607.6324
   1610.5873
   1613.4121
   1616.0985
   1618.6390
   1621.0270
   1623.2567
   1625.3230
   1627.2218
   1628.9491
   1630.5021
   1631.8779
   1633.0743
   1634.0897
   1634.9224
   1635.5712
   1636.0352
   1636.3138
   1636.4069
# Travel time at depth =  15.00 km.
   1530.6938
   1534.5239
   1538.3523
   1542.1776
   1545.9982
   1549.8116
   1553.6161
   1557.4086
   1561.1859
   1564.9446
   1568.6798
   1572.3867
   1576.0592
   1579.6901
   1583.2715
   1586.7944
   1590.2490
   1593.6249
   1596.9114
   1600.0974
   1603.1727
   1606.1272
   1608.9517
   1611.6377
   1614.1779
   1616.5654
   1618.7947
   1620.8607
   1622.7592
   1624.4862
   1626.0388
   1627.4144
   1628.6107
   1629.6259
   1630.4583
   1631.1069
   1631.5709
   1631.8495
   1631.9425
# Travel time at depth =  35.00 km.
   1525.2168
   1529.0469
   1532.8754
   1536.7007
   1540.5210
   1544.3346
   1548.1389
   1551.9313
   1555.7086
   1559.4670
   1563.2023
   1566.9089
   1570.5812
   1574.2118
   1577.7930
   1581.3156
   1584.7698
   1588.1453
   1591.4313
   1594.6168
   1597.6915
   1600.6455
   1603.4694
   1606.1548
   1608.6943
   1611.0814
   1613.3102
   1615.3757
   1617.2736
   1619.0002
   1620.5525
   1621.9277
   1623.1237
   1624.1385
   1624.9707
   1625.6193
   1626.0830
   1626.3616
   1626.4546
# Travel time at depth =  50.00 km.
   1521.8732
   1525.7031
   1529.5316
   1533.3568
   1537.1772
   1540.9907
   1544.7950
   1548.5873
   1552.3645
   1556.1229
   1559.8579
   1563.5645
   1567.2366
   1570.8669
   1574.4478
   1577.9701
   1581.4240
   1584.7991
   1588.0846
   1591.2698
   1594.3440
   1597.2974
   1600.1207
   1602.8057
   1605.3447
   1607.7312
   1609.9595
   1612.0245
   1613.9220
   1615.6483
   1617.2002
   1618.5751
   1619.7706
   1620.7853
   1621.6173
   1622.2656
   1622.7294
   1623.0078
   1623.1007
# Travel time at depth =  75.00 km.
   1516.3093
   1520.1394
   1523.9678
   1527.7931
   1531.6134
   1535.4268
   1539.2310
   1543.0232
   1546.8003
   1550.5585
   1554.2932
   1557.9995
   1561.6713
   1565.3013
   1568.8817
   1572.4034
   1575.8568
   1579.2312
   1582.5160
   1585.7004
   1588.7738
   1591.7263
   1594.5488
   1597.2329
   1599.7710
   1602.1567
   1604.3842
   1606.4484
   1608.3451
   1610.0707
   1611.6219
   1612.9962
   1614.1914
   1615.2056
   1616.0372
   1616.6853
   1617.1488
   1617.4271
   1617.5200
# Travel time at depth = 100.00 km.
   1510.7568
   1514.5868
   1518.4152
   1522.2404
   1526.0607
   1529.8740
   1533.6781
   1537.4702
   1541.2471
   1545.0051
   1548.7397
   1552.4457
   1556.1171
   1559.7467
   1563.3267
   1566.8479
   1570.3007
   1573.6744
   1576.9585
   1580.1421
   1583.2147
   1586.1664
   1588.9879
   1591.6711
   1594.2084
   1596.5931
   1598.8198
   1600.8833
   1602.7792
   1604.5040
   1606.0547
   1607.4285
   1608.6230
   1609.6368
   1610.4681
   1611.1158
   1611.5792
   1611.8574
   1611.9503
# Travel time at depth = 150.00 km.
   1499.6814
   1503.5114
   1507.3397
   1511.1648
   1514.9850
   1518.7982
   1522.6022
   1526.3939
   1530.1705
   1533.9282
   1537.6624
   1541.3678
   1545.0385
   1548.6674
   1552.2463
   1555.7666
   1559.2181
   1562.5905
   1565.8730
   1569.0551
   1572.1260
   1575.0759
   1577.8958
   1580.5770
   1583.1125
   1585.4956
   1587.7205
   1589.7823
   1591.6768
   1593.4003
   1594.9496
   1596.3221
   1597.5157
   1598.5286
   1599.3593
   1600.0065
   1600.4694
   1600.7473
   1600.8401
# Travel time at depth = 200.00 km.
   1488.6328
   1492.4628
   1496.2911
   1500.1162
   1503.9363
   1507.7493
   1511.5530
   1515.3446
   1519.1208
   1522.8781
   1526.6118
   1530.3167
   1533.9867
   1537.6147
   1541.1929
   1544.7119
   1548.1622
   1551.5333
   1554.8143
   1557.9948
   1561.0638
   1564.0121
   1566.8300
   1569.5095
   1572.0431
   1574.4244
   1576.6476
   1578.7078
   1580.6007
   1582.3228
   1583.8707
   1585.2421
   1586.4347
   1587.4467
   1588.2766
   1588.9232
   1589.3857
   1589.6635
   1589.7561
# Travel time at depth = 250.00 km.
   1477.6769
   1481.5068
   1485.3351
   1489.1600
   1492.9800
   1496.7928
   1500.5963
   1504.3877
   1508.1637
   1511.9205
   1515.6537
   1519.3580
   1523.0273
   1526.6545
   1530.2317
   1533.7496
   1537.1987
   1540.5684
   1543.8479
   1547.0266
   1550.0940
   1553.0403
   1555.8563
   1558.5339
   1561.0658
   1563.4452
   1565.6666
   1567.7251
   1569.6165
   1571.3370
   1572.8837
   1574.2539
   1575.4454
   1576.4564
   1577.2856
   1577.9316
   1578.3937
   1578.6711
   1578.7638
# Travel time at depth = 300.00 km.
   1466.9266
   1470.7566
   1474.5847
   1478.4097
   1482.2295
   1486.0422
   1489.8455
   1493.6366
   1497.4122
   1501.1687
   1504.9014
   1508.6051
   1512.2737
   1515.9000
   1519.4762
   1522.9930
   1526.4407
   1529.8088
   1533.0868
   1536.2638
   1539.3293
   1542.2737
   1545.0879
   1547.7635
   1550.2933
   1552.6709
   1554.8905
   1556.9473
   1558.8370
   1560.5560
   1562.1013
   1563.4702
   1564.6606
   1565.6708
   1566.4991
   1567.1445
   1567.6062
   1567.8834
   1567.9760
# Travel time at depth = 400.00 km.
   1446.0194
   1449.8494
   1453.6775
   1457.5022
   1461.3218
   1465.1342
   1468.9370
   1472.7275
   1476.5024
   1480.2579
   1483.9896
   1487.6920
   1491.3591
   1494.9836
   1498.5576
   1502.0720
   1505.5170
   1508.8821
   1512.1566
   1515.3298
   1518.3916
   1521.3320
   1524.1421
   1526.8136
   1529.3394
   1531.7129
   1533.9287
   1535.9818
   1537.8680
   1539.5839
   1541.1262
   1542.4926
   1543.6807
   1544.6888
   1545.5156
   1546.1598
   1546.6205
   1546.8972
   1546.9895
# Travel time at depth = 500.00 km.
   1426.6248
   1430.4546
   1434.2826
   1438.1071
   1441.9264
   1445.7384
   1449.5408
   1453.3306
   1457.1047
   1460.8594
   1464.5897
   1468.2908
   1471.9561
   1475.5786
   1479.1503
   1482.6619
   1486.1038
   1489.4653
   1492.7361
   1495.9053
   1498.9628
   1501.8987
   1504.7041
   1507.3711
   1509.8923
   1512.2615
   1514.4730
   1516.5220
   1518.4044
   1520.1167
   1521.6559
   1523.0193
   1524.2048
   1525.2108
   1526.0358
   1526.6785
   1527.1382
   1527.4143
   1527.5063
# Travel time at depth = 600.00 km.
   1408.0844
   1411.9142
   1415.7419
   1419.5663
   1423.3853
   1427.1969
   1430.9987
   1434.7878
   1438.5612
   1442.3146
   1446.0437
   1449.7432
   1453.4066
   1457.0270
   1460.5959
   1464.1046
   1467.5431
   1470.9010
   1474.1676
   1477.3324
   1480.3851
   1483.3163
   1486.1168
   1488.7789
   1491.2952
   1493.6595
   1495.8665
   1497.9111
   1499.7894
   1501.4979
   1503.0336
   1504.3938
   1505.5767
   1506.5803
   1507.4032
   1508.0444
   1508.5031
   1508.7784
   1508.8704
# Travel time at depth = 700.00 km.
   1390.6870
   1394.5167
   1398.3445
   1402.1685
   1405.9871
   1409.7982
   1413.5994
   1417.3878
   1421.1602
   1424.9124
   1428.6401
   1432.3378
   1435.9991
   1439.6169
   1443.1831
   1446.6885
   1450.1232
   1453.4769
   1456.7390
   1459.8989
   1462.9465
   1465.8723
   1468.6675
   1471.3241
   1473.8350
   1476.1941
   1478.3959
   1480.4357
   1482.3094
   1484.0138
   1485.5455
   1486.9025
   1488.0823
   1489.0833
   1489.9042
   1490.5437
   1491.0011
   1491.2758
   1491.3674
# Modelling error(s)
   1   1
#
   1.700
#@(#)        iasp91.SKSdf     2.1     06/06/96
