# IASPEI travel-time table for phase: S'S'ac  
 14   Number of depth samples at the following depths (km):
    0.00   15.00   35.00   50.00   75.00  100.00  150.00  200.00  250.00  300.00
  400.00  500.00  600.00  700.00
 55   Number of distance samples at the following distances (deg):
   72.00   74.00   76.00   78.00   80.00   82.00   84.00   86.00   88.00   90.00
   92.00   94.00   96.00   98.00  100.00  102.00  104.00  106.00  108.00  110.00
  112.00  114.00  116.00  118.00  120.00  122.00  124.00  126.00  128.00  130.00
  132.00  134.00  136.00  138.00  140.00  142.00  144.00  146.00  148.00  150.00
  152.00  154.00  156.00  158.00  160.00  162.00  164.00  166.00  168.00  170.00
  172.00  174.00  176.00  178.00  180.00
# Travel time at depth =   0.00 km.
   3231.9668
   3227.7288
   3223.3823
   3218.9314
   3214.3748
   3209.7102
   3204.9375
   3200.0564
   3195.0664
   3189.9666
   3184.7561
   3179.4346
   3174.0010
   3168.4546
   3162.7949
   3157.0205
   3151.1296
   3145.1218
   3138.9961
   3132.7517
   3126.3872
   3119.9016
   3113.2935
   3106.5615
   3099.7043
   3092.7207
   3085.6089
   2445.3728
   2460.5486
   2475.7202
   2490.8833
   2506.0327
   2521.1633
   2536.2681
   2551.3398
   2566.3699
   2581.3477
   2596.2620
   2611.0991
   2625.8438
   2640.4792
   2654.9873
   2669.3489
   2683.5459
   2697.5615
   2711.3813
   2724.9939
   2738.3911
   2751.5674
   2764.5193
   2777.2473
   2789.7532
   2802.0386
   2814.1060
   2825.9590
# Travel time at depth =  15.00 km.
   3227.5115
   3223.2737
   3218.9277
   3214.4775
   3209.9211
   3205.2573
   3200.4851
   3195.6045
   3190.6150
   3185.5159
   3180.3059
   3174.9851
   3169.5520
   3164.0063
   3158.3474
   3152.5737
   3146.6836
   3140.6763
   3134.5513
   3128.3076
   3121.9441
   3115.4592
   3108.8521
   3102.1208
   3095.2646
   3088.2817
   3081.1709
   2441.0278
   2456.2034
   2471.3750
   2486.5378
   2501.6870
   2516.8171
   2531.9216
   2546.9929
   2562.0220
   2576.9990
   2591.9121
   2606.7480
   2621.4910
   2636.1248
   2650.6309
   2664.9900
   2679.1843
   2693.1973
   2707.0142
   2720.6238
   2734.0181
   2747.1909
   2760.1399
   2772.8650
   2785.3679
   2797.6506
   2809.7153
   2821.5659
# Travel time at depth =  35.00 km.
   3222.0366
   3217.7996
   3213.4543
   3209.0046
   3204.4492
   3199.7859
   3195.0144
   3190.1348
   3185.1460
   3180.0476
   3174.8386
   3169.5186
   3164.0864
   3158.5417
   3152.8838
   3147.1111
   3141.2219
   3135.2158
   3129.0918
   3122.8494
   3116.4871
   3110.0034
   3103.3972
   3096.6672
   3089.8123
   3082.8308
   3075.7214
   2435.7141
   2450.8896
   2466.0610
   2481.2236
   2496.3726
   2511.5022
   2526.6060
   2541.6763
   2556.7043
   2571.6799
   2586.5916
   2601.4253
   2616.1663
   2630.7971
   2645.3003
   2659.6560
   2673.8467
   2687.8552
   2701.6680
   2715.2732
   2728.6628
   2741.8315
   2754.7761
   2767.4968
   2779.9956
   2792.2739
   2804.3350
   2816.1814
# Travel time at depth =  50.00 km.
   3218.6948
   3214.4585
   3210.1138
   3205.6648
   3201.1099
   3196.4475
   3191.6768
   3186.7976
   3181.8096
   3176.7122
   3171.5039
   3166.1848
   3160.7534
   3155.2097
   3149.5525
   3143.7808
   3137.8926
   3131.8875
   3125.7644
   3119.5229
   3113.1616
   3106.6790
   3100.0740
   3093.3455
   3086.4915
   3079.5112
   3072.4031
   2432.5225
   2447.6980
   2462.8691
   2478.0315
   2493.1802
   2508.3093
   2523.4124
   2538.4819
   2553.5090
   2568.4834
   2583.3933
   2598.2253
   2612.9641
   2627.5925
   2642.0928
   2656.4453
   2670.6323
   2684.6372
   2698.4460
   2712.0471
   2725.4326
   2738.5969
   2751.5374
   2764.2542
   2776.7488
   2789.0234
   2801.0808
   2812.9238
# Travel time at depth =  75.00 km.
   3213.1343
   3208.8989
   3204.5554
   3200.1074
   3195.5537
   3190.8926
   3186.1230
   3181.2451
   3176.2583
   3171.1621
   3165.9553
   3160.6375
   3155.2075
   3149.6653
   3144.0098
   3138.2393
   3132.3528
   3126.3494
   3120.2280
   3113.9883
   3107.6287
   3101.1479
   3094.5449
   3087.8181
   3080.9663
   3073.9883
   3066.8821
   2427.2144
   2442.3899
   2457.5608
   2472.7227
   2487.8708
   2502.9990
   2518.1011
   2533.1692
   2548.1943
   2563.1667
   2578.0742
   2592.9031
   2607.6382
   2622.2625
   2636.7578
   2651.1050
   2665.2859
   2679.2844
   2693.0864
   2706.6807
   2720.0591
   2733.2166
   2746.1499
   2758.8599
   2771.3481
   2783.6162
   2795.6675
   2807.5044
# Travel time at depth = 100.00 km.
   3207.5850
   3203.3508
   3199.0083
   3194.5615
   3190.0088
   3185.3486
   3180.5803
   3175.7039
   3170.7185
   3165.6235
   3160.4180
   3155.1016
   3149.6731
   3144.1321
   3138.4780
   3132.7095
   3126.8245
   3120.8225
   3114.7031
   3108.4651
   3102.1072
   3095.6284
   3089.0271
   3082.3025
   3075.4526
   3068.4766
   3061.3726
   2421.9202
   2437.0955
   2452.2661
   2467.4277
   2482.5750
   2497.7024
   2512.8035
   2527.8701
   2542.8936
   2557.8638
   2572.7686
   2587.5945
   2602.3257
   2616.9458
   2631.4360
   2645.7778
   2659.9529
   2673.9448
   2687.7400
   2701.3271
   2714.6985
   2727.8489
   2740.7751
   2753.4783
   2765.9600
   2778.2217
   2790.2664
   2802.0974
# Travel time at depth = 150.00 km.
   3196.5161
   3192.2842
   3187.9438
   3183.4993
   3178.9490
   3174.2913
   3169.5254
   3164.6514
   3159.6685
   3154.5762
   3149.3735
   3144.0598
   3138.6343
   3133.0964
   3127.4453
   3121.6797
   3115.7981
   3109.7996
   3103.6836
   3097.4490
   3091.0950
   3084.6199
   3078.0225
   3071.3018
   3064.4561
   3057.4841
   3050.3845
   2411.3691
   2426.5444
   2441.7144
   2456.8750
   2472.0212
   2487.1467
   2502.2454
   2517.3091
   2532.3291
   2547.2949
   2562.1943
   2577.0137
   2591.7375
   2606.3486
   2620.8291
   2635.1594
   2649.3220
   2663.3010
   2677.0823
   2690.6553
   2704.0122
   2717.1482
   2730.0603
   2742.7495
   2755.2178
   2767.4663
   2779.4985
   2791.3174
# Travel time at depth = 200.00 km.
   3185.4741
   3181.2446
   3176.9065
   3172.4641
   3167.9163
   3163.2610
   3158.4976
   3153.6260
   3148.6458
   3143.5562
   3138.3564
   3133.0454
   3127.6230
   3122.0881
   3116.4402
   3110.6777
   3104.7996
   3098.8044
   3092.6919
   3086.4609
   3080.1106
   3073.6392
   3067.0459
   3060.3291
   3053.4878
   3046.5203
   3039.4250
   2400.8552
   2416.0300
   2431.1997
   2446.3594
   2461.5039
   2476.6279
   2491.7241
   2506.7849
   2521.8010
   2536.7622
   2551.6562
   2566.4688
   2581.1848
   2595.7871
   2610.2571
   2624.5759
   2638.7258
   2652.6914
   2666.4585
   2680.0171
   2693.3591
   2706.4805
   2719.3782
   2732.0535
   2744.5078
   2756.7432
   2768.7625
   2780.5688
# Travel time at depth = 250.00 km.
   3174.5249
   3170.2976
   3165.9619
   3161.5217
   3156.9763
   3152.3235
   3147.5627
   3142.6938
   3137.7163
   3132.6294
   3127.4324
   3122.1245
   3116.7051
   3111.1731
   3105.5286
   3099.7695
   3093.8945
   3087.9028
   3081.7939
   3075.5667
   3069.2202
   3062.7529
   3056.1636
   3049.4509
   3042.6138
   3035.6506
   3028.5601
   2390.4475
   2405.6221
   2420.7910
   2435.9497
   2451.0930
   2466.2148
   2481.3086
   2496.3662
   2511.3787
   2526.3350
   2541.2231
   2556.0291
   2570.7368
   2585.3296
   2599.7891
   2614.0959
   2628.2329
   2642.1846
   2655.9370
   2669.4807
   2682.8079
   2695.9141
   2708.7971
   2721.4580
   2733.8982
   2746.1199
   2758.1262
   2769.9199
# Travel time at depth = 300.00 km.
   3163.7817
   3159.5569
   3155.2234
   3150.7856
   3146.2427
   3141.5925
   3136.8342
   3131.9680
   3126.9934
   3121.9094
   3116.7153
   3111.4106
   3105.9941
   3100.4656
   3094.8242
   3089.0686
   3083.1973
   3077.2092
   3071.1038
   3064.8804
   3058.5378
   3052.0745
   3045.4895
   3038.7810
   3031.9485
   3024.9897
   3017.9038
   2380.2661
   2395.4404
   2410.6086
   2425.7664
   2440.9082
   2456.0281
   2471.1191
   2486.1733
   2501.1816
   2516.1328
   2531.0149
   2545.8135
   2560.5129
   2575.0959
   2589.5442
   2603.8384
   2617.9619
   2631.8992
   2645.6365
   2659.1648
   2672.4763
   2685.5669
   2698.4346
   2711.0806
   2723.5063
   2735.7141
   2747.7065
   2759.4873
# Travel time at depth = 400.00 km.
   3142.8892
   3138.6694
   3134.3408
   3129.9082
   3125.3704
   3120.7256
   3115.9729
   3111.1125
   3106.1436
   3101.0657
   3095.8779
   3090.5796
   3085.1697
   3079.6477
   3074.0134
   3068.2649
   3062.4009
   3056.4207
   3050.3230
   3044.1077
   3037.7734
   3031.3186
   3024.7422
   3018.0430
   3011.2197
   3004.2708
   2997.1946
   2360.5613
   2375.7349
   2390.9016
   2406.0569
   2421.1953
   2436.3108
   2451.3960
   2466.4431
   2481.4424
   2496.3828
   2511.2517
   2526.0347
   2540.7156
   2555.2776
   2569.7017
   2583.9692
   2598.0640
   2611.9702
   2625.6758
   2639.1711
   2652.4497
   2665.5073
   2678.3430
   2690.9575
   2703.3528
   2715.5308
   2727.4949
   2739.2478
# Travel time at depth = 500.00 km.
   3123.5103
   3119.2964
   3114.9734
   3110.5461
   3106.0142
   3101.3755
   3096.6292
   3091.7749
   3086.8127
   3081.7415
   3076.5605
   3071.2693
   3065.8667
   3060.3525
   3054.7256
   3048.9854
   3043.1296
   3037.1577
   3031.0688
   3024.8625
   3018.5374
   3012.0920
   3005.5254
   2998.8364
   2992.0232
   2985.0850
   2978.0200
   2342.5159
   2357.6885
   2372.8533
   2388.0059
   2403.1401
   2418.2502
   2433.3286
   2448.3672
   2463.3560
   2478.2834
   2493.1372
   2507.9019
   2522.5618
   2537.0994
   2551.4956
   2565.7329
   2579.7947
   2593.6660
   2607.3354
   2620.7939
   2634.0356
   2647.0566
   2659.8562
   2672.4355
   2684.7969
   2696.9419
   2708.8740
   2720.5962
# Travel time at depth = 600.00 km.
   3104.9868
   3100.7791
   3096.4622
   3092.0410
   3087.5151
   3082.8831
   3078.1433
   3073.2959
   3068.3408
   3063.2769
   3058.1035
   3052.8198
   3047.4250
   3041.9189
   3036.3005
   3030.5688
   3024.7219
   3018.7593
   3012.6797
   3006.4832
   3000.1677
   2993.7329
   2987.1768
   2980.4985
   2973.6965
   2966.7698
   2310.2666
   2325.4421
   2340.6135
   2355.7761
   2370.9253
   2386.0549
   2401.1589
   2416.2297
   2431.2583
   2446.2351
   2461.1484
   2475.9846
   2490.7288
   2505.3650
   2519.8752
   2534.2410
   2548.4446
   2562.4697
   2576.3030
   2589.9331
   2603.3516
   2616.5530
   2629.5339
   2642.2947
   2654.8364
   2667.1606
   2679.2700
   2691.1680
   2702.8569
# Travel time at depth = 700.00 km.
   3087.6079
   3083.4067
   3079.0964
   3074.6819
   3070.1631
   3065.5381
   3060.8057
   3055.9661
   3051.0186
   3045.9626
   3040.7974
   3035.5222
   3030.1365
   3024.6392
   3019.0298
   3013.3076
   3007.4707
   3001.5181
   2995.4490
   2989.2627
   2982.9585
   2976.5349
   2969.9905
   2963.3242
   2956.5347
   2949.6206
   2294.5042
   2309.6792
   2324.8489
   2340.0085
   2355.1536
   2370.2778
   2385.3745
   2400.4358
   2415.4531
   2430.4158
   2445.3120
   2460.1282
   2474.8486
   2489.4573
   2503.9363
   2518.2668
   2532.4319
   2546.4163
   2560.2065
   2573.7922
   2587.1660
   2600.3228
   2613.2595
   2625.9771
   2638.4768
   2650.7605
   2662.8306
   2674.6902
   2686.3428
# Modelling error(s)
   1   1
#
   4.000
#@(#)        iasp91.SKS2ac     2.1     06/06/96
