# IASPEI travel-time table for phase: S'S'df  
 14   Number of depth samples at the following depths (km):
    0.00   15.00   35.00   50.00   75.00  100.00  150.00  200.00  250.00  300.00
  400.00  500.00  600.00  700.00
 39   Number of distance samples at the following distances (deg):
    0.00    4.00    8.00   12.00   16.00   20.00   24.00   28.00   32.00   36.00
   40.00   44.00   48.00   52.00   56.00   60.00   64.00   68.00   72.00   76.00
   80.00   84.00   88.00   92.00   96.00  100.00  104.00  108.00  112.00  116.00
  120.00  124.00  128.00  132.00  136.00  140.00  144.00  148.00  152.00
# Travel time at depth =   0.00 km.
   3272.8137
   3272.6277
   3272.0703
   3271.1423
   3269.8447
   3268.1794
   3266.1487
   3263.7559
   3261.0042
   3257.8982
   3254.4436
   3250.6460
   3246.5134
   3242.0540
   3237.2781
   3232.1970
   3226.8242
   3221.1746
   3215.2649
   3209.1135
   3202.7407
   3196.1672
   3189.4148
   3182.5049
   3175.4587
   3168.2954
   3161.0334
   3153.6882
   3146.2742
   3138.8035
   3131.2861
   3123.7312
   3116.1460
   3108.5371
   3100.9099
   3093.2690
   3085.6184
   3077.9614
   3070.3013
# Travel time at depth =  15.00 km.
   3268.3494
   3268.1633
   3267.6060
   3266.6780
   3265.3806
   3263.7156
   3261.6851
   3259.2922
   3256.5410
   3253.4353
   3249.9810
   3246.1838
   3242.0513
   3237.5925
   3232.8169
   3227.7363
   3222.3638
   3216.7146
   3210.8052
   3204.6543
   3198.2817
   3191.7085
   3184.9563
   3178.0469
   3171.0007
   3163.8379
   3156.5759
   3149.2310
   3141.8169
   3134.3462
   3126.8291
   3119.2742
   3111.6892
   3104.0803
   3096.4531
   3088.8123
   3081.1616
   3073.5046
   3065.8445
# Travel time at depth =  35.00 km.
   3262.8613
   3262.6755
   3262.1182
   3261.1904
   3259.8931
   3258.2283
   3256.1980
   3253.8057
   3251.0547
   3247.9495
   3244.4954
   3240.6987
   3236.5669
   3232.1084
   3227.3335
   3222.2534
   3216.8816
   3211.2329
   3205.3240
   3199.1736
   3192.8015
   3186.2288
   3179.4771
   3172.5681
   3165.5222
   3158.3596
   3151.0979
   3143.7532
   3136.3394
   3128.8687
   3121.3516
   3113.7969
   3106.2119
   3098.6033
   3090.9761
   3083.3352
   3075.6846
   3068.0276
   3060.3674
# Travel time at depth =  50.00 km.
   3259.5076
   3259.3215
   3258.7644
   3257.8367
   3256.5396
   3254.8750
   3252.8450
   3250.4529
   3247.7021
   3244.5974
   3241.1438
   3237.3477
   3233.2163
   3228.7583
   3223.9836
   3218.9043
   3213.5330
   3207.8848
   3201.9763
   3195.8264
   3189.4548
   3182.8826
   3176.1313
   3169.2227
   3162.1772
   3155.0146
   3147.7532
   3140.4087
   3132.9951
   3125.5247
   3118.0076
   3110.4529
   3102.8679
   3095.2593
   3087.6323
   3079.9915
   3072.3408
   3064.6838
   3057.0239
# Travel time at depth =  75.00 km.
   3253.9268
   3253.7410
   3253.1838
   3252.2563
   3250.9595
   3249.2952
   3247.2659
   3244.8740
   3242.1240
   3239.0198
   3235.5669
   3231.7715
   3227.6409
   3223.1838
   3218.4102
   3213.3315
   3207.9609
   3202.3137
   3196.4062
   3190.2571
   3183.8862
   3177.3147
   3170.5642
   3163.6560
   3156.6111
   3149.4490
   3142.1880
   3134.8438
   3127.4304
   3119.9602
   3112.4434
   3104.8887
   3097.3040
   3089.6953
   3082.0684
   3074.4275
   3066.7771
   3059.1201
   3051.4600
# Travel time at depth = 100.00 km.
   3248.3572
   3248.1714
   3247.6143
   3246.6870
   3245.3904
   3243.7266
   3241.6975
   3239.3064
   3236.5569
   3233.4531
   3230.0010
   3226.2063
   3222.0764
   3217.6201
   3212.8474
   3207.7698
   3202.4001
   3196.7537
   3190.8472
   3184.6990
   3178.3289
   3171.7581
   3165.0081
   3158.1003
   3151.0562
   3143.8945
   3136.6338
   3129.2898
   3121.8767
   3114.4067
   3106.8901
   3099.3357
   3091.7512
   3084.1426
   3076.5156
   3068.8750
   3061.2244
   3053.5676
   3045.9075
# Travel time at depth = 150.00 km.
   3237.2468
   3237.0610
   3236.5044
   3235.5776
   3234.2815
   3232.6184
   3230.5901
   3228.2000
   3225.4517
   3222.3494
   3218.8984
   3215.1055
   3210.9773
   3206.5227
   3201.7517
   3196.6755
   3191.3079
   3185.6633
   3179.7585
   3173.6118
   3167.2434
   3160.6741
   3153.9255
   3147.0190
   3139.9758
   3132.8152
   3125.5552
   3118.2119
   3110.7996
   3103.3298
   3095.8137
   3088.2595
   3080.6750
   3073.0669
   3065.4399
   3057.7993
   3050.1489
   3042.4922
   3034.8320
# Travel time at depth = 200.00 km.
   3226.1628
   3225.9773
   3225.4209
   3224.4944
   3223.1990
   3221.5364
   3219.5090
   3217.1201
   3214.3728
   3211.2720
   3207.8225
   3204.0308
   3199.9043
   3195.4514
   3190.6824
   3185.6082
   3180.2422
   3174.5994
   3168.6965
   3162.5515
   3156.1848
   3149.6169
   3142.8696
   3135.9646
   3128.9224
   3121.7627
   3114.5034
   3107.1609
   3099.7490
   3092.2798
   3084.7639
   3077.2102
   3069.6260
   3062.0178
   3054.3911
   3046.7507
   3039.1003
   3031.4436
   3023.7834
# Travel time at depth = 250.00 km.
   3215.1707
   3214.9851
   3214.4290
   3213.5027
   3212.2080
   3210.5461
   3208.5198
   3206.1318
   3203.3857
   3200.2861
   3196.8384
   3193.0483
   3188.9233
   3184.4724
   3179.7048
   3174.6326
   3169.2686
   3163.6277
   3157.7266
   3151.5835
   3145.2183
   3138.6521
   3131.9062
   3125.0022
   3117.9612
   3110.8025
   3103.5442
   3096.2021
   3088.7908
   3081.3223
   3073.8069
   3066.2534
   3058.6694
   3051.0615
   3043.4351
   3035.7944
   3028.1443
   3020.4875
   3012.8276
# Travel time at depth = 300.00 km.
   3204.3828
   3204.1973
   3203.6414
   3202.7158
   3201.4214
   3199.7605
   3197.7351
   3195.3481
   3192.6035
   3189.5051
   3186.0588
   3182.2705
   3178.1475
   3173.6980
   3168.9326
   3163.8623
   3158.5002
   3152.8613
   3146.9619
   3140.8208
   3134.4573
   3127.8926
   3121.1482
   3114.2456
   3107.2056
   3100.0479
   3092.7905
   3085.4492
   3078.0386
   3070.5703
   3063.0554
   3055.5022
   3047.9187
   3040.3108
   3032.6846
   3025.0442
   3017.3940
   3009.7373
   3002.0774
# Travel time at depth = 400.00 km.
   3183.3962
   3183.2109
   3182.6558
   3181.7310
   3180.4380
   3178.7786
   3176.7551
   3174.3706
   3171.6284
   3168.5332
   3165.0901
   3161.3052
   3157.1855
   3152.7402
   3147.9788
   3142.9126
   3137.5547
   3131.9197
   3126.0244
   3119.8872
   3113.5273
   3106.9661
   3100.2246
   3093.3250
   3086.2874
   3079.1316
   3071.8760
   3064.5364
   3057.1270
   3049.6597
   3042.1455
   3034.5933
   3027.0100
   3019.4028
   3011.7769
   3004.1367
   2996.4866
   2988.8301
   2981.1702
# Travel time at depth = 500.00 km.
   3163.9133
   3163.7280
   3163.1733
   3162.2498
   3160.9583
   3159.3005
   3157.2793
   3154.8975
   3152.1582
   3149.0662
   3145.6265
   3141.8455
   3137.7302
   3133.2891
   3128.5320
   3123.4702
   3118.1169
   3112.4866
   3106.5959
   3100.4629
   3094.1072
   3087.5496
   3080.8118
   3073.9148
   3066.8801
   3059.7268
   3052.4731
   3045.1353
   3037.7271
   3030.2612
   3022.7480
   3015.1963
   3007.6138
   3000.0071
   2992.3813
   2984.7417
   2977.0918
   2969.4353
   2961.7754
# Travel time at depth = 600.00 km.
   3145.2773
   3145.0923
   3144.5383
   3143.6157
   3142.3257
   3140.6702
   3138.6514
   3136.2720
   3133.5359
   3130.4475
   3127.0117
   3123.2349
   3119.1238
   3114.6875
   3109.9353
   3104.8784
   3099.5300
   3093.9048
   3088.0188
   3081.8904
   3075.5391
   3068.9856
   3062.2515
   3055.3579
   3048.3262
   3041.1753
   3033.9238
   3026.5879
   3019.1812
   3011.7166
   3004.2043
   2996.6536
   2989.0718
   2981.4656
   2973.8403
   2966.2009
   2958.5513
   2950.8950
   2943.2351
# Travel time at depth = 700.00 km.
   3127.7742
   3127.5896
   3127.0364
   3126.1147
   3124.8267
   3123.1731
   3121.1570
   3118.7808
   3116.0483
   3112.9636
   3109.5322
   3105.7598
   3101.6538
   3097.2224
   3092.4753
   3087.4241
   3082.0813
   3076.4612
   3070.5806
   3064.4573
   3058.1108
   3051.5620
   3044.8320
   3037.9424
   3030.9136
   3023.7656
   3016.5166
   3009.1826
   3001.7778
   2994.3147
   2986.8035
   2979.2537
   2971.6726
   2964.0671
   2956.4424
   2948.8032
   2941.1538
   2933.4976
   2925.8376
# Modelling error(s)
   1   1
#
   4.000
#@(#)        iasp91.SKS2df     2.1     06/06/96
