# IASPEI travel-time table for phase: SKSac   
 14   Number of depth samples at the following depths (km):
    0.00   15.00   35.00   50.00   75.00  100.00  150.00  200.00  250.00  300.00
  400.00  500.00  600.00  700.00
 84   Number of distance samples at the following distances (deg):
   61.00   62.00   63.00   64.00   65.00   66.00   67.00   68.00   69.00   70.00
   71.00   72.00   73.00   74.00   75.00   76.00   77.00   78.00   79.00   80.00
   81.00   82.00   83.00   84.00   85.00   86.00   87.00   88.00   89.00   90.00
   91.00   92.00   93.00   94.00   95.00   96.00   97.00   98.00   99.00  100.00
  101.00  102.00  103.00  104.00  105.00  106.00  107.00  108.00  109.00  110.00
  111.00  112.00  113.00  114.00  115.00  116.00  117.00  118.00  119.00  120.00
  121.00  122.00  123.00  124.00  125.00  126.00  127.00  128.00  129.00  130.00
  131.00  132.00  133.00  134.00  135.00  136.00  137.00  138.00  139.00  140.00
  141.00  142.00  143.00  144.00
# Travel time at depth =   0.00 km.
     -1.0000
     -1.0000
   1222.6864
   1230.2743
   1237.8601
   1245.4417
   1253.0164
   1260.5817
   1268.1340
   1275.6699
   1283.1849
   1290.6738
   1298.1310
   1305.5496
   1312.9219
   1320.2396
   1327.4937
   1334.6744
   1341.7729
   1348.7808
   1355.6907
   1362.4969
   1369.1956
   1375.7837
   1382.2596
   1388.6237
   1394.8766
   1401.0193
   1407.0530
   1412.9797
   1418.8010
   1424.5188
   1430.1356
   1435.6537
   1441.0747
   1446.4006
   1451.6335
   1456.7751
   1461.8271
   1466.7914
   1471.6700
   1476.4641
   1481.1747
   1485.8038
   1490.3529
   1494.8235
   1499.2169
   1503.5350
   1507.7789
   1511.9496
   1516.0482
   1520.0764
   1524.0348
   1527.9237
   1531.7441
   1535.4972
   1539.1836
   1542.8044
   1546.3604
   1549.8522
   1553.2808
   1556.6467
   1559.9508
   1563.1936
   1566.3759
   1569.4980
   1572.5609
   1575.5648
   1578.5103
   1581.3975
   1584.2273
   1587.0005
   1589.7173
   1592.3781
   1594.9833
   1597.5332
   1600.0282
   1602.4688
   1604.8551
   1607.1874
   1609.4657
   1611.6912
   1613.8644
   1615.9834
# Travel time at depth =  15.00 km.
     -1.0000
     -1.0000
   1218.3413
   1225.9292
   1233.5149
   1241.0962
   1248.6707
   1256.2356
   1263.7876
   1271.3229
   1278.8370
   1286.3252
   1293.7811
   1301.1984
   1308.5692
   1315.8851
   1323.1371
   1330.3156
   1337.4114
   1344.4164
   1351.3235
   1358.1268
   1364.8224
   1371.4073
   1377.8802
   1384.2413
   1390.4913
   1396.6312
   1402.6624
   1408.5864
   1414.4052
   1420.1206
   1425.7350
   1431.2509
   1436.6698
   1441.9937
   1447.2245
   1452.3643
   1457.4143
   1462.3768
   1467.2538
   1472.0460
   1476.7551
   1481.3827
   1485.9303
   1490.3994
   1494.7915
   1499.1083
   1503.3508
   1507.5203
   1511.6178
   1515.6448
   1519.6019
   1523.4899
   1527.3092
   1531.0612
   1534.7466
   1538.3665
   1541.9214
   1545.4124
   1548.8401
   1552.2052
   1555.5084
   1558.7505
   1561.9319
   1565.0532
   1568.1154
   1571.1187
   1574.0634
   1576.9500
   1579.7791
   1582.5515
   1585.2677
   1587.9280
   1590.5325
   1593.0818
   1595.5763
   1598.0164
   1600.4022
   1602.7339
   1605.0117
   1607.2367
   1609.4094
   1611.5281
# Travel time at depth =  35.00 km.
     -1.0000
     -1.0000
   1213.0277
   1220.6154
   1228.2009
   1235.7820
   1243.3562
   1250.9205
   1258.4718
   1266.0062
   1273.5194
   1281.0061
   1288.4604
   1295.8757
   1303.2443
   1310.5575
   1317.8064
   1324.9814
   1332.0735
   1339.0745
   1345.9772
   1352.7761
   1359.4672
   1366.0477
   1372.5162
   1378.8730
   1385.1189
   1391.2546
   1397.2817
   1403.2020
   1409.0171
   1414.7290
   1420.3400
   1425.8525
   1431.2683
   1436.5892
   1441.8173
   1446.9541
   1452.0015
   1456.9614
   1461.8358
   1466.6257
   1471.3325
   1475.9578
   1480.5032
   1484.9702
   1489.3604
   1493.6752
   1497.9158
   1502.0834
   1506.1792
   1510.2045
   1514.1600
   1518.0463
   1521.8641
   1525.6146
   1529.2986
   1532.9169
   1536.4706
   1539.9602
   1543.3866
   1546.7505
   1550.0525
   1553.2933
   1556.4735
   1559.5939
   1562.6549
   1565.6571
   1568.6008
   1571.4863
   1574.3145
   1577.0861
   1579.8014
   1582.4607
   1585.0643
   1587.6128
   1590.1066
   1592.5458
   1594.9308
   1597.2617
   1599.5389
   1601.7632
   1603.9352
   1606.0531
# Travel time at depth =  50.00 km.
     -1.0000
     -1.0000
   1209.8361
   1217.4238
   1225.0092
   1232.5900
   1240.1638
   1247.7277
   1255.2783
   1262.8119
   1270.3240
   1277.8094
   1285.2623
   1292.6757
   1300.0420
   1307.3528
   1314.5988
   1321.7705
   1328.8591
   1335.8562
   1342.7550
   1349.5498
   1356.2367
   1362.8130
   1369.2773
   1375.6301
   1381.8721
   1388.0040
   1394.0275
   1399.9442
   1405.7559
   1411.4644
   1417.0723
   1422.5818
   1427.9946
   1433.3127
   1438.5380
   1443.6722
   1448.7172
   1453.6747
   1458.5468
   1463.3345
   1468.0391
   1472.6622
   1477.2056
   1481.6707
   1486.0590
   1490.3719
   1494.6110
   1498.7769
   1502.8710
   1506.8947
   1510.8486
   1514.7335
   1518.5499
   1522.2990
   1525.9816
   1529.5986
   1533.1510
   1536.6394
   1540.0646
   1543.4272
   1546.7281
   1549.9679
   1553.1471
   1556.2664
   1559.3264
   1562.3276
   1565.2704
   1568.1550
   1570.9823
   1573.7529
   1576.4674
   1579.1259
   1581.7288
   1584.2765
   1586.7694
   1589.2080
   1591.5923
   1593.9226
   1596.1990
   1598.4226
   1600.5940
   1602.7113
# Travel time at depth =  75.00 km.
     -1.0000
     -1.0000
   1204.5280
   1212.1156
   1219.7007
   1227.2811
   1234.8542
   1242.4172
   1249.9668
   1257.4990
   1265.0093
   1272.4927
   1279.9429
   1287.3531
   1294.7158
   1302.0223
   1309.2634
   1316.4297
   1323.5123
   1330.5031
   1337.3950
   1344.1829
   1350.8628
   1357.4320
   1363.8895
   1370.2355
   1376.4708
   1382.5964
   1388.6136
   1394.5244
   1400.3304
   1406.0333
   1411.6360
   1417.1405
   1422.5483
   1427.8617
   1433.0825
   1438.2124
   1443.2531
   1448.2065
   1453.0748
   1457.8586
   1462.5596
   1467.1793
   1471.7194
   1476.1812
   1480.5663
   1484.8763
   1489.1123
   1493.2754
   1497.3668
   1501.3879
   1505.3394
   1509.2217
   1513.0356
   1516.7823
   1520.4626
   1524.0775
   1527.6278
   1531.1141
   1534.5372
   1537.8981
   1541.1970
   1544.4349
   1547.6123
   1550.7299
   1553.7883
   1556.7878
   1559.7290
   1562.6121
   1565.4379
   1568.2072
   1570.9202
   1573.5773
   1576.1788
   1578.7252
   1581.2169
   1583.6542
   1586.0374
   1588.3665
   1590.6417
   1592.8643
   1595.0347
   1597.1508
# Travel time at depth = 100.00 km.
     -1.0000
     -1.0000
   1199.2336
   1206.8212
   1214.4060
   1221.9860
   1229.5585
   1237.1206
   1244.6689
   1252.1997
   1259.7083
   1267.1893
   1274.6370
   1282.0441
   1289.4030
   1296.7051
   1303.9413
   1311.1019
   1318.1785
   1325.1626
   1332.0479
   1338.8287
   1345.5015
   1352.0636
   1358.5142
   1364.8534
   1371.0820
   1377.2012
   1383.2123
   1389.1171
   1394.9171
   1400.6146
   1406.2119
   1411.7112
   1417.1143
   1422.4229
   1427.6390
   1432.7645
   1437.8009
   1442.7505
   1447.6147
   1452.3948
   1457.0920
   1461.7083
   1466.2449
   1470.7034
   1475.0853
   1479.3923
   1483.6254
   1487.7856
   1491.8743
   1495.8927
   1499.8416
   1503.7213
   1507.5330
   1511.2772
   1514.9553
   1518.5680
   1522.1161
   1525.6002
   1529.0215
   1532.3802
   1535.6774
   1538.9135
   1542.0890
   1545.2048
   1548.2615
   1551.2594
   1554.1990
   1557.0804
   1559.9048
   1562.6725
   1565.3842
   1568.0398
   1570.6400
   1573.1852
   1575.6755
   1578.1116
   1580.4935
   1582.8214
   1585.0956
   1587.3171
   1589.4863
   1591.6014
# Travel time at depth = 150.00 km.
     -1.0000
     -1.0000
   1188.6827
   1196.2699
   1203.8541
   1211.4332
   1219.0043
   1226.5646
   1234.1106
   1241.6383
   1249.1431
   1256.6196
   1264.0616
   1271.4622
   1278.8134
   1286.1064
   1293.3324
   1300.4817
   1307.5458
   1314.5167
   1321.3879
   1328.1547
   1334.8130
   1341.3608
   1347.7972
   1354.1227
   1360.3380
   1366.4441
   1372.4426
   1378.3352
   1384.1237
   1389.8099
   1395.3965
   1400.8855
   1406.2784
   1411.5775
   1416.7844
   1421.9010
   1426.9290
   1431.8701
   1436.7264
   1441.4989
   1446.1887
   1450.7977
   1455.3275
   1459.7794
   1464.1550
   1468.4558
   1472.6830
   1476.8374
   1480.9205
   1484.9336
   1488.8772
   1492.7518
   1496.5585
   1500.2981
   1503.9716
   1507.5797
   1511.1234
   1514.6034
   1518.0205
   1521.3752
   1524.6686
   1527.9008
   1531.0728
   1534.1851
   1537.2383
   1540.2329
   1543.1692
   1546.0475
   1548.8688
   1551.6335
   1554.3423
   1556.9951
   1559.5927
   1562.1351
   1564.6229
   1567.0564
   1569.4359
   1571.7615
   1574.0333
   1576.2526
   1578.4197
   1580.5325
# Travel time at depth = 200.00 km.
     -1.0000
     -1.0000
   1178.1686
   1185.7555
   1193.3391
   1200.9171
   1208.4868
   1216.0450
   1223.5885
   1231.1130
   1238.6139
   1246.0856
   1253.5220
   1260.9155
   1268.2587
   1275.5425
   1282.7578
   1289.8953
   1296.9465
   1303.9039
   1310.7610
   1317.5131
   1324.1569
   1330.6901
   1337.1122
   1343.4237
   1349.6254
   1355.7184
   1361.7042
   1367.5846
   1373.3611
   1379.0360
   1384.6117
   1390.0902
   1395.4730
   1400.7623
   1405.9600
   1411.0675
   1416.0867
   1421.0197
   1425.8679
   1430.6324
   1435.3148
   1439.9166
   1444.4395
   1448.8846
   1453.2538
   1457.5483
   1461.7694
   1465.9181
   1469.9955
   1474.0032
   1477.9414
   1481.8109
   1485.6124
   1489.3472
   1493.0159
   1496.6195
   1500.1588
   1503.6345
   1507.0475
   1510.3982
   1513.6876
   1516.9160
   1520.0844
   1523.1930
   1526.2428
   1529.2339
   1532.1669
   1535.0420
   1537.8601
   1540.6219
   1543.3278
   1545.9778
   1548.5725
   1551.1122
   1553.5974
   1556.0283
   1558.4054
   1560.7285
   1562.9980
   1565.2151
   1567.3799
   1569.4905
# Travel time at depth = 250.00 km.
     -1.0000
     -1.0000
   1167.7609
   1175.3474
   1182.9303
   1190.5071
   1198.0752
   1205.6315
   1213.1722
   1220.6934
   1228.1901
   1235.6566
   1243.0868
   1250.4733
   1257.8079
   1265.0819
   1272.2861
   1279.4115
   1286.4495
   1293.3928
   1300.2352
   1306.9725
   1313.6013
   1320.1196
   1326.5271
   1332.8243
   1339.0123
   1345.0918
   1351.0647
   1356.9325
   1362.6970
   1368.3604
   1373.9249
   1379.3927
   1384.7653
   1390.0447
   1395.2328
   1400.3311
   1405.3414
   1410.2659
   1415.1060
   1419.8625
   1424.5372
   1429.1317
   1433.6473
   1438.0857
   1442.4482
   1446.7365
   1450.9513
   1455.0940
   1459.1656
   1463.1677
   1467.1006
   1470.9647
   1474.7612
   1478.4910
   1482.1549
   1485.7538
   1489.2886
   1492.7599
   1496.1686
   1499.5153
   1502.8005
   1506.0251
   1509.1897
   1512.2947
   1515.3408
   1518.3286
   1521.2582
   1524.1300
   1526.9449
   1529.7036
   1532.4064
   1535.0536
   1537.6454
   1540.1824
   1542.6649
   1545.0933
   1547.4678
   1549.7883
   1552.0555
   1554.2703
   1556.4329
   1558.5410
# Travel time at depth = 300.00 km.
     -1.0000
     -1.0000
   1157.5795
   1165.1655
   1172.7476
   1180.3232
   1187.8895
   1195.4435
   1202.9813
   1210.4989
   1217.9911
   1225.4523
   1232.8760
   1240.2546
   1247.5802
   1254.8440
   1262.0366
   1269.1490
   1276.1732
   1283.1018
   1289.9292
   1296.6510
   1303.2643
   1309.7672
   1316.1595
   1322.4421
   1328.6158
   1334.6815
   1340.6410
   1346.4958
   1352.2479
   1357.8994
   1363.4525
   1368.9093
   1374.2712
   1379.5404
   1384.7186
   1389.8075
   1394.8087
   1399.7245
   1404.5560
   1409.3044
   1413.9712
   1418.5580
   1423.0663
   1427.4976
   1431.8534
   1436.1349
   1440.3435
   1444.4800
   1448.5458
   1452.5420
   1456.4692
   1460.3279
   1464.1191
   1467.8438
   1471.5027
   1475.0968
   1478.6270
   1482.0938
   1485.4980
   1488.8405
   1492.1216
   1495.3422
   1498.5028
   1501.6040
   1504.6465
   1507.6306
   1510.5566
   1513.4252
   1516.2368
   1518.9923
   1521.6920
   1524.3361
   1526.9250
   1529.4591
   1531.9388
   1534.3645
   1536.7365
   1539.0544
   1541.3191
   1543.5315
   1545.6918
   1547.7975
# Travel time at depth = 400.00 km.
     -1.0000
   1130.2869
   1137.8744
   1145.4592
   1153.0394
   1160.6121
   1168.1746
   1175.7234
   1183.2546
   1190.7640
   1198.2463
   1205.6954
   1213.1047
   1220.4664
   1227.7725
   1235.0137
   1242.1810
   1249.2657
   1256.2603
   1263.1577
   1269.9529
   1276.6421
   1283.2227
   1289.6932
   1296.0541
   1302.3059
   1308.4496
   1314.4863
   1320.4178
   1326.2458
   1331.9719
   1337.5984
   1343.1277
   1348.5613
   1353.9010
   1359.1488
   1364.3065
   1369.3755
   1374.3577
   1379.2550
   1384.0687
   1388.7999
   1393.4502
   1398.0210
   1402.5140
   1406.9304
   1411.2720
   1415.5398
   1419.7349
   1423.8584
   1427.9119
   1431.8960
   1435.8114
   1439.6586
   1443.4387
   1447.1526
   1450.8011
   1454.3853
   1457.9055
   1461.3629
   1464.7579
   1468.0913
   1471.3639
   1474.5759
   1477.7284
   1480.8217
   1483.8564
   1486.8330
   1489.7517
   1492.6130
   1495.4178
   1498.1666
   1500.8597
   1503.4976
   1506.0803
   1508.6084
   1511.0823
   1513.5023
   1515.8687
   1518.1813
   1520.4408
   1522.6482
   1524.8035
   1526.9042
# Travel time at depth = 500.00 km.
     -1.0000
   1112.2415
   1119.8282
   1127.4115
   1134.9890
   1142.5581
   1150.1156
   1157.6581
   1165.1814
   1172.6809
   1180.1511
   1187.5858
   1194.9778
   1202.3195
   1209.6022
   1216.8170
   1223.9550
   1231.0078
   1237.9684
   1244.8304
   1251.5895
   1258.2419
   1264.7860
   1271.2207
   1277.5465
   1283.7643
   1289.8748
   1295.8795
   1301.7802
   1307.5782
   1313.2755
   1318.8746
   1324.3773
   1329.7854
   1335.1006
   1340.3248
   1345.4597
   1350.5067
   1355.4679
   1360.3450
   1365.1389
   1369.8511
   1374.4830
   1379.0363
   1383.5122
   1387.9122
   1392.2379
   1396.4905
   1400.6708
   1404.7802
   1408.8197
   1412.7904
   1416.6926
   1420.5272
   1424.2950
   1427.9971
   1431.6342
   1435.2070
   1438.7164
   1442.1632
   1445.5481
   1448.8716
   1452.1344
   1455.3372
   1458.4805
   1461.5649
   1464.5912
   1467.5593
   1470.4698
   1473.3234
   1476.1205
   1478.8619
   1481.5479
   1484.1786
   1486.7544
   1489.2759
   1491.7433
   1494.1571
   1496.5172
   1498.8240
   1501.0778
   1503.2797
   1505.4293
     -1.0000
# Travel time at depth = 600.00 km.
   1087.5802
   1095.1680
   1102.7535
   1110.3346
   1117.9088
   1125.4734
   1133.0249
   1140.5597
   1148.0735
   1155.5613
   1163.0173
   1170.4349
   1177.8070
   1185.1254
   1192.3815
   1199.5663
   1206.6714
   1213.6887
   1220.6119
   1227.4352
   1234.1547
   1240.7676
   1247.2722
   1253.6683
   1259.9567
   1266.1378
   1272.2128
   1278.1833
   1284.0508
   1289.8169
   1295.4836
   1301.0533
   1306.5278
   1311.9086
   1317.1975
   1322.3965
   1327.5070
   1332.5304
   1337.4691
   1342.3243
   1347.0973
   1351.7891
   1356.4014
   1360.9357
   1365.3934
   1369.7759
   1374.0847
   1378.3208
   1382.4852
   1386.5792
   1390.6040
   1394.5603
   1398.4485
   1402.2694
   1406.0240
   1409.7134
   1413.3380
   1416.8988
   1420.3966
   1423.8322
   1427.2059
   1430.5188
   1433.7714
   1436.9640
   1440.0975
   1443.1725
   1446.1895
   1449.1487
   1452.0504
   1454.8954
   1457.6844
   1460.4178
   1463.0959
   1465.7191
   1468.2876
   1470.8020
   1473.2625
   1475.6694
   1478.0229
   1480.3232
   1482.5709
   1484.7668
   1486.9106
     -1.0000
# Travel time at depth = 700.00 km.
   1071.8177
   1079.4047
   1086.9883
   1094.5664
   1102.1364
   1109.6951
   1117.2390
   1124.7644
   1132.2664
   1139.7399
   1147.1786
   1154.5758
   1161.9240
   1169.2147
   1176.4395
   1183.5892
   1190.6562
   1197.6333
   1204.5139
   1211.2938
   1217.9694
   1224.5383
   1230.9995
   1237.3533
   1243.6002
   1249.7412
   1255.7775
   1261.7104
   1267.5417
   1273.2729
   1278.9062
   1284.4438
   1289.8872
   1295.2382
   1300.4984
   1305.6697
   1310.7533
   1315.7512
   1320.6653
   1325.4966
   1330.2463
   1334.9159
   1339.5067
   1344.0204
   1348.4581
   1352.8214
   1357.1116
   1361.3297
   1365.4768
   1369.5540
   1373.5625
   1377.5029
   1381.3757
   1385.1818
   1388.9219
   1392.5972
   1396.2083
   1399.7559
   1403.2408
   1406.6639
   1410.0258
   1413.3269
   1416.5680
   1419.7496
   1422.8726
   1425.9371
   1428.9438
   1431.8932
   1434.7854
   1437.6211
   1440.4010
   1443.1256
   1445.7952
   1448.4100
   1450.9705
   1453.4769
   1455.9298
   1458.3293
   1460.6757
   1462.9689
   1465.2097
   1467.3992
   1469.5364
     -1.0000
# Modelling error(s)
   1   1
#
   1.700
#@(#)        iasp91.SKSac     2.1     06/06/96
