# IASPEI travel-time table for phase: Sn      
  9   Number of depth samples at the following depths (km):
    0.00    5.00   15.00   35.00   50.00   75.00  100.00  150.00  200.00
 49   Number of distance samples at the following distances (deg):
    0.00    0.50    1.00    1.50    2.00    2.50    3.00    3.50    4.00    4.50
    5.00    5.50    6.00    6.50    7.00    7.50    8.00    8.50    9.00    9.50
   10.00   10.50   11.00   11.50   12.00   12.50   13.00   13.50   14.00   14.50
   15.00   15.50   16.00   16.50   17.00   17.50   18.00   18.50   19.00   19.50
   20.00   20.50   21.00   21.50   22.00   22.50   23.00   23.50   24.00
# Travel time at depth =   0.00 km.
     -1.0000
     -1.0000
     36.9966
     49.3660
     61.7346
     74.1020
     86.4677
     98.8310
    111.1914
    123.5485
    135.9017
    148.2505
    160.5943
    172.9326
    185.2649
    197.5907
    209.9094
    222.2205
    234.5234
    246.8178
    259.1030
    271.3784
    283.6436
    295.8979
    308.1410
    320.3726
    332.5924
    344.7996
    356.9927
    369.1701
    381.3318
    393.4803
    405.6172
    417.7436
    429.8600
    441.9664
    454.0625
    466.1478
    478.2215
    490.2827
    502.3305
    514.3643
    526.3839
    538.3887
    550.3785
    562.3528
    574.3110
    586.2530
    598.1780
# Travel time at depth =   5.00 km.
     -1.0000
     -1.0000
     36.0087
     48.3780
     60.7466
     73.1138
     85.4792
     97.8423
    110.2024
    122.5591
    134.9119
    147.2602
    159.6035
    171.9412
    184.2729
    196.5980
    208.9159
    221.2262
    233.5283
    245.8218
    258.1060
    270.3805
    282.6446
    294.8978
    307.1398
    319.3702
    331.5888
    343.7947
    355.9864
    368.1622
    380.3225
    392.4698
    404.6057
    416.7310
    428.8465
    440.9519
    453.0470
    465.1312
    477.2037
    489.2637
    501.3102
    513.3427
    525.3608
    537.3643
    549.3526
    561.3254
    573.2821
    585.2225
    597.1459
# Travel time at depth =  15.00 km.
     -1.0000
     -1.0000
     34.0358
     46.4050
     58.7733
     71.1402
     83.5052
     95.8677
    108.2272
    120.5832
    132.9351
    145.2824
    157.6246
    169.9612
    182.2915
    194.6152
    206.9317
    219.2403
    231.5408
    243.8324
    256.1147
    268.3872
    280.6492
    292.9002
    305.1399
    317.3680
    329.5842
    341.7874
    353.9761
    366.1487
    378.3062
    390.4512
    402.5850
    414.7084
    426.8219
    438.9254
    451.0184
    463.1004
    475.1706
    487.2280
    499.2718
    511.3016
    523.3170
    535.3176
    547.3030
    559.2728
    571.2265
    583.1637
    595.0839
# Travel time at depth =  35.00 km.
      9.9523
     18.4983
     30.8677
     43.2366
     55.6042
     67.9702
     80.3340
     92.6950
    105.0527
    117.4067
    129.7563
    142.1010
    154.4404
    166.7738
    179.1008
    191.4209
    203.7334
    216.0380
    228.3340
    240.6210
    252.8984
    265.1656
    277.4221
    289.6675
    301.9014
    314.1236
    326.3335
    338.5297
    350.7106
    362.8754
    375.0266
    387.1660
    399.2946
    411.4132
    423.5219
    435.6202
    447.7080
    459.7845
    471.8487
    483.8997
    495.9368
    507.9598
    519.9682
    531.9617
    543.9398
    555.9020
    567.8481
    579.7774
    591.6897
# Travel time at depth =  50.00 km.
     13.3061
     19.6729
     31.2144
     43.3958
     55.6778
     67.9873
     80.3080
     92.6329
    104.9585
    117.2827
    129.6044
    141.9224
    154.2359
    166.5441
    178.8464
    191.1421
    203.4308
    215.7117
    227.9843
    240.2479
    252.5021
    264.7463
    276.9803
    289.2036
    301.4158
    313.6157
    325.8018
    337.9730
    350.1302
    362.2755
    374.4099
    386.5345
    398.6493
    410.7544
    422.8494
    434.9339
    447.0072
    459.0683
    471.1164
    483.1509
    495.1717
    507.1781
    519.1699
    531.1467
    543.1080
    555.0535
    566.9825
    578.8948
     -1.0000
# Travel time at depth =  75.00 km.
     18.8868
     23.3609
     33.1238
     44.5214
     56.4139
     68.4907
     80.6514
     92.8556
    105.0826
    117.3231
    129.5712
    141.8230
    154.0757
    166.3271
    178.5756
    190.8200
    203.0593
    215.2925
    227.5190
    239.7382
    251.9491
    264.1507
    276.3419
    288.5214
    300.6887
    312.8447
    324.9904
    337.1264
    349.2531
    361.3708
    373.4795
    385.5789
    397.6688
    409.7484
    421.8173
    433.8744
    445.9192
    457.9511
    469.9699
    481.9753
    493.9666
    505.9438
    517.9061
    529.8533
    541.7850
    553.7007
     -1.0000
     -1.0000
     -1.0000
# Travel time at depth = 100.00 km.
     24.4565
     27.8686
     36.1215
     46.5433
     57.8532
     69.5587
     81.4616
     93.4735
    105.5502
    117.6676
    129.8106
    141.9702
    154.1404
    166.3169
    178.4964
    190.6765
    202.8551
    215.0303
    227.2001
    239.3638
    251.5208
    263.6709
    275.8139
    287.9496
    300.0778
    312.1985
    324.3114
    336.4163
    348.5131
    360.6014
    372.6807
    384.7502
    396.8094
    408.8575
    420.8940
    432.9188
    444.9312
    456.9311
    468.9178
    480.8912
    492.8507
    504.7959
    516.7263
    528.6417
     -1.0000
     -1.0000
     -1.0000
     -1.0000
     -1.0000
# Travel time at depth = 150.00 km.
     35.5667
     37.8478
     43.9546
     52.5118
     62.4606
     73.1919
     84.3794
     95.8459
    107.4915
    119.2571
    131.1048
    143.0111
    154.9597
    166.9391
    178.9410
    190.9594
    202.9895
    215.0278
    227.0715
    239.1182
    251.1661
    263.2137
    275.2596
    287.3026
    299.3418
    311.3762
    323.4050
    335.4275
    347.4429
    359.4507
    371.4501
    383.4407
    395.4219
    407.3931
    419.3539
    431.3036
    443.2420
    455.1684
    467.0824
     -1.0000
     -1.0000
     -1.0000
     -1.0000
     -1.0000
     -1.0000
     -1.0000
     -1.0000
     -1.0000
     -1.0000
# Travel time at depth = 200.00 km.
     46.6507
     48.3485
     53.1008
     60.1658
     68.8042
     78.4712
     88.8103
     99.5971
    110.6898
    121.9971
    133.4589
    145.0341
    156.6942
    168.4194
    180.1946
    192.0079
    203.8506
    215.7163
    227.6001
    239.4978
    251.4059
    263.3214
    275.2419
    287.1653
    299.0900
    311.0143
    322.9370
    334.8567
    346.7725
    358.6833
    370.5884
     -1.0000
     -1.0000
     -1.0000
     -1.0000
     -1.0000
     -1.0000
     -1.0000
     -1.0000
     -1.0000
     -1.0000
     -1.0000
     -1.0000
     -1.0000
     -1.0000
     -1.0000
     -1.0000
     -1.0000
     -1.0000
# Distance-dependent modelling error(s)
  11    1
        0.0     0.2     0.5     1.0     2.0     3.0     4.0     8.0
        12.0    15.0    17.0
#
        0.2
        1.0
        2.0
        3.0
        4.2
        4.8
        5.2
        5.4
        5.8
        7.3
        5.9
#%Z%        %M%     %I%     %G%
