# IASPEI travel-time table for phase: SnSn    
  9   Number of depth samples at the following depths (km):
    0.00    5.00   15.00   35.00   50.00   75.00  100.00  150.00  200.00
 47   Number of distance samples at the following distances (deg):
    2.00    3.00    4.00    5.00    6.00    7.00    8.00    9.00   10.00   11.00
   12.00   13.00   14.00   15.00   16.00   17.00   18.00   19.00   20.00   21.00
   22.00   23.00   24.00   25.00   26.00   27.00   28.00   29.00   30.00   31.00
   32.00   33.00   34.00   35.00   36.00   37.00   38.00   39.00   40.00   41.00
   42.00   43.00   44.00   45.00   46.00   47.00   48.00
# Travel time at depth =   0.00 km.
     73.9932
     98.7320
    123.4693
    148.2041
    172.9353
    197.6619
    222.3829
    247.0971
    271.8035
    296.5010
    321.1886
    345.8653
    370.5299
    395.1814
    419.8188
    444.4409
    469.0468
    493.6355
    518.2059
    542.7568
    567.2872
    591.7958
    616.2820
    640.7452
    665.1848
    689.5991
    713.9855
    738.3403
    762.6637
    786.9606
    811.2344
    835.4872
    859.7201
    883.9329
    908.1250
    932.2955
    956.4430
    980.5654
   1004.6609
   1028.7286
   1052.7677
   1076.7775
   1100.7570
   1124.7056
   1148.6221
   1172.5060
   1196.3561
# Travel time at depth =   5.00 km.
     73.0053
     97.7440
    122.4812
    147.2158
    171.9469
    196.6732
    221.3938
    246.1077
    270.8137
    295.5107
    320.1978
    344.8739
    369.5378
    394.1887
    418.8253
    443.4467
    468.0518
    492.6396
    517.2090
    541.7589
    566.2882
    590.7958
    615.2808
    639.7429
    664.1812
    688.5942
    712.9792
    737.3323
    761.6544
    785.9501
    810.2229
    834.4747
    858.7066
    882.9183
    907.1095
    931.2790
    955.4252
    979.5464
   1003.6407
   1027.7070
   1051.7448
   1075.7531
   1099.7311
   1123.6781
   1147.5933
   1171.4755
   1195.3240
# Travel time at depth =  15.00 km.
     71.0324
     95.7710
    120.5080
    145.2423
    169.9729
    194.6987
    219.4187
    244.1318
    268.8369
    293.5330
    318.2191
    342.8939
    367.5566
    392.2061
    416.8412
    441.4610
    466.0644
    490.6504
    515.2179
    539.7659
    564.2930
    588.7983
    613.2811
    637.7408
    662.1768
    686.5872
    710.9692
    735.3191
    759.6384
    783.9318
    808.2024
    832.4522
    856.6822
    880.8920
    905.0811
    929.2484
    953.3923
    977.5110
   1001.6026
   1025.6663
   1049.7012
   1073.7067
   1097.6818
   1121.6259
   1145.5378
   1169.4170
   1193.2623
# Travel time at depth =  35.00 km.
     67.8644
     92.6027
    117.3391
    142.0726
    166.8020
    191.5265
    216.2448
    240.9559
    265.6588
    290.3524
    315.0356
    339.7075
    364.3669
    389.0128
    413.6441
    438.2598
    462.8589
    487.4403
    512.0029
    536.5457
    561.0674
    585.5672
    610.0443
    634.4981
    658.9279
    683.3315
    707.7059
    732.0479
    756.3604
    780.6479
    804.9133
    829.1583
    853.3834
    877.5883
    901.7722
    925.9340
    950.0721
    974.1844
    998.2693
   1022.3262
   1046.3541
   1070.3525
   1094.3204
   1118.2571
   1142.1614
   1166.0327
   1189.8701
# Travel time at depth =  50.00 km.
     -1.0000
     -1.0000
     -1.0000
     -1.0000
     -1.0000
     -1.0000
     -1.0000
     -1.0000
     -1.0000
    290.2244
    314.8735
    339.5149
    364.1460
    388.7648
    413.3699
    437.9601
    462.5343
    487.0912
    511.6297
    536.1484
    560.6464
    585.1230
    609.5776
    634.0093
    658.4163
    682.7953
    707.1436
    731.4622
    755.7559
    780.0273
    804.2781
    828.5094
    852.7208
    876.9119
    901.0817
    925.2287
    949.3510
    973.4468
    997.5153
   1021.5555
   1045.5669
   1069.5486
   1093.4996
   1117.4193
   1141.3066
   1165.1609
   1188.9811
# Travel time at depth =  75.00 km.
     -1.0000
     -1.0000
     -1.0000
     -1.0000
     -1.0000
     -1.0000
     -1.0000
     -1.0000
     -1.0000
     -1.0000
     -1.0000
     -1.0000
     -1.0000
     -1.0000
     -1.0000
    437.7217
    462.2252
    486.7195
    511.2004
    535.6656
    560.1136
    584.5428
    608.9509
    633.3348
    657.6918
    682.0212
    706.3263
    730.6096
    754.8725
    779.1162
    803.3410
    827.5464
    851.7321
    875.8969
    900.0392
    924.1574
    948.2498
    972.3155
    996.3538
   1020.3640
   1044.3452
   1068.2968
   1092.2175
   1116.1068
   1139.9639
   1163.7876
     -1.0000
# Travel time at depth = 100.00 km.
     -1.0000
     -1.0000
     -1.0000
     -1.0000
     -1.0000
     -1.0000
     -1.0000
     -1.0000
     -1.0000
     -1.0000
     -1.0000
     -1.0000
     -1.0000
     -1.0000
     -1.0000
     -1.0000
     -1.0000
     -1.0000
     -1.0000
     -1.0000
    559.8491
    584.2008
    608.5353
    632.8519
    657.1509
    681.4323
    705.6962
    729.9427
    754.1717
    778.3828
    802.5757
    826.7496
    850.9033
    875.0350
    899.1431
    923.2265
    947.2843
    971.3158
    995.3201
   1019.2964
   1043.2440
   1067.1617
   1091.0491
   1114.9050
   1138.7286
     -1.0000
     -1.0000
# Travel time at depth = 150.00 km.
     -1.0000
     -1.0000
     -1.0000
     -1.0000
     -1.0000
     -1.0000
     -1.0000
     -1.0000
     -1.0000
     -1.0000
     -1.0000
     -1.0000
     -1.0000
     -1.0000
     -1.0000
     -1.0000
     -1.0000
     -1.0000
     -1.0000
     -1.0000
     -1.0000
     -1.0000
     -1.0000
     -1.0000
     -1.0000
     -1.0000
     -1.0000
     -1.0000
    753.4982
    777.5904
    801.6727
    825.7413
    849.7933
    873.8268
    897.8402
    921.8322
    945.8011
    969.7458
    993.6654
   1017.5586
   1041.4244
   1065.2617
     -1.0000
     -1.0000
     -1.0000
     -1.0000
     -1.0000
# Travel time at depth = 200.00 km.
     -1.0000
     -1.0000
     -1.0000
     -1.0000
     -1.0000
     -1.0000
     -1.0000
     -1.0000
     -1.0000
     -1.0000
     -1.0000
     -1.0000
     -1.0000
     -1.0000
     -1.0000
     -1.0000
     -1.0000
     -1.0000
     -1.0000
     -1.0000
     -1.0000
     -1.0000
     -1.0000
     -1.0000
     -1.0000
     -1.0000
     -1.0000
     -1.0000
     -1.0000
     -1.0000
     -1.0000
     -1.0000
     -1.0000
     -1.0000
    897.2699
    921.1156
    944.9507
    968.7709
     -1.0000
     -1.0000
     -1.0000
     -1.0000
     -1.0000
     -1.0000
     -1.0000
     -1.0000
     -1.0000
# Distance-dependent modelling error(s)
   3    1
    0.00   44.00   48.00
#
   0.100
  10.000
   1.700
#@(#)        iasp91.SnSn     2.1     06/06/96
