# IASPEI travel-time table for phase: SP (All 1st SP-type phaseMap)
 14   Number of depth samples at the following depths (km):
    0.00   15.00   35.00   50.00   75.00  100.00  150.00  200.00  250.00  300.00
  400.00  500.00  600.00  700.00
 51   Number of distance samples at the following distances (deg):
   88.00   89.00   90.00   91.00   92.00   93.00   94.00   95.00   96.00   97.00
   98.00   99.00  100.00  101.00  102.00  103.00  104.00  105.00  106.00  107.00
  108.00  109.00  110.00  111.00  112.00  113.00  114.00  115.00  116.00  117.00
  118.00  119.00  120.00  121.00  122.00  123.00  124.00  125.00  126.00  127.00
  128.00  129.00  130.00  131.00  132.00  133.00  134.00  135.00  136.00  137.00
  138.00
# Travel time at depth =   0.00 km.
   1477.8430
   1489.7278
   1501.5356
   1512.9248
   1524.0184
   1535.0902
   1546.1331
   1557.1406
   1568.1073
   1579.0283
   1589.8993
   1600.7168
   1611.4778
   1622.1797
   1632.8204
   1643.3979
   1653.9108
   1664.3569
   1674.7351
   1685.0442
   1695.2837
   1705.4535
   1715.3324
   1724.5503
   1733.7533
   1742.9377
   1752.0999
   1761.2363
   1770.3435
   1779.4176
   1788.4542
   1797.4492
   1806.3997
   1815.3105
   1824.1860
   1833.0289
   1841.8412
   1850.6241
   1859.3793
   1868.1072
   1876.8088
   1885.4849
   1894.1349
   1902.7568
   1911.3478
   1919.9052
   1928.4280
   1936.9160
   1945.3691
   1953.7860
   1962.1653
# Travel time at depth =  15.00 km.
   1473.6792
   1485.5599
   1497.3638
   1508.7197
   1519.8125
   1530.8832
   1541.9244
   1552.9302
   1563.8948
   1574.8135
   1585.6820
   1596.4969
   1607.2552
   1617.9543
   1628.5922
   1639.1669
   1649.6766
   1660.1198
   1670.4950
   1680.8009
   1691.0374
   1701.2041
   1711.0454
   1720.2627
   1729.4651
   1738.6488
   1747.8099
   1756.9453
   1766.0514
   1775.1240
   1784.1592
   1793.1525
   1802.1013
   1811.0107
   1819.8850
   1828.7267
   1837.5378
   1846.3198
   1855.0739
   1863.8008
   1872.5015
   1881.1766
   1889.8257
   1898.4464
   1907.0363
   1915.5924
   1924.1140
   1932.6008
   1941.0525
   1949.4681
   1957.8461
# Travel time at depth =  35.00 km.
   1468.6320
   1480.5067
   1492.3047
   1503.6121
   1514.7035
   1525.7722
   1536.8112
   1547.8142
   1558.7758
   1569.6910
   1580.5560
   1591.3672
   1602.1215
   1612.8164
   1623.4501
   1634.0205
   1644.5258
   1654.9645
   1665.3352
   1675.6366
   1685.8685
   1696.0308
   1705.8169
   1715.0336
   1724.2350
   1733.4174
   1742.5771
   1751.7111
   1760.8153
   1769.8859
   1778.9188
   1787.9095
   1796.8561
   1805.7634
   1814.6359
   1823.4758
   1832.2853
   1841.0658
   1849.8182
   1858.5438
   1867.2432
   1875.9169
   1884.5645
   1893.1836
   1901.7717
   1910.3260
   1918.8457
   1927.3307
   1935.7806
   1944.1943
   1952.5702
# Travel time at depth =  50.00 km.
   1465.6940
   1477.5630
   1489.3553
   1500.6161
   1511.7062
   1522.7732
   1533.8098
   1544.8103
   1555.7688
   1566.6808
   1577.5424
   1588.3499
   1599.1003
   1609.7914
   1620.4209
   1630.9872
   1641.4883
   1651.9227
   1662.2891
   1672.5862
   1682.8138
   1692.9718
   1702.7057
   1711.9216
   1721.1221
   1730.3033
   1739.4619
   1748.5942
   1757.6968
   1766.7655
   1775.7963
   1784.7847
   1793.7290
   1802.6344
   1811.5050
   1820.3434
   1829.1514
   1837.9303
   1846.6814
   1855.4055
   1864.1035
   1872.7760
   1881.4222
   1890.0399
   1898.6263
   1907.1790
   1915.6969
   1924.1802
   1932.6283
   1941.0403
   1949.4142
# Travel time at depth =  75.00 km.
   1460.8113
   1472.6708
   1484.4536
   1495.6367
   1506.7246
   1517.7883
   1528.8213
   1539.8171
   1550.7706
   1561.6772
   1572.5328
   1583.3341
   1594.0781
   1604.7626
   1615.3854
   1625.9447
   1636.4387
   1646.8660
   1657.2250
   1667.5149
   1677.7352
   1687.8861
   1697.5327
   1706.7473
   1715.9463
   1725.1256
   1734.2819
   1743.4116
   1752.5112
   1761.5768
   1770.6039
   1779.5883
   1788.5289
   1797.4312
   1806.2990
   1815.1345
   1823.9399
   1832.7164
   1841.4651
   1850.1870
   1858.8828
   1867.5531
   1876.1969
   1884.8121
   1893.3958
   1901.9454
   1910.4606
   1918.9408
   1927.3860
   1935.7949
   1944.1656
# Travel time at depth = 100.00 km.
   1455.9459
   1467.7957
   1479.5690
   1490.6746
   1501.7600
   1512.8206
   1523.8495
   1534.8407
   1545.7891
   1556.6901
   1567.5397
   1578.3347
   1589.0721
   1599.7499
   1610.3657
   1620.9180
   1631.4049
   1641.8250
   1652.1766
   1662.4591
   1672.6722
   1682.8158
   1692.3749
   1701.5881
   1710.7854
   1719.9628
   1729.1167
   1738.2439
   1747.3406
   1756.4027
   1765.4261
   1774.4066
   1783.3436
   1792.2427
   1801.1074
   1809.9403
   1818.7430
   1827.5171
   1836.2634
   1844.9830
   1853.6765
   1862.3446
   1870.9861
   1879.5986
   1888.1794
   1896.7262
   1905.2384
   1913.7158
   1922.1580
   1930.5637
   1938.9312
# Travel time at depth = 150.00 km.
   1446.2633
   1458.0933
   1469.6985
   1480.7980
   1491.8782
   1502.9319
   1513.9524
   1524.9342
   1535.8719
   1546.7614
   1557.5988
   1568.3809
   1579.1050
   1589.7689
   1600.3707
   1610.9087
   1621.3810
   1631.7863
   1642.1229
   1652.3906
   1662.5889
   1672.7178
   1682.1007
   1691.3114
   1700.5051
   1709.6783
   1718.8275
   1727.9493
   1737.0399
   1746.0952
   1755.1111
   1764.0833
   1773.0131
   1781.9056
   1790.7645
   1799.5918
   1808.3894
   1817.1584
   1825.8999
   1834.6149
   1843.3040
   1851.9674
   1860.6040
   1869.2113
   1877.7863
   1886.3270
   1894.8333
   1903.3047
   1911.7408
   1920.1401
   1928.5010
# Travel time at depth = 200.00 km.
   1436.6304
   1448.4404
   1459.8755
   1470.9709
   1482.0455
   1493.0918
   1504.1036
   1515.0753
   1526.0020
   1536.8795
   1547.7042
   1558.4730
   1569.1835
   1579.8334
   1590.4208
   1600.9440
   1611.4014
   1621.7915
   1632.1130
   1642.3655
   1652.5488
   1662.6473
   1671.8687
   1681.0763
   1690.2665
   1699.4353
   1708.5796
   1717.6957
   1726.7799
   1735.8282
   1744.8362
   1753.8000
   1762.7225
   1771.6086
   1780.4617
   1789.2834
   1798.0757
   1806.8396
   1815.5763
   1824.2865
   1832.9709
   1841.6299
   1850.2614
   1858.8632
   1867.4321
   1875.9668
   1884.4669
   1892.9323
   1901.3621
   1909.7550
   1918.1090
# Travel time at depth = 250.00 km.
   1427.1234
   1438.9131
   1450.1775
   1461.2686
   1472.3367
   1483.3750
   1494.3774
   1505.3386
   1516.2537
   1527.1187
   1537.9302
   1548.6853
   1559.3816
   1570.0168
   1580.5895
   1591.0975
   1601.5396
   1611.9142
   1622.2201
   1632.4570
   1642.6248
   1652.5311
   1661.7501
   1670.9546
   1680.1409
   1689.3052
   1698.4441
   1707.5544
   1716.6320
   1725.6727
   1734.6725
   1743.6279
   1752.5432
   1761.4229
   1770.2698
   1779.0859
   1787.8728
   1796.6316
   1805.3633
   1814.0687
   1822.7484
   1831.4025
   1840.0288
   1848.6248
   1857.1876
   1865.7161
   1874.2100
   1882.6689
   1891.0923
   1899.4784
   1907.8254
# Travel time at depth = 300.00 km.
   1417.8749
   1429.6312
   1440.7344
   1451.8201
   1462.8812
   1473.9109
   1484.9032
   1495.8529
   1506.7556
   1517.6075
   1528.4052
   1539.1459
   1549.8273
   1560.4474
   1571.0044
   1581.4967
   1591.9226
   1602.2809
   1612.5706
   1622.7914
   1632.9432
   1642.6526
   1651.8689
   1661.0699
   1670.2520
   1679.4114
   1688.5448
   1697.6487
   1706.7192
   1715.7521
   1724.7430
   1733.6901
   1742.5979
   1751.4709
   1760.3118
   1769.1221
   1777.9033
   1786.6569
   1795.3834
   1804.0839
   1812.7587
   1821.4076
   1830.0283
   1838.6183
   1847.1746
   1855.6965
   1864.1840
   1872.6365
   1881.0531
   1889.4321
     -1.0000
# Travel time at depth = 400.00 km.
   1400.1365
   1411.5012
   1422.5957
   1433.6687
   1444.7133
   1455.7230
   1466.6927
   1477.6176
   1488.4933
   1499.3164
   1510.0840
   1520.7936
   1531.4430
   1542.0305
   1552.5543
   1563.0127
   1573.4044
   1583.7281
   1593.9835
   1604.1700
   1614.2878
   1623.5889
   1632.7990
   1641.9921
   1651.1647
   1660.3132
   1669.4343
   1678.5244
   1687.5792
   1696.5948
   1705.5669
   1714.4967
   1723.3896
   1732.2489
   1741.0768
   1749.8750
   1758.6447
   1767.3870
   1776.1028
   1784.7927
   1793.4572
   1802.0950
   1810.7036
   1819.2803
   1827.8229
   1836.3312
   1844.8048
   1853.2433
   1861.6454
   1870.0093
     -1.0000
# Travel time at depth = 500.00 km.
   1384.1479
   1395.2483
   1406.3298
   1417.3855
   1428.4087
   1439.3939
   1450.3359
   1461.2305
   1472.0741
   1482.8634
   1493.5958
   1504.2692
   1514.8816
   1525.4313
   1535.9166
   1546.3362
   1556.6885
   1566.9729
   1577.1890
   1587.3367
   1597.0503
   1606.2675
   1615.4696
   1624.6530
   1633.8141
   1642.9496
   1652.0559
   1661.1293
   1670.1655
   1679.1605
   1688.1116
   1697.0232
   1705.8998
   1714.7440
   1723.5576
   1732.3423
   1741.0991
   1749.8289
   1758.5326
   1767.2108
   1775.8633
   1784.4879
   1793.0824
   1801.6437
   1810.1708
   1818.6635
   1827.1213
   1835.5438
   1843.9292
   1852.2756
     -1.0000
# Travel time at depth = 600.00 km.
   1369.0542
   1380.1420
   1391.2059
   1402.2393
   1413.2363
   1424.1918
   1435.1012
   1445.9611
   1456.7677
   1467.5187
   1478.2115
   1488.8444
   1499.4154
   1509.9230
   1520.3656
   1530.7419
   1541.0508
   1551.2919
   1561.4651
   1571.5518
   1580.7744
   1589.9838
   1599.1761
   1608.3478
   1617.4954
   1626.6155
   1635.7046
   1644.7585
   1653.7733
   1662.7449
   1671.6746
   1680.5674
   1689.4268
   1698.2549
   1707.0535
   1715.8236
   1724.5665
   1733.2828
   1741.9735
   1750.6388
   1759.2776
   1767.8875
   1776.4655
   1785.0098
   1793.5199
   1801.9955
   1810.4362
   1818.8408
   1827.2075
     -1.0000
     -1.0000
# Travel time at depth = 700.00 km.
   1355.5420
   1366.6106
   1377.6499
   1388.6539
   1399.6176
   1410.5363
   1421.4062
   1432.2241
   1442.9871
   1453.6927
   1464.3394
   1474.9249
   1485.4479
   1495.9067
   1506.3000
   1516.6267
   1526.8861
   1537.0781
   1547.2026
   1556.6938
   1565.9086
   1575.1078
   1584.2877
   1593.4449
   1602.5760
   1611.6775
   1620.7456
   1629.7764
   1638.7654
   1647.7112
   1656.6184
   1665.4911
   1674.3318
   1683.1425
   1691.9242
   1700.6783
   1709.4058
   1718.1073
   1726.7833
   1735.4337
   1744.0563
   1752.6484
   1761.2075
   1769.7327
   1778.2235
   1786.6798
   1795.1007
   1803.4847
   1811.8300
     -1.0000
     -1.0000
# Distance-dependent modelling error(s)
   4	1
    0.00   36.00   40.00  180.00
#
   0.100
   6.500
   1.700
   1.700
#@(#)        iasp91.SP     2.1     06/06/96
