# IASPEI travel-time table for phase: sPdiff  
 14   Number of depth samples at the following depths (km):
    0.00   15.00   35.00   50.00   75.00  100.00  150.00  200.00  250.00  300.00
  400.00  500.00  600.00  700.00
 46   Number of distance samples at the following distances (deg):
   99.00  100.00  101.00  102.00  103.00  104.00  105.00  106.00  107.00  108.00
  109.00  110.00  111.00  112.00  113.00  114.00  115.00  116.00  117.00  118.00
  119.00  120.00  121.00  122.00  123.00  124.00  125.00  126.00  127.00  128.00
  129.00  130.00  131.00  132.00  133.00  134.00  135.00  136.00  137.00  138.00
  139.00  140.00  141.00  142.00  143.00  144.00
# Travel time at depth =   0.00 km.
    822.3270
    826.7659
    831.2048
    835.6437
    840.0826
    844.5216
    848.9605
    853.3994
    857.8383
    862.2773
    866.7162
    871.1551
    875.5940
    880.0330
    884.4719
    888.9108
    893.3497
    897.7886
    902.2275
    906.6664
    911.1053
    915.5443
    919.9832
    924.4221
    928.8610
    933.3000
    937.7389
    942.1778
    946.6167
    951.0557
    955.4946
    959.9335
    964.3724
    968.8113
    973.2502
    977.6891
    982.1281
    986.5670
    991.0059
    995.4448
    999.8837
   1004.3227
   1008.7616
   1013.2005
   1017.6394
   1022.0784
# Travel time at depth =  15.00 km.
    826.7509
    831.1898
    835.6287
    840.0676
    844.5065
    848.9455
    853.3844
    857.8233
    862.2622
    866.7012
    871.1401
    875.5790
    880.0179
    884.4568
    888.8958
    893.3347
    897.7736
    902.2125
    906.6514
    911.0903
    915.5292
    919.9682
    924.4071
    928.8460
    933.2849
    937.7239
    942.1628
    946.6017
    951.0406
    955.4796
    959.9185
    964.3574
    968.7963
    973.2352
    977.6741
    982.1130
    986.5519
    990.9909
    995.4298
    999.8687
   1004.3076
   1008.7466
   1013.1855
   1017.6244
   1022.0633
   1026.5022
# Travel time at depth =  35.00 km.
    832.1798
    836.6187
    841.0577
    845.4966
    849.9355
    854.3744
    858.8134
    863.2523
    867.6912
    872.1301
    876.5690
    881.0079
    885.4468
    889.8858
    894.3247
    898.7636
    903.2025
    907.6415
    912.0804
    916.5193
    920.9582
    925.3972
    929.8361
    934.2750
    938.7139
    943.1528
    947.5917
    952.0306
    956.4695
    960.9085
    965.3474
    969.7863
    974.2252
    978.6642
    983.1031
    987.5420
    991.9809
    996.4199
   1000.8588
   1005.2977
   1009.7366
   1014.1755
   1018.6144
   1023.0533
   1027.4923
   1031.9312
# Travel time at depth =  50.00 km.
    835.4791
    839.9180
    844.3569
    848.7958
    853.2347
    857.6736
    862.1125
    866.5515
    870.9904
    875.4293
    879.8682
    884.3071
    888.7461
    893.1850
    897.6239
    902.0628
    906.5018
    910.9407
    915.3796
    919.8185
    924.2574
    928.6964
    933.1353
    937.5742
    942.0131
    946.4520
    950.8909
    955.3298
    959.7688
    964.2077
    968.6466
    973.0855
    977.5245
    981.9634
    986.4023
    990.8412
    995.2802
    999.7191
   1004.1580
   1008.5969
   1013.0358
   1017.4747
   1021.9136
   1026.3525
   1030.7915
   1035.2303
# Travel time at depth =  75.00 km.
    840.9680
    845.4069
    849.8458
    854.2847
    858.7236
    863.1625
    867.6015
    872.0404
    876.4793
    880.9182
    885.3572
    889.7961
    894.2350
    898.6740
    903.1129
    907.5518
    911.9907
    916.4296
    920.8685
    925.3074
    929.7463
    934.1853
    938.6242
    943.0631
    947.5020
    951.9410
    956.3799
    960.8188
    965.2577
    969.6967
    974.1356
    978.5745
    983.0134
    987.4523
    991.8912
    996.3301
   1000.7690
   1005.2080
   1009.6469
   1014.0858
   1018.5247
   1022.9637
   1027.4026
   1031.8416
   1036.2804
   1040.7194
# Travel time at depth = 100.00 km.
    846.4450
    850.8839
    855.3229
    859.7618
    864.2007
    868.6396
    873.0786
    877.5175
    881.9564
    886.3953
    890.8342
    895.2731
    899.7120
    904.1509
    908.5899
    913.0288
    917.4677
    921.9066
    926.3456
    930.7845
    935.2234
    939.6623
    944.1013
    948.5402
    952.9791
    957.4180
    961.8569
    966.2958
    970.7347
    975.1736
    979.6126
    984.0515
    988.4904
    992.9293
    997.3683
   1001.8072
   1006.2461
   1010.6850
   1015.1240
   1019.5629
   1024.0018
   1028.4407
   1032.8796
   1037.3185
   1041.7574
   1046.1964
# Travel time at depth = 150.00 km.
    857.3671
    861.8060
    866.2449
    870.6838
    875.1227
    879.5616
    884.0005
    888.4395
    892.8784
    897.3173
    901.7562
    906.1952
    910.6341
    915.0730
    919.5119
    923.9509
    928.3898
    932.8287
    937.2676
    941.7065
    946.1454
    950.5844
    955.0233
    959.4622
    963.9011
    968.3400
    972.7790
    977.2179
    981.6568
    986.0957
    990.5347
    994.9736
    999.4125
   1003.8514
   1008.2903
   1012.7292
   1017.1682
   1021.6071
   1026.0460
   1030.4849
   1034.9238
   1039.3628
   1043.8016
   1048.2406
   1052.6796
   1057.1184
# Travel time at depth = 200.00 km.
    868.2593
    872.6983
    877.1372
    881.5761
    886.0150
    890.4540
    894.8929
    899.3318
    903.7707
    908.2097
    912.6486
    917.0875
    921.5264
    925.9653
    930.4042
    934.8431
    939.2820
    943.7210
    948.1599
    952.5988
    957.0377
    961.4767
    965.9156
    970.3545
    974.7934
    979.2324
    983.6713
    988.1102
    992.5491
    996.9880
   1001.4269
   1005.8658
   1010.3048
   1014.7437
   1019.1826
   1023.6215
   1028.0604
   1032.4994
   1036.9384
   1041.3772
   1045.8162
   1050.2550
   1054.6940
   1059.1329
   1063.5718
   1068.0107
# Travel time at depth = 250.00 km.
    879.0552
    883.4941
    887.9330
    892.3719
    896.8109
    901.2498
    905.6887
    910.1276
    914.5665
    919.0054
    923.4444
    927.8833
    932.3222
    936.7611
    941.2001
    945.6390
    950.0779
    954.5168
    958.9557
    963.3947
    967.8336
    972.2725
    976.7114
    981.1503
    985.5892
    990.0281
    994.4671
    998.9060
   1003.3449
   1007.7838
   1012.2228
   1016.6617
   1021.1006
   1025.5396
   1029.9784
   1034.4174
   1038.8563
   1043.2952
   1047.7341
   1052.1730
   1056.6119
   1061.0509
   1065.4897
   1069.9287
   1074.3677
   1078.8065
# Travel time at depth = 300.00 km.
    889.6393
    894.0783
    898.5172
    902.9561
    907.3951
    911.8340
    916.2729
    920.7118
    925.1508
    929.5897
    934.0286
    938.4675
    942.9064
    947.3453
    951.7842
    956.2231
    960.6621
    965.1010
    969.5399
    973.9788
    978.4178
    982.8567
    987.2956
    991.7345
    996.1735
   1000.6124
   1005.0513
   1009.4902
   1013.9291
   1018.3680
   1022.8069
   1027.2458
   1031.6848
   1036.1237
   1040.5626
   1045.0016
   1049.4404
   1053.8794
   1058.3184
   1062.7572
   1067.1962
   1071.6350
   1076.0740
   1080.5129
   1084.9518
   1089.3907
# Travel time at depth = 400.00 km.
     -1.0000
    914.6351
    919.0741
    923.5130
    927.9519
    932.3908
    936.8298
    941.2687
    945.7076
    950.1465
    954.5854
    959.0244
    963.4633
    967.9022
    972.3411
    976.7800
    981.2189
    985.6578
    990.0968
    994.5357
    998.9746
   1003.4135
   1007.8525
   1012.2914
   1016.7303
   1021.1692
   1025.6082
   1030.0470
   1034.4860
   1038.9249
   1043.3638
   1047.8027
   1052.2417
   1056.6805
   1061.1195
   1065.5583
   1069.9973
   1074.4363
   1078.8751
   1083.3141
   1087.7531
   1092.1919
   1096.6309
   1101.0697
   1105.5087
   1109.9476
# Travel time at depth = 500.00 km.
     -1.0000
    933.6385
    938.0775
    942.5164
    946.9553
    951.3942
    955.8331
    960.2720
    964.7109
    969.1498
    973.5888
    978.0277
    982.4666
    986.9055
    991.3445
    995.7834
   1000.2223
   1004.6612
   1009.1002
   1013.5391
   1017.9780
   1022.4169
   1026.8558
   1031.2947
   1035.7336
   1040.1726
   1044.6115
   1049.0504
   1053.4894
   1057.9282
   1062.3672
   1066.8060
   1071.2450
   1075.6840
   1080.1228
   1084.5618
   1089.0007
   1093.4396
   1097.8785
   1102.3174
   1106.7563
   1111.1953
   1115.6342
   1120.0731
   1124.5121
   1128.9509
# Travel time at depth = 600.00 km.
     -1.0000
    951.7549
    956.1938
    960.6328
    965.0717
    969.5106
    973.9495
    978.3884
    982.8273
    987.2662
    991.7052
    996.1441
   1000.5830
   1005.0219
   1009.4609
   1013.8998
   1018.3387
   1022.7776
   1027.2166
   1031.6554
   1036.0944
   1040.5333
   1044.9722
   1049.4111
   1053.8501
   1058.2889
   1062.7279
   1067.1667
   1071.6057
   1076.0447
   1080.4835
   1084.9225
   1089.3615
   1093.8003
   1098.2393
   1102.6781
   1107.1171
   1111.5560
   1115.9949
   1120.4338
   1124.8728
   1129.3116
   1133.7506
   1138.1896
   1142.6284
   1147.0674
# Travel time at depth = 700.00 km.
     -1.0000
    968.6826
    973.1215
    977.5604
    981.9994
    986.4383
    990.8772
    995.3161
    999.7551
   1004.1940
   1008.6329
   1013.0718
   1017.5107
   1021.9496
   1026.3885
   1030.8275
   1035.2664
   1039.7053
   1044.1443
   1048.5831
   1053.0221
   1057.4611
   1061.8999
   1066.3389
   1070.7777
   1075.2167
   1079.6556
   1084.0945
   1088.5334
   1092.9724
   1097.4113
   1101.8502
   1106.2891
   1110.7280
   1115.1670
   1119.6058
   1124.0448
   1128.4838
   1132.9226
   1137.3616
   1141.8004
   1146.2394
   1150.6783
   1155.1172
   1159.5562
   1163.9951
# Distance-dependent modelling error(s)
   3   1
  100.00  116.00  144.00
#
   1.200
   5.000
  10.000
#@(#)        iasp91.sPdiff     2.1     06/06/96
