# IASPEI travel-time table for phase: sPKiKP  
 14   Number of depth samples at the following depths (km):
    0.00   15.00   35.00   50.00   75.00  100.00  150.00  200.00  250.00  300.00
  400.00  500.00  600.00  700.00
 32   Number of distance samples at the following distances (deg):
    0.00    5.00   10.00   15.00   20.00   25.00   30.00   35.00   40.00   45.00
   50.00   55.00   60.00   65.00   70.00   75.00   80.00   85.00   90.00   95.00
  100.00  105.00  110.00  115.00  120.00  125.00  130.00  135.00  140.00  145.00
  150.00  155.00
# Travel time at depth =   0.00 km.
    994.5978
    994.8775
    995.7156
    997.1091
    999.0533
   1001.5414
   1004.5651
   1008.1141
   1012.1764
   1016.7386
   1021.7857
   1027.3016
   1033.2686
   1039.6681
   1046.4803
   1053.6848
   1061.2601
   1069.1842
   1077.4344
   1085.9878
   1094.8208
   1103.9098
   1113.2310
   1122.7603
   1132.4738
   1142.3477
   1152.3582
   1162.4821
   1172.6960
   1182.9773
   1193.3038
   1203.6534
# Travel time at depth =  15.00 km.
    999.0621
    999.3418
   1000.1798
   1001.5732
   1003.5172
   1006.0052
   1009.0286
   1012.5772
   1016.6392
   1021.2010
   1026.2478
   1031.7632
   1037.7297
   1044.1288
   1050.9407
   1058.1447
   1065.7195
   1073.6432
   1081.8931
   1090.4459
   1099.2786
   1108.3672
   1117.6880
   1127.2170
   1136.9302
   1146.8038
   1156.8142
   1166.9379
   1177.1517
   1187.4330
   1197.7594
   1208.1090
# Travel time at depth =  35.00 km.
   1004.5501
   1004.8297
   1005.6676
   1007.0608
   1009.0046
   1011.4922
   1014.5153
   1018.0634
   1022.1249
   1026.6862
   1031.7324
   1037.2472
   1043.2131
   1049.6116
   1056.4227
   1063.6261
   1071.2003
   1079.1233
   1087.3726
   1095.9249
   1104.7570
   1113.8451
   1123.1654
   1132.6938
   1142.4067
   1152.2800
   1162.2900
   1172.4135
   1182.6271
   1192.9082
   1203.2345
   1213.5842
# Travel time at depth =  50.00 km.
   1007.9039
   1008.1835
   1009.0213
   1010.4143
   1012.3578
   1014.8452
   1017.8679
   1021.4156
   1025.4767
   1030.0375
   1035.0831
   1040.5974
   1046.5627
   1052.9606
   1059.7711
   1066.9739
   1074.5475
   1082.4700
   1090.7186
   1099.2704
   1108.1019
   1117.1896
   1126.5094
   1136.0375
   1145.7500
   1155.6229
   1165.6327
   1175.7560
   1185.9694
   1196.2504
   1206.5767
   1216.9263
# Travel time at depth =  75.00 km.
   1013.4846
   1013.7642
   1014.6017
   1015.9945
   1017.9377
   1020.4245
   1023.4466
   1026.9937
   1031.0540
   1035.6139
   1040.6587
   1046.1720
   1052.1365
   1058.5332
   1065.3428
   1072.5446
   1080.1171
   1088.0386
   1096.2863
   1104.8372
   1113.6678
   1122.7546
   1132.0736
   1141.6011
   1151.3129
   1161.1853
   1171.1947
   1181.3175
   1191.5306
   1201.8114
   1212.1375
   1222.4871
# Travel time at depth = 100.00 km.
   1019.0544
   1019.3339
   1020.1713
   1021.5637
   1023.5065
   1025.9928
   1029.0143
   1032.5607
   1036.6202
   1041.1793
   1046.2233
   1051.7356
   1057.6990
   1064.0948
   1070.9033
   1078.1040
   1085.6757
   1093.5961
   1101.8428
   1110.3927
   1119.2225
   1128.3085
   1137.6268
   1147.1534
   1156.8647
   1166.7366
   1176.7455
   1186.8679
   1197.0807
   1207.3613
   1217.6873
   1228.0367
# Travel time at depth = 150.00 km.
   1030.1646
   1030.4440
   1031.2810
   1032.6729
   1034.6149
   1037.1001
   1040.1204
   1043.6654
   1047.7234
   1052.2808
   1057.3229
   1062.8334
   1068.7947
   1075.1885
   1081.9949
   1089.1935
   1096.7631
   1104.6814
   1112.9261
   1121.4742
   1130.3022
   1139.3866
   1148.7032
   1158.2285
   1167.9385
   1177.8093
   1187.8171
   1197.9388
   1208.1511
   1218.4312
   1228.7568
   1239.1063
# Travel time at depth = 200.00 km.
   1041.2485
   1041.5277
   1042.3645
   1043.7557
   1045.6969
   1048.1812
   1051.2002
   1054.7438
   1058.8002
   1063.3558
   1068.3961
   1073.9045
   1079.8640
   1086.2556
   1093.0599
   1100.2565
   1107.8239
   1115.7402
   1123.9829
   1132.5291
   1141.3552
   1150.4377
   1159.7529
   1169.2767
   1178.9855
   1188.8551
   1198.8619
   1208.9828
   1219.1945
   1229.4741
   1239.7996
   1250.1488
# Travel time at depth = 250.00 km.
   1052.2408
   1052.5200
   1053.3563
   1054.7469
   1056.6873
   1059.1705
   1062.1884
   1065.7305
   1069.7852
   1074.3391
   1079.3774
   1084.8839
   1090.8412
   1097.2307
   1104.0328
   1111.2272
   1118.7925
   1126.7067
   1134.9474
   1143.4915
   1152.3158
   1161.3966
   1170.7101
   1180.2324
   1189.9398
   1199.8082
   1209.8142
   1219.9342
   1230.1451
   1240.4243
   1250.7495
   1261.0988
# Travel time at depth = 300.00 km.
   1063.0287
   1063.3076
   1064.1437
   1065.5337
   1067.4731
   1069.9552
   1072.9717
   1076.5123
   1080.5654
   1085.1174
   1090.1538
   1095.6582
   1101.6134
   1108.0006
   1114.8005
   1121.9927
   1129.5557
   1137.4677
   1145.7063
   1154.2484
   1163.0707
   1172.1497
   1181.4615
   1190.9823
   1200.6882
   1210.5555
   1220.5604
   1230.6796
   1240.8899
   1251.1686
   1261.4934
   1271.8425
# Travel time at depth = 400.00 km.
   1084.0151
   1084.2938
   1085.1290
   1086.5178
   1088.4553
   1090.9352
   1093.9489
   1097.4863
   1101.5359
   1106.0841
   1111.1163
   1116.6163
   1122.5669
   1128.9496
   1135.7448
   1142.9321
   1150.4904
   1158.3978
   1166.6318
   1175.1697
   1183.9879
   1193.0630
   1202.3713
   1211.8888
   1221.5919
   1231.4565
   1241.4592
   1251.5767
   1261.7855
   1272.0632
   1282.3875
   1292.7362
# Travel time at depth = 500.00 km.
   1103.4983
   1103.7766
   1104.6110
   1105.9982
   1107.9337
   1110.4110
   1113.4216
   1116.9557
   1121.0012
   1125.5452
   1130.5728
   1136.0679
   1142.0134
   1148.3909
   1155.1808
   1162.3628
   1169.9159
   1177.8181
   1186.0471
   1194.5802
   1203.3938
   1212.4646
   1221.7689
   1231.2828
   1240.9827
   1250.8445
   1260.8447
   1270.9601
   1281.1674
   1291.4440
   1301.7675
   1312.1160
# Travel time at depth = 600.00 km.
   1122.1343
   1122.4124
   1123.2456
   1124.6313
   1126.5647
   1129.0392
   1132.0465
   1135.5767
   1139.6180
   1144.1572
   1149.1799
   1154.6698
   1160.6099
   1166.9817
   1173.7660
   1180.9423
   1188.4896
   1196.3864
   1204.6100
   1213.1377
   1221.9464
   1231.0126
   1240.3126
   1249.8226
   1259.5188
   1269.3776
   1279.3751
   1289.4883
   1299.6938
   1309.9691
   1320.2919
   1330.6401
# Travel time at depth = 700.00 km.
   1139.6372
   1139.9149
   1140.7472
   1142.1311
   1144.0621
   1146.5336
   1149.5372
   1153.0632
   1157.0999
   1161.6339
   1166.6511
   1172.1353
   1178.0693
   1184.4349
   1191.2129
   1198.3828
   1205.9240
   1213.8145
   1222.0321
   1230.5542
   1239.3574
   1248.4185
   1257.7136
   1267.2192
   1276.9116
   1286.7668
   1296.7616
   1306.8722
   1317.0759
   1327.3499
   1337.6716
   1348.0195
# Modelling error(s)
   1   1
#
   1.200
#@(#)        iasp91.sPKiKP     2.1     06/06/96
