# IASPEI travel-time table for phase: sPKPab  
 14   Number of depth samples at the following depths (km):
    0.00   15.00   35.00   50.00   75.00  100.00  150.00  200.00  250.00  300.00
  400.00  500.00  600.00  700.00
 34   Number of distance samples at the following distances (deg):
  145.00  146.00  147.00  148.00  149.00  150.00  151.00  152.00  153.00  154.00
  155.00  156.00  157.00  158.00  159.00  160.00  161.00  162.00  163.00  164.00
  165.00  166.00  167.00  168.00  169.00  170.00  171.00  172.00  173.00  174.00
  175.00  176.00  177.00  178.00
# Travel time at depth =   0.00 km.
   1177.7375
   1181.5366
   1185.4521
   1189.4470
   1193.5034
   1197.6097
   1201.7579
   1205.9418
   1210.1566
   1214.3987
   1218.6647
   1222.9520
   1227.2583
   1231.5814
   1235.9197
   1240.2715
   1244.6354
   1249.0101
   1253.3944
   1257.7875
   1262.1881
   1266.5955
   1271.0088
   1275.4272
   1279.8502
   1284.2771
   1288.7072
   1293.1400
   1297.5748
   1302.0115
   1306.4492
   1310.8877
     -1.0000
     -1.0000
# Travel time at depth =  15.00 km.
   1182.1737
   1185.9703
   1189.8843
   1193.8781
   1197.9336
   1202.0392
   1206.1866
   1210.3700
   1214.5842
   1218.8259
   1223.0916
   1227.3784
   1231.6843
   1236.0072
   1240.3452
   1244.6968
   1249.0605
   1253.4351
   1257.8192
   1262.2122
   1266.6125
   1271.0199
   1275.4331
   1279.8516
   1284.2744
   1288.7012
   1293.1312
   1297.5640
   1301.9988
   1306.4354
   1310.8732
   1315.3116
     -1.0000
     -1.0000
# Travel time at depth =  35.00 km.
   1187.6206
   1191.4136
   1195.3254
   1199.3175
   1203.3717
   1207.4762
   1211.6227
   1215.8052
   1220.0187
   1224.2596
   1228.5248
   1232.8112
   1237.1166
   1241.4391
   1245.7767
   1250.1279
   1254.4913
   1258.8656
   1263.2495
   1267.6422
   1272.0425
   1276.4496
   1280.8627
   1285.2809
   1289.7037
   1294.1304
   1298.5604
   1302.9930
   1307.4279
   1311.8644
   1316.3021
   1320.7406
     -1.0000
     -1.0000
# Travel time at depth =  50.00 km.
   1190.9365
   1194.7262
   1198.6360
   1202.6266
   1206.6794
   1210.7828
   1214.9285
   1219.1101
   1223.3231
   1227.5634
   1231.8279
   1236.1139
   1240.4188
   1244.7410
   1249.0782
   1253.4291
   1257.7922
   1262.1663
   1266.5500
   1270.9424
   1275.3425
   1279.7495
   1284.1625
   1288.5806
   1293.0033
   1297.4299
   1301.8597
   1306.2924
   1310.7272
   1315.1636
   1319.6013
   1324.0398
     -1.0000
     -1.0000
# Travel time at depth =  75.00 km.
   1196.4539
   1200.2377
   1204.1440
   1208.1320
   1212.1827
   1216.2844
   1220.4285
   1224.6089
   1228.8207
   1233.0599
   1237.3235
   1241.6086
   1245.9130
   1250.2344
   1254.5710
   1258.9215
   1263.2841
   1267.6577
   1272.0410
   1276.4331
   1280.8330
   1285.2396
   1289.6523
   1294.0703
   1298.4928
   1302.9193
   1307.3490
   1311.7815
   1316.2162
   1320.6526
   1325.0903
   1329.5288
     -1.0000
     -1.0000
# Travel time at depth = 100.00 km.
   1201.9598
   1205.7377
   1209.6405
   1213.6259
   1217.6744
   1221.7743
   1225.9169
   1230.0958
   1234.3064
   1238.5447
   1242.8074
   1247.0917
   1251.3953
   1255.7159
   1260.0521
   1264.4020
   1268.7640
   1273.1372
   1277.5203
   1281.9120
   1286.3115
   1290.7179
   1295.1304
   1299.5481
   1303.9705
   1308.3967
   1312.8264
   1317.2588
   1321.6934
   1326.1298
   1330.5674
   1335.0059
   1339.4447
     -1.0000
# Travel time at depth = 150.00 km.
   1212.9418
   1216.7069
   1220.6024
   1224.5822
   1228.6263
   1232.7225
   1236.8619
   1241.0382
   1245.2465
   1249.4825
   1253.7433
   1258.0260
   1262.3280
   1266.6473
   1270.9823
   1275.3311
   1279.6923
   1284.0645
   1288.4467
   1292.8378
   1297.2366
   1301.6425
   1306.0544
   1310.4718
   1314.8938
   1319.3198
   1323.7491
   1328.1813
   1332.6157
   1337.0520
   1341.4895
   1345.9279
   1350.3667
     -1.0000
# Travel time at depth = 200.00 km.
   1223.8967
   1227.6479
   1231.5358
   1235.5098
   1239.5494
   1243.6417
   1247.7780
   1251.9514
   1256.1571
   1260.3911
   1264.6499
   1268.9308
   1273.2313
   1277.5493
   1281.8829
   1286.2306
   1290.5908
   1294.9622
   1299.3435
   1303.7339
   1308.1321
   1312.5374
   1316.9489
   1321.3657
   1325.7874
   1330.2130
   1334.6421
   1339.0741
   1343.5083
   1347.9445
   1352.3818
   1356.8202
   1361.2590
     -1.0000
# Travel time at depth = 250.00 km.
   1234.7590
   1238.4944
   1242.3741
   1246.3423
   1250.3772
   1254.4656
   1258.5984
   1262.7689
   1266.9720
   1271.2037
   1275.4606
   1279.7397
   1284.0386
   1288.3551
   1292.6875
   1297.0339
   1301.3931
   1305.7635
   1310.1440
   1314.5337
   1318.9313
   1323.3359
   1327.7469
   1332.1633
   1336.5846
   1341.0099
   1345.4387
   1349.8705
   1354.3046
   1358.7405
   1363.1777
   1367.6161
   1372.0548
     -1.0000
# Travel time at depth = 300.00 km.
   1245.4154
   1249.1320
   1253.0031
   1256.9650
   1260.9948
   1265.0790
   1269.2084
   1273.3759
   1277.5763
   1281.8057
   1286.0604
   1290.3376
   1294.6348
   1298.9498
   1303.2808
   1307.6261
   1311.9841
   1316.3536
   1320.7333
   1325.1221
   1329.5189
   1333.9230
   1338.3335
   1342.7494
   1347.1703
   1351.5952
   1356.0237
   1360.4552
   1364.8890
   1369.3248
   1373.7621
   1378.2003
   1382.6390
     -1.0000
# Travel time at depth = 400.00 km.
     -1.0000
   1269.8043
   1273.6564
   1277.6046
   1281.6235
   1285.6989
   1289.8206
   1293.9814
   1298.1763
   1302.4005
   1306.6506
   1310.9238
   1315.2175
   1319.5293
   1323.8574
   1328.2001
   1332.5557
   1336.9231
   1341.3009
   1345.6880
   1350.0834
   1354.4861
   1358.8954
   1363.3103
   1367.7302
   1372.1545
   1376.5824
   1381.0133
   1385.4468
   1389.8822
   1394.3192
   1398.7572
   1403.1959
     -1.0000
# Travel time at depth = 500.00 km.
     -1.0000
   1288.9419
   1292.7708
   1296.7030
   1300.7095
   1304.7744
   1308.8873
   1313.0408
   1317.2290
   1321.4474
   1325.6924
   1329.9611
   1334.2505
   1338.5586
   1342.8834
   1347.2230
   1351.5760
   1355.9410
   1360.3167
   1364.7019
   1369.0956
   1373.4968
   1377.9047
   1382.3185
   1386.7374
   1391.1608
   1395.5879
   1400.0182
   1404.4510
   1408.8861
   1413.3229
   1417.7607
   1422.1992
     -1.0000
# Travel time at depth = 600.00 km.
     -1.0000
   1307.2106
   1311.0117
   1314.9257
   1318.9180
   1322.9713
   1327.0745
   1331.2195
   1335.4004
   1339.6123
   1343.8517
   1348.1151
   1352.4000
   1356.7041
   1361.0251
   1365.3615
   1369.7115
   1374.0739
   1378.4471
   1382.8302
   1387.2219
   1391.6215
   1396.0278
   1400.4403
   1404.8582
   1409.2804
   1413.7068
   1418.1364
   1422.5687
   1427.0033
   1431.4397
   1435.8773
   1440.3157
   1444.7545
# Travel time at depth = 700.00 km.
     -1.0000
   1324.3169
   1328.0830
   1331.9753
   1335.9510
   1339.9910
   1344.0830
   1348.2184
   1352.3910
   1356.5956
   1360.8284
   1365.0859
   1369.3657
   1373.6650
   1377.9819
   1382.3146
   1386.6613
   1391.0205
   1395.3910
   1399.7716
   1404.1613
   1408.5588
   1412.9635
   1417.3745
   1421.7909
   1426.2122
   1430.6375
   1435.0662
   1439.4979
   1443.9320
   1448.3679
   1452.8052
   1457.2435
   1461.6823
# Modelling error(s)
   1   1
#
   1.500
#@(#)        iasp91.sPKPab     2.1     06/06/96
