# IASPEI travel-time table for phase: sPKPdf  
 14   Number of depth samples at the following depths (km):
    0.00   15.00   35.00   50.00   75.00  100.00  150.00  200.00  250.00  300.00
  400.00  500.00  600.00  700.00
 34   Number of distance samples at the following distances (deg):
  114.00  116.00  118.00  120.00  122.00  124.00  126.00  128.00  130.00  132.00
  134.00  136.00  138.00  140.00  142.00  144.00  146.00  148.00  150.00  152.00
  154.00  156.00  158.00  160.00  162.00  164.00  166.00  168.00  170.00  172.00
  174.00  176.00  178.00  180.00
# Travel time at depth =   0.00 km.
   1120.8385
   1124.6686
   1128.4971
   1132.3226
   1136.1432
   1139.9569
   1143.7614
   1147.5537
   1151.3303
   1155.0874
   1158.8199
   1162.5217
   1166.1858
   1169.8031
   1173.3634
   1176.8545
   1180.2623
   1183.5714
   1186.7650
   1189.8264
   1192.7388
   1195.4866
   1198.0557
   1200.4336
   1202.6100
   1204.5759
   1206.3242
   1207.8492
   1209.1462
   1210.2118
   1211.0432
   1211.6384
   1211.9960
   1212.1154
# Travel time at depth =  15.00 km.
   1125.2953
   1129.1254
   1132.9540
   1136.7794
   1140.6001
   1144.4138
   1148.2184
   1152.0106
   1155.7875
   1159.5446
   1163.2771
   1166.9791
   1170.6433
   1174.2609
   1177.8214
   1181.3127
   1184.7208
   1188.0303
   1191.2244
   1194.2861
   1197.1990
   1199.9473
   1202.5168
   1204.8953
   1207.0721
   1209.0385
   1210.7872
   1212.3125
   1213.6099
   1214.6757
   1215.5073
   1216.1025
   1216.4603
   1216.5797
# Travel time at depth =  35.00 km.
   1130.7723
   1134.6024
   1138.4310
   1142.2565
   1146.0771
   1149.8910
   1153.6956
   1157.4879
   1161.2648
   1165.0221
   1168.7548
   1172.4569
   1176.1213
   1179.7391
   1183.3000
   1186.7919
   1190.2004
   1193.5104
   1196.7050
   1199.7675
   1202.6810
   1205.4299
   1208.0002
   1210.3794
   1212.5569
   1214.5238
   1216.2731
   1217.7990
   1219.0968
   1220.1630
   1220.9949
   1221.5903
   1221.9482
   1222.0676
# Travel time at depth =  50.00 km.
   1134.1161
   1137.9462
   1141.7748
   1145.6002
   1149.4210
   1153.2349
   1157.0394
   1160.8319
   1164.6089
   1168.3662
   1172.0991
   1175.8015
   1179.4661
   1183.0841
   1186.6454
   1190.1375
   1193.5465
   1196.8568
   1200.0521
   1203.1151
   1206.0293
   1208.7789
   1211.3499
   1213.7296
   1215.9077
   1217.8752
   1219.6251
   1221.1515
   1222.4497
   1223.5162
   1224.3483
   1224.9441
   1225.3020
   1225.4215
# Travel time at depth =  75.00 km.
   1139.6798
   1143.5099
   1147.3385
   1151.1641
   1154.9849
   1158.7987
   1162.6034
   1166.3960
   1170.1732
   1173.9308
   1177.6638
   1181.3665
   1185.0314
   1188.6499
   1192.2117
   1195.7043
   1199.1141
   1202.4253
   1205.6215
   1208.6854
   1211.6007
   1214.3514
   1216.9235
   1219.3043
   1221.4834
   1223.4520
   1225.2028
   1226.7299
   1228.0287
   1229.0958
   1229.9285
   1230.5245
   1230.8827
   1231.0022
# Travel time at depth = 100.00 km.
   1145.2324
   1149.0625
   1152.8911
   1156.7167
   1160.5375
   1164.3516
   1168.1562
   1171.9490
   1175.7263
   1179.4841
   1183.2174
   1186.9203
   1190.5856
   1194.2046
   1197.7668
   1201.2601
   1204.6707
   1207.9827
   1211.1797
   1214.2448
   1217.1610
   1219.9128
   1222.4861
   1224.8680
   1227.0481
   1229.0177
   1230.7693
   1232.2972
   1233.5968
   1234.6646
   1235.4976
   1236.0940
   1236.4523
   1236.5719
# Travel time at depth = 150.00 km.
   1156.3079
   1160.1379
   1163.9666
   1167.7922
   1171.6132
   1175.4272
   1179.2323
   1183.0253
   1186.8029
   1190.5610
   1194.2948
   1197.9983
   1201.6643
   1205.2842
   1208.8475
   1212.3420
   1215.7540
   1219.0677
   1222.2666
   1225.3337
   1228.2522
   1231.0062
   1233.5817
   1235.9658
   1238.1481
   1240.1196
   1241.8732
   1243.4027
   1244.7037
   1245.7726
   1246.6066
   1247.2036
   1247.5624
   1247.6821
# Travel time at depth = 200.00 km.
   1167.3563
   1171.1865
   1175.0151
   1178.8409
   1182.6620
   1186.4762
   1190.2814
   1194.0746
   1197.8525
   1201.6111
   1205.3453
   1209.0494
   1212.7162
   1216.3370
   1219.9014
   1223.3972
   1226.8105
   1230.1260
   1233.3269
   1236.3960
   1239.3167
   1242.0730
   1244.6508
   1247.0372
   1249.2217
   1251.1952
   1252.9506
   1254.4818
   1255.7843
   1256.8544
   1257.6893
   1258.2870
   1258.6462
   1258.7661
# Travel time at depth = 250.00 km.
   1178.3124
   1182.1426
   1185.9713
   1189.7971
   1193.6182
   1197.4326
   1201.2379
   1205.0315
   1208.8097
   1212.5686
   1216.3035
   1220.0082
   1223.6757
   1227.2974
   1230.8628
   1234.3600
   1237.7749
   1241.0920
   1244.2948
   1247.3661
   1250.2891
   1253.0477
   1255.6278
   1258.0166
   1260.2032
   1262.1790
   1263.9362
   1265.4691
   1266.7731
   1267.8445
   1268.6803
   1269.2788
   1269.6384
   1269.7584
# Travel time at depth = 300.00 km.
   1189.0626
   1192.8927
   1196.7216
   1200.5474
   1204.3687
   1208.1832
   1211.9888
   1215.7825
   1219.5610
   1223.3204
   1227.0558
   1230.7611
   1234.4294
   1238.0520
   1241.6187
   1245.1171
   1248.5336
   1251.8525
   1255.0574
   1258.1309
   1261.0562
   1263.8173
   1266.3998
   1268.7910
   1270.9800
   1272.9579
   1274.7170
   1276.2518
   1277.5574
   1278.6299
   1279.4668
   1280.0660
   1280.4260
   1280.5463
# Travel time at depth = 400.00 km.
   1209.9697
   1213.7999
   1217.6288
   1221.4548
   1225.2762
   1229.0912
   1232.8972
   1236.6914
   1240.4707
   1244.2310
   1247.9674
   1251.6741
   1255.3440
   1258.9685
   1262.5375
   1266.0388
   1269.4586
   1272.7814
   1275.9905
   1279.0686
   1281.9988
   1284.7650
   1287.3528
   1289.7490
   1291.9430
   1293.9254
   1295.6888
   1297.2274
   1298.5361
   1299.6115
   1300.4506
   1301.0513
   1301.4122
   1301.5327
# Travel time at depth = 500.00 km.
     -1.0000
   1233.1947
   1237.0237
   1240.8499
   1244.6715
   1248.4868
   1252.2932
   1256.0881
   1259.8682
   1263.6294
   1267.3669
   1271.0751
   1274.7468
   1278.3735
   1281.9452
   1285.4496
   1288.8730
   1292.2001
   1295.4138
   1298.4971
   1301.4329
   1304.2048
   1306.7983
   1309.2003
   1311.3998
   1313.3873
   1315.1555
   1316.6982
   1318.0106
   1319.0890
   1319.9305
   1320.5330
   1320.8950
   1321.0159
# Travel time at depth = 600.00 km.
     -1.0000
   1251.7351
   1255.5641
   1259.3905
   1263.2125
   1267.0281
   1270.8351
   1274.6306
   1278.4115
   1282.1737
   1285.9125
   1289.6223
   1293.2959
   1296.9250
   1300.4995
   1304.0073
   1307.4347
   1310.7661
   1313.9850
   1317.0740
   1320.0156
   1322.7938
   1325.3936
   1327.8018
   1330.0071
   1332.0002
   1333.7736
   1335.3209
   1336.6373
   1337.7190
   1338.5631
   1339.1675
   1339.5306
   1339.6519
# Travel time at depth = 700.00 km.
     -1.0000
   1269.1324
   1272.9615
   1276.7882
   1280.6105
   1284.4265
   1288.2340
   1292.0302
   1295.8119
   1299.5753
   1303.3156
   1307.0270
   1310.7028
   1314.3345
   1317.9120
   1321.4235
   1324.8552
   1328.1917
   1331.4161
   1334.5112
   1337.4596
   1340.2446
   1342.8513
   1345.2662
   1347.4783
   1349.4777
   1351.2567
   1352.8091
   1354.1299
   1355.2153
   1356.0623
   1356.6687
   1357.0331
   1357.1548
# Modelling error(s)
   1   1
#
   1.200
#@(#)        iasp91.sPKPdf     2.1     06/06/96
