# IASPEI travel-time table for phase: sP (All 1st sP's; 1st sP-type phaseMap)
 14   Number of depth samples at the following depths (km):
    0.00   15.00   35.00   50.00   75.00  100.00  150.00  200.00  250.00  300.00
  400.00  500.00  600.00  700.00
181   Number of distance samples at the following distances (deg):
    0.00    1.00    2.00    3.00    4.00    5.00    6.00    7.00    8.00    9.00
   10.00   11.00   12.00   13.00   14.00   15.00   16.00   17.00   18.00   19.00
   20.00   21.00   22.00   23.00   24.00   25.00   26.00   27.00   28.00   29.00
   30.00   31.00   32.00   33.00   34.00   35.00   36.00   37.00   38.00   39.00
   40.00   41.00   42.00   43.00   44.00   45.00   46.00   47.00   48.00   49.00
   50.00   51.00   52.00   53.00   54.00   55.00   56.00   57.00   58.00   59.00
   60.00   61.00   62.00   63.00   64.00   65.00   66.00   67.00   68.00   69.00
   70.00   71.00   72.00   73.00   74.00   75.00   76.00   77.00   78.00   79.00
   80.00   81.00   82.00   83.00   84.00   85.00   86.00   87.00   88.00   89.00
   90.00   91.00   92.00   93.00   94.00   95.00   96.00   97.00   98.00   99.00
  100.00  101.00  102.00  103.00  104.00  105.00  106.00  107.00  108.00  109.00
  110.00  111.00  112.00  113.00  114.00  115.00  116.00  117.00  118.00  119.00
  120.00  121.00  122.00  123.00  124.00  125.00  126.00  127.00  128.00  129.00
  130.00  131.00  132.00  133.00  134.00  135.00  136.00  137.00  138.00  139.00
  140.00  141.00  142.00  143.00  144.00  145.00  146.00  147.00  148.00  149.00
  150.00  151.00  152.00  153.00  154.00  155.00  156.00  157.00  158.00  159.00
  160.00  161.00  162.00  163.00  164.00  165.00  166.00  167.00  168.00  169.00
  170.00  171.00  172.00  173.00  174.00  175.00  176.00  177.00  178.00  179.00
  180.00
# Travel time at depth =   0.00 km.
      0.0011
     19.1713
     35.0267
     48.7790
     62.5284
     76.2738
     90.0138
    103.7473
    117.4729
    131.1894
    144.8956
    158.5903
    172.2720
    185.9397
    199.5925
    213.2282
    226.3815
    239.1274
    251.5772
    263.1593
    274.0988
    284.9542
    295.7076
    306.3429
    316.3098
    325.4287
    334.5067
    343.5370
    352.5024
    361.4097
    370.2745
    379.1021
    387.8925
    396.6399
    405.3361
    413.9794
    422.5665
    431.0943
    439.5610
    447.9646
    456.3024
    464.5730
    472.7766
    480.9120
    488.9781
    496.9742
    504.8996
    512.7539
    520.5367
    528.2479
    535.8867
    543.4528
    550.9465
    558.3682
    565.7176
    572.9946
    580.1990
    587.3309
    594.3901
    601.3770
    608.2912
    615.1328
    621.9019
    628.5983
    635.2220
    641.7729
    648.2509
    654.6561
    660.9884
    667.2479
    673.4344
    679.5475
    685.5873
    691.5533
    697.4456
    703.2635
    709.0069
    714.6755
    720.2691
    725.7874
    731.2296
    736.5952
    741.8842
    747.0963
    752.2292
    757.2814
    762.2581
    767.1616
    771.9557
    776.6704
    781.3480
    785.9970
    790.6224
    795.2275
    799.8137
    804.3773
    808.9117
    813.4149
    817.8853
    822.3270
    826.7659
    831.2048
    835.6437
    840.0826
    844.5216
    848.9605
    853.3994
    857.8383
    862.2773
    866.7162
    871.1551
    875.5940
    880.0330
     -1.0000
   1120.8385
   1122.7537
   1124.6686
   1126.5831
   1128.4971
   1130.4104
   1132.3226
   1134.2336
   1136.1432
   1138.0510
   1139.9569
   1141.8605
   1143.7614
   1145.6592
   1147.5537
   1149.4442
   1151.3303
   1153.2117
   1155.0874
   1156.9570
   1158.8199
   1160.6750
   1162.5217
   1164.3590
   1166.1858
   1168.0009
   1169.8031
   1171.5912
   1173.3634
   1175.1185
   1176.8545
   1177.6207
   1180.2623
   1181.9302
   1183.5714
   1185.1837
   1186.7650
   1188.3134
   1189.8264
   1191.3022
   1192.7388
   1194.1342
   1195.4866
   1196.7943
   1198.0557
   1199.2693
   1200.4336
   1201.5476
   1202.6100
   1203.6198
   1204.5759
   1205.4777
   1206.3242
   1207.1150
   1207.8492
   1208.5265
   1209.1462
   1209.7081
   1210.2118
   1210.6570
   1211.0432
   1211.3704
   1211.6384
   1211.8469
   1211.9960
   1212.0854
   1212.1154
# Travel time at depth =  15.00 km.
     -1.0000
     22.8081
     39.0863
     52.8387
     66.5883
     80.3340
     94.0744
    107.8083
    121.5344
    135.2515
    148.9584
    162.6538
    176.3364
    190.0050
    203.6587
    217.2955
    230.4901
    243.2552
    255.7191
    267.3703
    278.3133
    289.1730
    299.9315
    310.5726
    320.6001
    329.7205
    338.8002
    347.8326
    356.8007
    365.7097
    374.5760
    383.4049
    392.1968
    400.9460
    409.6441
    418.2893
    426.8786
    435.4086
    443.8775
    452.2833
    460.6235
    468.8964
    477.1024
    485.2402
    493.3086
    501.3070
    509.2348
    517.0915
    524.8767
    532.5901
    540.2313
    547.7997
    555.2957
    562.7196
    570.0713
    577.3505
    584.5571
    591.6911
    598.7525
    605.7415
    612.6578
    619.5015
    626.2726
    632.9711
    639.5968
    646.1497
    652.6296
    659.0367
    665.3710
    671.6324
    677.8207
    683.9358
    689.9774
    695.9453
    701.8393
    707.6591
    713.4042
    719.0745
    724.6699
    730.1899
    735.6338
    741.0012
    746.2919
    751.5056
    756.6403
    761.6941
    766.6723
    771.5775
    776.3739
    781.0895
    785.7676
    790.4172
    795.0430
    799.6484
    804.2350
    808.7991
    813.3342
    817.8379
    822.3089
    826.7509
    831.1898
    835.6287
    840.0676
    844.5065
    848.9455
    853.3844
    857.8233
    862.2622
    866.7012
    871.1401
    875.5790
    880.0179
    884.4568
     -1.0000
   1125.2953
   1127.2104
   1129.1254
   1131.0399
   1132.9540
   1134.8672
   1136.7794
   1138.6906
   1140.6001
   1142.5079
   1144.4138
   1146.3174
   1148.2184
   1150.1162
   1152.0106
   1153.9012
   1155.7875
   1157.6688
   1159.5446
   1161.4143
   1163.2771
   1165.1324
   1166.9791
   1168.8164
   1170.6433
   1172.4585
   1174.2609
   1176.0490
   1177.8214
   1179.5765
   1181.3127
   1182.0630
   1184.7208
   1186.3889
   1188.0303
   1189.6428
   1191.2244
   1192.7728
   1194.2861
   1195.7622
   1197.1990
   1198.5947
   1199.9473
   1201.2552
   1202.5168
   1203.7307
   1204.8953
   1206.0095
   1207.0721
   1208.0820
   1209.0385
   1209.9404
   1210.7872
   1211.5781
   1212.3125
   1212.9900
   1213.6099
   1214.1719
   1214.6757
   1215.1208
   1215.5073
   1215.8346
   1216.1025
   1216.3112
   1216.4603
   1216.5498
   1216.5797
# Travel time at depth =  35.00 km.
     -1.0000
     27.0613
     43.9783
     57.7309
     71.4809
     85.2269
     98.9679
    112.7024
    126.4293
    140.1473
    153.8552
    167.5517
    181.2355
    194.9054
    208.5605
    222.1990
    235.4531
    248.2469
    260.7323
    272.4865
    283.4346
    294.3008
    305.0667
    315.7162
    325.8333
    334.9559
    344.0380
    353.0735
    362.0454
    370.9571
    379.8256
    388.6565
    397.4506
    406.2022
    414.9033
    423.5514
    432.1437
    440.6769
    449.1491
    457.5583
    465.9019
    474.1783
    482.3876
    490.5289
    498.6008
    506.6027
    514.5339
    522.3940
    530.1827
    537.8995
    545.5441
    553.1160
    560.6152
    568.0424
    575.3974
    582.6799
    589.8897
    597.0269
    604.0914
    611.0834
    618.0028
    624.8496
    631.6237
    638.3251
    644.9538
    651.5096
    657.9924
    664.4023
    670.7394
    677.0037
    683.1948
    689.3125
    695.3568
    701.3274
    707.2241
    713.0464
    718.7943
    724.4672
    730.0650
    735.5875
    741.0340
    746.4038
    751.6970
    756.9132
    762.0504
    767.1066
    772.0870
    776.9945
    781.7945
    786.5114
    791.1904
    795.8408
    800.4671
    805.0731
    809.6602
    814.2251
    818.7609
    823.2655
    827.7374
    832.1798
    836.6187
    841.0577
    845.4966
    849.9355
    854.3744
    858.8134
    863.2523
    867.6912
    872.1301
    876.5690
    881.0079
    885.4468
    889.8858
     -1.0000
   1130.7723
   1132.6875
   1134.6024
   1136.5170
   1138.4310
   1140.3442
   1142.2565
   1144.1676
   1146.0771
   1147.9851
   1149.8910
   1151.7946
   1153.6956
   1155.5934
   1157.4879
   1159.3785
   1161.2648
   1163.1462
   1165.0221
   1166.8918
   1168.7548
   1170.6101
   1172.4569
   1174.2944
   1176.1213
   1177.9366
   1179.7391
   1181.5275
   1183.3000
   1185.0554
   1186.7919
   1187.5187
   1190.2004
   1191.8687
   1193.5104
   1195.1232
   1196.7050
   1198.2538
   1199.7675
   1201.2439
   1202.6810
   1204.0770
   1205.4299
   1206.7383
   1208.0002
   1209.2144
   1210.3794
   1211.4939
   1212.5569
   1213.5671
   1214.5238
   1215.4260
   1216.2731
   1217.0643
   1217.7990
   1218.4766
   1219.0968
   1219.6591
   1220.1630
   1220.6083
   1220.9949
   1221.3223
   1221.5903
   1221.7991
   1221.9482
   1222.0377
   1222.0676
# Travel time at depth =  50.00 km.
     -1.0000
     29.1753
     46.7639
     60.5167
     74.2669
     88.0134
    101.7548
    115.4900
    129.2176
    142.9365
    156.6454
    170.3429
    184.0279
    197.6992
    211.3556
    224.9957
    238.3061
    251.1285
    263.6353
    275.4903
    286.4432
    297.3154
    308.0885
    318.7460
    328.9489
    338.0735
    347.1579
    356.1962
    365.1718
    374.0861
    382.9566
    391.7895
    400.5855
    409.3396
    418.0433
    426.6942
    435.2894
    443.8256
    452.3008
    460.7132
    469.0601
    477.3397
    485.5522
    493.6968
    501.7720
    509.7771
    517.7117
    525.5750
    533.3669
    541.0870
    548.7348
    556.3098
    563.8122
    571.2425
    578.6005
    585.8860
    593.0989
    600.2390
    607.3065
    614.3014
    621.2237
    628.0733
    634.8502
    641.5544
    648.1859
    654.7444
    661.2300
    667.6425
    673.9822
    680.2490
    686.4427
    692.5630
    698.6098
    704.5829
    710.4821
    716.3069
    722.0571
    727.7324
    733.3327
    738.8576
    744.3064
    749.6785
    754.9740
    760.1925
    765.3320
    770.3904
    775.3729
    780.2826
    785.0859
    789.8041
    794.4839
    799.1349
    803.7618
    808.3683
    812.9560
    817.5215
    822.0581
    826.5635
    831.0363
    835.4791
    839.9180
    844.3569
    848.7958
    853.2347
    857.6736
    862.1125
    866.5515
    870.9904
    875.4293
    879.8682
    884.3071
    888.7461
    893.1850
     -1.0000
   1134.1161
   1136.0312
   1137.9462
   1139.8607
   1141.7748
   1143.6880
   1145.6002
   1147.5114
   1149.4210
   1151.3289
   1153.2349
   1155.1384
   1157.0394
   1158.9374
   1160.8319
   1162.7225
   1164.6089
   1166.4904
   1168.3662
   1170.2361
   1172.0991
   1173.9545
   1175.8015
   1177.6390
   1179.4661
   1181.2815
   1183.0841
   1184.8726
   1186.6454
   1188.4009
   1190.1375
   1190.8424
   1193.5465
   1195.2150
   1196.8568
   1198.4700
   1200.0521
   1201.6012
   1203.1151
   1204.5918
   1206.0293
   1207.4257
   1208.7789
   1210.0875
   1211.3499
   1212.5643
   1213.7296
   1214.8445
   1215.9077
   1216.9183
   1217.8752
   1218.7778
   1219.6251
   1220.4165
   1221.1515
   1221.8293
   1222.4497
   1223.0121
   1223.5162
   1223.9617
   1224.3483
   1224.6758
   1224.9441
   1225.1528
   1225.3020
   1225.3916
   1225.4215
# Travel time at depth =  75.00 km.
     -1.0000
     32.6675
     51.3890
     65.1421
     78.8928
     92.6399
    106.3822
    120.1184
    133.8473
    147.5676
    161.2780
    174.9774
    188.6644
    202.3378
    215.9966
    229.6393
    243.0395
    255.9105
    268.4546
    280.4820
    291.4428
    302.3250
    313.1100
    323.7809
    334.1290
    343.2570
    352.3452
    361.3881
    370.3700
    379.2888
    388.1627
    396.9988
    405.7982
    414.5562
    423.2644
    431.9199
    440.5200
    449.0612
    457.5416
    465.9593
    474.3116
    482.5967
    490.8147
    498.9647
    507.0454
    515.0561
    522.9961
    530.8649
    538.6622
    546.3878
    554.0410
    561.6213
    569.1290
    576.5645
    583.9276
    591.2183
    598.4362
    605.5814
    612.6538
    619.6536
    626.5807
    633.4351
    640.2168
    646.9257
    653.5618
    660.1249
    666.6150
    673.0320
    679.3762
    685.6473
    691.8453
    697.9700
    704.0210
    709.9983
    715.9016
    721.7306
    727.4849
    733.1642
    738.7685
    744.2973
    749.7501
    755.1262
    760.4254
    765.6478
    770.7911
    775.8535
    780.8393
    785.7526
    790.5615
    795.2819
    799.9632
    804.6153
    809.2432
    813.8505
    818.4390
    823.0056
    827.5435
    832.0503
    836.5245
    840.9680
    845.4069
    849.8458
    854.2847
    858.7236
    863.1625
    867.6015
    872.0404
    876.4793
    880.9182
    885.3572
    889.7961
    894.2350
    898.6740
     -1.0000
   1139.6798
   1141.5950
   1143.5099
   1145.4244
   1147.3385
   1149.2517
   1151.1641
   1153.0752
   1154.9849
   1156.8928
   1158.7987
   1160.7024
   1162.6034
   1164.5015
   1166.3960
   1168.2867
   1170.1732
   1172.0547
   1173.9308
   1175.8007
   1177.6638
   1179.5194
   1181.3665
   1183.2041
   1185.0314
   1186.8470
   1188.6499
   1190.4386
   1192.2117
   1193.9674
   1195.7043
   1196.3726
   1199.1141
   1200.7831
   1202.4253
   1204.0388
   1205.6215
   1207.1710
   1208.6854
   1210.1627
   1211.6007
   1212.9976
   1214.3514
   1215.6606
   1216.9235
   1218.1385
   1219.3043
   1220.4197
   1221.4834
   1222.4945
   1223.4520
   1224.3550
   1225.2028
   1225.9945
   1226.7299
   1227.4081
   1228.0287
   1228.5914
   1229.0958
   1229.5416
   1229.9285
   1230.2561
   1230.5245
   1230.7334
   1230.8827
   1230.9723
   1231.0022
# Travel time at depth = 100.00 km.
     -1.0000
     36.1203
     55.2916
     69.7458
     83.4969
     97.2447
    110.9878
    124.7250
    138.4551
    152.1768
    165.8889
    179.5901
    193.2791
    206.9546
    220.6157
    234.2611
    247.7460
    260.6663
    273.2502
    285.4556
    296.4243
    307.3163
    318.1131
    328.7974
    339.2936
    348.4250
    357.5171
    366.5644
    375.5527
    384.4761
    393.3537
    402.1930
    410.9957
    419.7577
    428.4705
    437.1305
    445.7355
    454.2819
    462.7675
    471.1905
    479.5483
    487.8390
    496.0624
    504.2180
    512.3043
    520.3205
    528.2661
    536.1404
    543.9433
    551.6743
    559.3329
    566.9187
    574.4317
    581.8724
    589.2408
    596.5367
    603.7597
    610.9099
    617.9874
    624.9922
    631.9242
    638.7834
    645.5699
    652.2836
    658.9243
    665.4921
    671.9868
    678.4084
    684.7570
    691.0326
    697.2349
    703.3639
    709.4193
    715.4008
    721.3083
    727.1415
    732.8999
    738.5833
    744.1917
    749.7245
    755.1812
    760.5612
    765.8644
    771.0906
    776.2380
    781.3041
    786.2935
    791.2104
    796.0251
    800.7476
    805.4304
    810.0837
    814.7126
    819.3207
    823.9100
    828.4777
    833.0170
    837.5251
    842.0007
    846.4450
    850.8839
    855.3229
    859.7618
    864.2007
    868.6396
    873.0786
    877.5175
    881.9564
    886.3953
    890.8342
    895.2731
    899.7120
    904.1509
     -1.0000
   1145.2324
   1147.1476
   1149.0625
   1150.9771
   1152.8911
   1154.8044
   1156.7167
   1158.6278
   1160.5375
   1162.4456
   1164.3516
   1166.2552
   1168.1562
   1170.0543
   1171.9490
   1173.8398
   1175.7263
   1177.6079
   1179.4841
   1181.3541
   1183.2174
   1185.0731
   1186.9203
   1188.7582
   1190.5856
   1192.4015
   1194.2046
   1195.9935
   1197.7668
   1199.5229
   1201.2601
   1201.8907
   1204.6707
   1206.3400
   1207.9827
   1209.5967
   1211.1797
   1212.7299
   1214.2448
   1215.7225
   1217.1610
   1218.5585
   1219.9128
   1221.2227
   1222.4861
   1223.7017
   1224.8680
   1225.9839
   1227.0481
   1228.0597
   1229.0177
   1229.9211
   1230.7693
   1231.5615
   1232.2972
   1232.9758
   1233.5968
   1234.1599
   1234.6646
   1235.1105
   1235.4976
   1235.8254
   1236.0940
   1236.3030
   1236.4523
   1236.5420
   1236.5719
# Travel time at depth = 150.00 km.
     -1.0000
     -1.0000
     62.0825
     78.8916
     92.6436
    106.3925
    120.1373
    133.8765
    147.6090
    161.3335
    175.0487
    188.7534
    202.4464
    216.1263
    229.7920
    243.4425
    257.0756
    270.1001
    282.7724
    295.1607
    306.3363
    317.2477
    328.0679
    338.7790
    349.3653
    358.7184
    367.8181
    376.8744
    385.8752
    394.8087
    403.6938
    412.5398
    421.3491
    430.1189
    438.8409
    447.5103
    456.1252
    464.6819
    473.1780
    481.6118
    489.9809
    498.2828
    506.5174
    514.6842
    522.7819
    530.8094
    538.7663
    546.6520
    554.4660
    562.2081
    569.8779
    577.4747
    584.9986
    592.4501
    599.8290
    607.1354
    614.3689
    621.5295
    628.6172
    635.6320
    642.5740
    649.4432
    656.2394
    662.9627
    669.6130
    676.1902
    682.6942
    689.1251
    695.4828
    701.7673
    707.9786
    714.1165
    720.1805
    726.1707
    732.0868
    737.9285
    743.6953
    749.3871
    755.0036
    760.5446
    766.0095
    771.3975
    776.7086
    781.9427
    787.0980
    792.1721
    797.1686
    802.0927
    806.9192
    811.6465
    816.3323
    820.9880
    825.6189
    830.2288
    834.8198
    839.3896
    843.9316
    848.4424
    852.9210
    857.3671
    861.8060
    866.2449
    870.6838
    875.1227
    879.5616
    884.0005
    888.4395
    892.8784
    897.3173
    901.7562
    906.1952
    910.6341
    915.0730
     -1.0000
   1156.3079
   1158.2230
   1160.1379
   1162.0525
   1163.9666
   1165.8799
   1167.7922
   1169.7034
   1171.6132
   1173.5212
   1175.4272
   1177.3311
   1179.2323
   1181.1305
   1183.0253
   1184.9161
   1186.8029
   1188.6846
   1190.5610
   1192.4313
   1194.2948
   1196.1508
   1197.9983
   1199.8365
   1201.6643
   1203.4806
   1205.2842
   1207.0736
   1208.8475
   1210.6042
   1212.3420
   1212.8955
   1215.7540
   1217.4241
   1219.0677
   1220.6826
   1222.2666
   1223.8177
   1225.3337
   1226.8125
   1228.2522
   1229.6508
   1231.0062
   1232.3171
   1233.5817
   1234.7983
   1235.9658
   1237.0828
   1238.1481
   1239.1608
   1240.1196
   1241.0240
   1241.8732
   1242.6663
   1243.4027
   1244.0820
   1244.7037
   1245.2673
   1245.7726
   1246.2191
   1246.6066
   1246.9348
   1247.2036
   1247.4128
   1247.5624
   1247.6521
   1247.6821
# Travel time at depth = 200.00 km.
     -1.0000
     -1.0000
     74.2160
     87.9082
    101.7226
    115.4727
    129.2190
    142.9601
    156.6949
    170.4221
    184.1405
    197.8487
    211.5456
    225.2299
    238.9002
    252.5558
    266.1947
    279.4422
    292.2141
    304.6746
    316.1942
    327.1245
    337.9677
    348.7056
    359.3217
    368.9682
    378.0757
    387.1406
    396.1535
    405.0984
    413.9914
    422.8443
    431.6603
    440.4378
    449.1691
    457.8480
    466.4728
    475.0401
    483.5470
    491.9918
    500.3722
    508.6857
    516.9316
    525.1100
    533.2192
    541.2583
    549.2267
    557.1240
    564.9494
    572.7029
    580.3840
    587.9922
    595.5272
    602.9896
    610.3795
    617.6966
    624.9408
    632.1119
    639.2101
    646.2352
    653.1875
    660.0667
    666.8729
    673.6061
    680.2662
    686.8530
    693.3666
    699.8069
    706.1739
    712.4677
    718.6881
    724.8349
    730.9079
    736.9069
    742.8318
    748.6821
    754.4576
    760.1578
    765.7828
    771.3322
    776.8053
    782.2015
    787.5208
    792.7628
    797.9263
    803.0086
    808.0124
    812.9437
    817.7822
    822.5149
    827.2039
    831.8620
    836.4950
    841.1067
    845.6994
    850.2714
    854.8160
    859.3297
    863.8112
    868.2593
    872.6983
    877.1372
    881.5761
    886.0150
    890.4540
    894.8929
    899.3318
    903.7707
    908.2097
    912.6486
    917.0875
    921.5264
    925.9653
     -1.0000
   1167.3563
   1169.2715
   1171.1865
   1173.1011
   1175.0151
   1176.9286
   1178.8409
   1180.7522
   1182.6620
   1184.5701
   1186.4762
   1188.3801
   1190.2814
   1192.1797
   1194.0746
   1195.9657
   1197.8525
   1199.7345
   1201.6111
   1203.4816
   1205.3453
   1207.2017
   1209.0494
   1210.8881
   1212.7162
   1214.5330
   1216.3370
   1218.1270
   1219.9014
   1221.6587
   1223.3972
   1223.8702
   1226.8105
   1228.4816
   1230.1260
   1231.7418
   1233.3269
   1234.8789
   1236.3960
   1237.8760
   1239.3167
   1240.7163
   1242.0730
   1243.3850
   1244.6508
   1245.8687
   1247.0372
   1248.1553
   1249.2217
   1250.2354
   1251.1952
   1252.1006
   1252.9506
   1253.7445
   1254.4818
   1255.1619
   1255.7843
   1256.3485
   1256.8544
   1257.3014
   1257.6893
   1258.0179
   1258.2870
   1258.4965
   1258.6462
   1258.7361
   1258.7661
# Travel time at depth = 250.00 km.
     -1.0000
     -1.0000
     -1.0000
     94.3082
    110.6522
    124.4033
    138.1510
    151.8940
    165.6310
    179.3609
    193.0824
    206.7941
    220.4949
    234.1835
    247.8586
    261.5192
    275.1639
    288.6115
    301.4922
    314.0338
    325.9233
    336.8720
    347.7380
    358.5026
    369.1488
    379.1031
    388.2183
    397.2919
    406.3163
    415.2739
    424.1754
    433.0354
    441.8583
    450.6435
    459.3841
    468.0727
    476.7078
    485.2857
    493.8036
    502.2597
    510.6518
    518.9772
    527.2349
    535.4249
    543.5460
    551.5970
    559.5774
    567.4865
    575.3237
    583.0889
    590.7817
    598.4016
    605.9481
    613.4218
    620.8228
    628.1511
    635.4062
    642.5883
    649.6971
    656.7330
    663.6957
    670.5853
    677.4018
    684.1451
    690.8153
    697.4121
    703.9355
    710.3855
    716.7621
    723.0654
    729.2952
    735.4513
    741.5335
    747.5416
    753.4755
    759.3347
    765.1190
    770.8281
    776.4616
    782.0195
    787.5012
    792.9059
    798.2335
    803.4838
    808.6556
    813.7463
    818.7578
    823.6963
    828.5471
    833.2858
    837.9781
    842.6389
    847.2740
    851.8876
    856.4821
    861.0562
    865.6036
    870.1201
    874.6045
    879.0552
    883.4941
    887.9330
    892.3719
    896.8109
    901.2498
    905.6887
    910.1276
    914.5665
    919.0054
    923.4444
    927.8833
    932.3222
    936.7611
     -1.0000
   1178.3124
   1180.2275
   1182.1426
   1184.0571
   1185.9713
   1187.8846
   1189.7971
   1191.7084
   1193.6182
   1195.5264
   1197.4326
   1199.3365
   1201.2379
   1203.1364
   1205.0315
   1206.9227
   1208.8097
   1210.6919
   1212.5686
   1214.4393
   1216.3035
   1218.1599
   1220.0082
   1221.8470
   1223.6757
   1225.4928
   1227.2974
   1229.0878
   1230.8628
   1232.6207
   1234.3600
   1234.7485
   1237.7749
   1239.4467
   1241.0920
   1242.7087
   1244.2948
   1245.8479
   1247.3661
   1248.8472
   1250.2891
   1251.6898
   1253.0477
   1254.3610
   1255.6278
   1256.8468
   1258.0166
   1259.1357
   1260.2032
   1261.2180
   1262.1790
   1263.0853
   1263.9362
   1264.7311
   1265.4691
   1266.1500
   1266.7731
   1267.3380
   1267.8445
   1268.2920
   1268.6803
   1269.0094
   1269.2788
   1269.4885
   1269.6384
   1269.7284
   1269.7584
# Travel time at depth = 300.00 km.
     -1.0000
     -1.0000
     -1.0000
    105.5357
    119.2894
    133.0414
    146.7904
    160.5352
    174.2745
    188.0070
    201.7316
    215.4469
    229.1517
    242.8447
    256.5246
    270.1903
    283.8408
    297.4666
    310.4615
    323.0992
    335.3939
    346.3607
    357.2494
    368.0411
    378.7180
    388.9993
    398.1223
    407.2047
    416.2402
    425.2116
    434.1226
    442.9903
    451.8203
    460.6132
    469.3632
    478.0620
    486.7075
    495.2965
    503.8259
    512.2936
    520.6978
    529.0355
    537.3054
    545.5078
    553.6412
    561.7047
    569.6974
    577.6188
    585.4684
    593.2458
    600.9507
    608.5827
    616.1412
    623.6267
    631.0394
    638.3792
    645.6459
    652.8392
    659.9594
    667.0062
    673.9799
    680.8804
    687.7076
    694.4615
    701.1421
    707.7493
    714.2830
    720.7430
    727.1296
    733.4427
    739.6823
    745.8481
    751.9399
    757.9575
    763.9007
    769.7692
    775.5627
    781.2809
    786.9235
    792.4903
    797.9808
    803.3943
    808.7306
    813.9894
    819.1700
    824.2694
    829.2888
    834.2349
    839.0974
    843.8438
    848.5396
    853.2032
    857.8406
    862.4561
    867.0524
    871.6287
    876.1789
    880.6984
    885.1859
    889.6393
    894.0783
    898.5172
    902.9561
    907.3951
    911.8340
    916.2729
    920.7118
    925.1508
    929.5897
    934.0286
    938.4675
    942.9064
    947.3453
     -1.0000
   1189.0626
   1190.9778
   1192.8927
   1194.8074
   1196.7216
   1198.6349
   1200.5474
   1202.4587
   1204.3687
   1206.2769
   1208.1832
   1210.0873
   1211.9888
   1213.8873
   1215.7825
   1217.6740
   1219.5610
   1221.4435
   1223.3204
   1225.1914
   1227.0558
   1228.9126
   1230.7611
   1232.6005
   1234.4294
   1236.2471
   1238.0520
   1239.8430
   1241.6187
   1243.3772
   1245.1171
   1245.4150
   1248.5336
   1250.2063
   1251.8525
   1253.4703
   1255.0574
   1256.6116
   1258.1309
   1259.6130
   1261.0562
   1262.4581
   1263.8173
   1265.1317
   1266.3998
   1267.6200
   1268.7910
   1269.9114
   1270.9800
   1271.9958
   1272.9579
   1273.8652
   1274.7170
   1275.5128
   1276.2518
   1276.9335
   1277.5574
   1278.1229
   1278.6299
   1279.0780
   1279.4668
   1279.7963
   1280.0660
   1280.2760
   1280.4260
   1280.5161
   1280.5463
# Travel time at depth = 400.00 km.
     -1.0000
     -1.0000
     -1.0000
     -1.0000
    135.6927
    149.4461
    163.1974
    176.9456
    190.6891
    204.4269
    218.1576
    231.8800
    245.5929
    259.2949
    272.9848
    286.6613
    300.3234
    313.9698
    327.4521
    340.3340
    352.8654
    364.5758
    375.5093
    386.3556
    397.0954
    407.7119
    417.2330
    426.3335
    435.3904
    444.3916
    453.3250
    462.2096
    471.0551
    479.8636
    488.6324
    497.3528
    506.0201
    514.6325
    523.1860
    531.6785
    540.1079
    548.4719
    556.7680
    564.9963
    573.1561
    581.2458
    589.2650
    597.2126
    605.0884
    612.8918
    620.6227
    628.2805
    635.8646
    643.3751
    650.8127
    658.1771
    665.4681
    672.6857
    679.8297
    686.9001
    693.8972
    700.8207
    707.6707
    714.4471
    721.1500
    727.7792
    734.3347
    740.8163
    747.2241
    753.5582
    759.8185
    766.0048
    772.1169
    778.1547
    784.1178
    790.0060
    795.8192
    801.5566
    807.2183
    812.8041
    818.3134
    823.7456
    829.1002
    834.3773
    839.5761
    844.6942
    849.7309
    854.6926
    859.5769
    864.3437
    869.0477
    873.7172
    878.3597
    882.9794
    887.5794
    892.1600
    896.7161
    901.2418
    905.7358
    910.1960
    914.6351
    919.0741
    923.5130
    927.9519
    932.3908
    936.8298
    941.2687
    945.7076
    950.1465
    954.5854
    959.0244
    963.4633
    967.9022
     -1.0000
   1209.9697
   1211.8849
   1213.7999
   1215.7146
   1217.6288
   1219.5422
   1221.4548
   1223.3662
   1225.2762
   1227.1847
   1229.0912
   1230.9955
   1232.8972
   1234.7960
   1236.6914
   1238.5833
   1240.4707
   1242.3535
   1244.2310
   1246.1025
   1247.9674
   1249.8248
   1251.6741
   1253.5142
   1255.3440
   1257.1625
   1258.9685
   1260.7607
   1262.5375
   1264.2975
   1266.0388
   1267.7599
   1269.4469
   1271.1332
   1272.7814
   1274.4011
   1275.9905
   1277.5469
   1279.0686
   1280.5532
   1281.9988
   1283.4033
   1284.7650
   1286.0820
   1287.3528
   1288.5756
   1289.7490
   1290.8719
   1291.9430
   1292.9611
   1293.9254
   1294.8350
   1295.6888
   1296.4866
   1297.2274
   1297.9108
   1298.5361
   1299.1031
   1299.6115
   1300.0607
   1300.4506
   1300.7808
   1301.0513
   1301.2617
   1301.4122
   1301.5026
   1301.5327
# Travel time at depth = 500.00 km.
     -1.0000
     -1.0000
     -1.0000
     -1.0000
     -1.0000
    163.6678
    177.4210
    191.1721
    204.9199
    218.6630
    232.4001
    246.1301
    259.8517
    273.5635
    287.2644
    300.9530
    314.6281
    328.2886
    341.9332
    355.3300
    368.1364
    380.6001
    391.8753
    402.7782
    413.5858
    424.2792
    434.5959
    443.7161
    452.7950
    461.8258
    470.7906
    479.6967
    488.5602
    497.3861
    506.1744
    514.9185
    523.6105
    532.2487
    540.8295
    549.3498
    557.8077
    566.2011
    574.5272
    582.7850
    590.9745
    599.0944
    607.1434
    615.1210
    623.0266
    630.8596
    638.6199
    646.3069
    653.9202
    661.4595
    668.9253
    676.3177
    683.6365
    690.8815
    698.0526
    705.1499
    712.1734
    719.1231
    725.9990
    732.8010
    739.5291
    746.1833
    752.7635
    759.2695
    765.7015
    772.0593
    778.3431
    784.5527
    790.6879
    796.7483
    802.7339
    808.6445
    814.4797
    820.2391
    825.9224
    831.5295
    837.0600
    842.5133
    847.8888
    853.1863
    858.4056
    863.5446
    868.6014
    873.5811
    878.4865
    883.2806
    887.9946
    892.6713
    897.3196
    901.9441
    906.5485
    911.1337
    915.6960
    920.2287
    924.7298
    929.1978
    933.6385
    938.0775
    942.5164
    946.9553
    951.3942
    955.8331
    960.2720
    964.7109
    969.1498
    973.5888
    978.0277
    982.4666
    986.9055
    991.3445
     -1.0000
   1231.2797
   1233.1947
   1235.1094
   1237.0237
   1238.9371
   1240.8499
   1242.7614
   1244.6715
   1246.5801
   1248.4868
   1250.3912
   1252.2932
   1254.1923
   1256.0881
   1257.9802
   1259.8682
   1261.7513
   1263.6294
   1265.5015
   1267.3669
   1269.2251
   1271.0751
   1272.9160
   1274.7468
   1276.5664
   1278.3735
   1280.1670
   1281.9452
   1283.7067
   1285.4496
   1287.1724
   1288.6854
   1290.5497
   1292.2001
   1293.8221
   1295.4138
   1296.9729
   1298.4971
   1299.9845
   1301.4329
   1302.8403
   1304.2048
   1305.5248
   1306.7983
   1308.0240
   1309.2003
   1310.3259
   1311.3998
   1312.4205
   1313.3873
   1314.2992
   1315.1555
   1315.9554
   1316.6982
   1317.3835
   1318.0106
   1318.5793
   1319.0890
   1319.5396
   1319.9305
   1320.2617
   1320.5330
   1320.7441
   1320.8950
   1320.9856
   1321.0159
# Travel time at depth = 600.00 km.
     -1.0000
     -1.0000
     -1.0000
     -1.0000
     -1.0000
     -1.0000
    190.2245
    203.9778
    217.7290
    231.4769
    245.2202
    258.9576
    272.6879
    286.4098
    300.1220
    313.8233
    327.5123
    341.1878
    354.8487
    368.4937
    381.8746
    394.6425
    407.0634
    418.0213
    428.8969
    439.6700
    450.3220
    460.0513
    469.1531
    478.2112
    487.2134
    496.1472
    505.0319
    513.8771
    522.6852
    531.4532
    540.1724
    548.8381
    557.4482
    565.9990
    574.4879
    582.9133
    591.2723
    599.5628
    607.7848
    615.9376
    624.0196
    632.0302
    639.9686
    647.8343
    655.6269
    663.3463
    670.9916
    678.5627
    686.0596
    693.4828
    700.8322
    708.1075
    715.3085
    722.4354
    729.4880
    736.4665
    743.3708
    750.2010
    756.9569
    763.6386
    770.2460
    776.7788
    783.2372
    789.6212
    795.9308
    802.1659
    808.3263
    814.4117
    820.4221
    826.3571
    832.2164
    837.9998
    843.7068
    849.3373
    854.8910
    860.3674
    865.7657
    871.0856
    876.3273
    881.4890
    886.5681
    891.5679
    896.4940
    901.3211
    906.0476
    910.7325
    915.3874
    920.0175
    924.6265
    929.2167
    933.7853
    938.3254
    942.8343
    947.3104
    951.7549
    956.1938
    960.6328
    965.0717
    969.5106
    973.9495
    978.3884
    982.8273
    987.2662
    991.7052
    996.1441
   1000.5830
   1005.0219
   1009.4609
     -1.0000
   1249.8199
   1251.7351
   1253.6498
   1255.5641
   1257.4778
   1259.3905
   1261.3021
   1263.2125
   1265.1212
   1267.0281
   1268.9329
   1270.8351
   1272.7345
   1274.6306
   1276.5231
   1278.4115
   1280.2952
   1282.1737
   1284.0464
   1285.9125
   1287.7715
   1289.6223
   1291.4641
   1293.2959
   1295.1166
   1296.9250
   1298.7197
   1300.4995
   1302.2625
   1304.0073
   1305.7319
   1307.0502
   1309.1134
   1310.7661
   1312.3907
   1313.9850
   1315.5469
   1317.0740
   1318.5642
   1320.0156
   1321.4261
   1322.7938
   1324.1168
   1325.3936
   1326.6223
   1327.8018
   1328.9304
   1330.0071
   1331.0308
   1332.0002
   1332.9148
   1333.7736
   1334.5758
   1335.3209
   1336.0083
   1336.6373
   1337.2078
   1337.7190
   1338.1709
   1338.5631
   1338.8954
   1339.1675
   1339.3793
   1339.5306
   1339.6215
   1339.6519
# Travel time at depth = 700.00 km.
     -1.0000
     -1.0000
     -1.0000
     -1.0000
     -1.0000
     -1.0000
     -1.0000
    214.7286
    228.4823
    242.2343
    255.9833
    269.7281
    283.4674
    297.2000
    310.9245
    324.6396
    338.3442
    352.0369
    365.7163
    379.3814
    393.0310
    406.5385
    419.3443
    431.6468
    442.5905
    453.4472
    464.1959
    474.8176
    484.0921
    493.1776
    502.2161
    511.1902
    520.1022
    528.9702
    537.8001
    546.5924
    555.3411
    564.0377
    572.6801
    581.2650
    589.7888
    598.2498
    606.6457
    614.9737
    623.2325
    631.4225
    639.5419
    647.5898
    655.5655
    663.4683
    671.2978
    679.0536
    686.7355
    694.3427
    701.8751
    709.3333
    716.7173
    724.0269
    731.2618
    738.4222
    745.5079
    752.5190
    759.4556
    766.3175
    773.1049
    779.8176
    786.4556
    793.0188
    799.5071
    805.9205
    812.2592
    818.5231
    824.7119
    830.8255
    836.8636
    842.8261
    848.7126
    854.5230
    860.2567
    865.9135
    871.4932
    876.9954
    882.4193
    887.7646
    893.0311
    898.2181
    903.3227
    908.3455
    913.2935
    918.1569
    922.9019
    927.5968
    932.2593
    936.8958
    941.5104
    946.1057
    950.6807
    955.2292
    959.7465
    964.2316
    968.6826
    973.1215
    977.5604
    981.9994
    986.4383
    990.8772
    995.3161
    999.7551
   1004.1940
   1008.6329
   1013.0718
   1017.5107
   1021.9496
   1026.3885
     -1.0000
   1267.2173
   1269.1324
   1271.0472
   1272.9615
   1274.8752
   1276.7882
   1278.7000
   1280.6105
   1282.5194
   1284.4265
   1286.3314
   1288.2340
   1290.1337
   1292.0302
   1293.9231
   1295.8119
   1297.6962
   1299.5753
   1301.4486
   1303.3156
   1305.1753
   1307.0270
   1308.8699
   1310.7028
   1312.5247
   1314.3345
   1316.1307
   1317.9120
   1319.6768
   1321.4235
   1323.1503
   1324.2439
   1326.5364
   1328.1917
   1329.8190
   1331.4161
   1332.9810
   1334.5112
   1336.0048
   1337.4596
   1338.8734
   1340.2446
   1341.5710
   1342.8513
   1344.0835
   1345.2662
   1346.3983
   1347.4783
   1348.5050
   1349.4777
   1350.3951
   1351.2567
   1352.0615
   1352.8091
   1353.4988
   1354.1299
   1354.7023
   1355.2153
   1355.6687
   1356.0623
   1356.3956
   1356.6687
   1356.8812
   1357.0331
   1357.1244
   1357.1548
# Distance-dependent modelling error(s)
  35    2
        0.0     0.2     0.5     1.0     2.0     3.0     4.0     8.0
        12.0    15.0    17.0    19.0    25.0    33.0    37.0    49.0
        57.0    65.0    79.0    83.0    91.0    93.0    97.0    101.0
        104.0   109.0   114.0   119.0   121.0   129.0   137.0   139.0
        142.0   145.0   180.0
        0.0     200.0
#
        0.1
        0.5
        1.0
        1.5
        2.1
        2.4
        2.6
        2.7
        2.9
        3.6
        3.0
        2.1
        1.4
        1.4
        1.3
        1.3
        1.2
        1.1
        1.1
        1.2
        1.3
        1.4
        1.4
        2.0
        2.3
        2.6
        1.4
        1.4
        1.3
        1.3
        2.3
        3.3
        3.7
        1.8
        1.8
#
	1.4
	1.5
	1.7
	2.1
	2.5
	2.8
	3.0
	3.0
	3.2
	4.0
	3.3
	2.6
	2.1
	2.1
	2.1
	2.1
	2.0
	1.9
	1.9
	2.0
	2.1
	2.1
	2.1
	2.5
	2.8
	3.1
	2.1
	2.1
	2.1
	2.1
	2.8
	3.6
	4.1
	2.3
	2.3
#@(#)        iasp91.sP     2.1     06/06/96
