# IASPEI travel-time table for phase: SS (All 1st SS-type phaseMap)
 14   Number of depth samples at the following depths (km):
    0.00   15.00   35.00   50.00   75.00  100.00  150.00  200.00  250.00  300.00
  400.00  500.00  600.00  700.00
181   Number of distance samples at the following distances (deg):
    0.00    1.00    2.00    3.00    4.00    5.00    6.00    7.00    8.00    9.00
   10.00   11.00   12.00   13.00   14.00   15.00   16.00   17.00   18.00   19.00
   20.00   21.00   22.00   23.00   24.00   25.00   26.00   27.00   28.00   29.00
   30.00   31.00   32.00   33.00   34.00   35.00   36.00   37.00   38.00   39.00
   40.00   41.00   42.00   43.00   44.00   45.00   46.00   47.00   48.00   49.00
   50.00   51.00   52.00   53.00   54.00   55.00   56.00   57.00   58.00   59.00
   60.00   61.00   62.00   63.00   64.00   65.00   66.00   67.00   68.00   69.00
   70.00   71.00   72.00   73.00   74.00   75.00   76.00   77.00   78.00   79.00
   80.00   81.00   82.00   83.00   84.00   85.00   86.00   87.00   88.00   89.00
   90.00   91.00   92.00   93.00   94.00   95.00   96.00   97.00   98.00   99.00
  100.00  101.00  102.00  103.00  104.00  105.00  106.00  107.00  108.00  109.00
  110.00  111.00  112.00  113.00  114.00  115.00  116.00  117.00  118.00  119.00
  120.00  121.00  122.00  123.00  124.00  125.00  126.00  127.00  128.00  129.00
  130.00  131.00  132.00  133.00  134.00  135.00  136.00  137.00  138.00  139.00
  140.00  141.00  142.00  143.00  144.00  145.00  146.00  147.00  148.00  149.00
  150.00  151.00  152.00  153.00  154.00  155.00  156.00  157.00  158.00  159.00
  160.00  161.00  162.00  163.00  164.00  165.00  166.00  167.00  168.00  169.00
  170.00  171.00  172.00  173.00  174.00  175.00  176.00  177.00  178.00  179.00
  180.00
# Travel time at depth =   0.00 km.
      0.0019
     33.0936
     66.1866
     98.7320
    123.4693
    148.2041
    172.9353
    197.6619
    222.3829
    247.0971
    271.8035
    296.5010
    321.1886
    345.8653
    370.5299
    395.1814
    419.8188
    444.4409
    469.0468
    493.6355
    518.2059
    542.7568
    567.2872
    591.7958
    616.2820
    640.7452
    665.1848
    689.5991
    713.9855
    738.3403
    762.6637
    786.9606
    811.2344
    835.4872
    859.7201
    883.9329
    908.1250
    932.2955
    956.4430
    980.5654
   1001.7138
   1021.7100
   1041.5928
   1061.3502
   1080.9718
   1100.4479
   1118.2744
   1134.5859
   1150.8217
   1166.9767
   1182.9255
   1198.7925
   1214.6266
   1230.4343
   1246.2190
   1261.9832
   1277.7283
   1293.4558
   1309.1666
   1324.8616
   1340.5397
   1356.1985
   1371.8350
   1387.4446
   1403.0254
   1418.5768
   1434.0979
   1449.5880
   1465.0455
   1480.4690
   1495.8569
   1511.2083
   1526.5221
   1541.7972
   1557.0331
   1572.2284
   1587.3826
   1602.4945
   1617.5636
   1632.5890
   1647.5701
   1662.5061
   1677.3965
   1692.2407
   1707.0382
   1721.7882
   1736.4904
   1751.1440
   1765.7489
   1780.3044
   1794.8103
   1809.2660
   1823.6713
   1838.0258
   1852.3291
   1866.5809
   1880.7809
   1894.9288
   1909.0244
   1923.0674
   1937.0577
   1950.9951
   1964.8793
   1978.7097
   1992.4857
   2006.2070
   2019.8740
   2033.4869
   2047.0460
   2060.5513
   2074.0024
   2087.3992
   2100.7412
   2114.0286
   2127.2605
   2140.4368
   2153.5574
   2166.6221
   2179.6309
   2192.5835
   2205.4805
   2218.3210
   2231.1057
   2243.8340
   2256.5061
   2269.1218
   2281.6807
   2294.1831
   2306.6287
   2319.0173
   2331.3489
   2343.6235
   2355.8408
   2368.0007
   2380.1033
   2392.1482
   2404.1353
   2416.0645
   2427.9358
   2439.7490
   2451.5042
   2463.2009
   2474.8391
   2486.4182
   2497.9377
   2509.3979
   2520.7986
   2532.1404
   2543.4229
   2554.6462
   2565.8096
   2576.9131
   2587.9558
   2598.9377
   2609.8591
   2620.7192
   2631.5188
   2642.2568
   2652.9333
   2663.5481
   2674.1006
   2684.5903
   2695.0173
   2705.3809
   2715.6812
   2725.9177
   2736.0903
   2745.0071
   2751.5674
   2758.0713
   2764.5193
   2770.9111
   2777.2473
   2783.5278
   2789.7532
   2795.9233
   2802.0386
   2808.0994
   2814.1060
   2820.0593
   2825.9590
# Travel time at depth =  15.00 km.
     -1.0000
     -1.0000
     67.7595
     95.7710
    120.5080
    145.2423
    169.9729
    194.6987
    219.4187
    244.1318
    268.8369
    293.5330
    318.2191
    342.8939
    367.5566
    392.2061
    416.8412
    441.4610
    466.0644
    490.6504
    515.2179
    539.7659
    564.2930
    588.7983
    613.2811
    637.7408
    662.1768
    686.5872
    710.9692
    735.3191
    759.6384
    783.9318
    808.2024
    832.4522
    856.6822
    880.8920
    905.0811
    929.2484
    953.3923
    977.5110
    998.1639
   1018.1490
   1038.0195
   1057.7638
   1077.3713
   1096.8326
   1114.3942
   1130.7000
   1146.9298
   1163.0773
   1179.0105
   1194.8746
   1210.7068
   1226.5126
   1242.2958
   1258.0585
   1273.8022
   1289.5284
   1305.2382
   1320.9320
   1336.6086
   1352.2661
   1367.9008
   1383.5083
   1399.0870
   1414.6362
   1430.1552
   1445.6429
   1461.0981
   1476.5192
   1491.9045
   1507.2532
   1522.5643
   1537.8368
   1553.0697
   1568.2622
   1583.4135
   1598.5225
   1613.5885
   1628.6108
   1643.5889
   1658.5219
   1673.4092
   1688.2502
   1703.0444
   1717.7913
   1732.4902
   1747.1407
   1761.7423
   1776.2946
   1790.7971
   1805.2495
   1819.6515
   1834.0026
   1848.3025
   1862.5510
   1876.7478
   1890.8923
   1904.9846
   1919.0243
   1933.0112
   1946.9453
   1960.8260
   1974.6531
   1988.4258
   2002.1437
   2015.8074
   2029.4170
   2042.9729
   2056.4749
   2069.9226
   2083.3162
   2096.6550
   2109.9390
   2123.1677
   2136.3406
   2149.4580
   2162.5195
   2175.5251
   2188.4746
   2201.3682
   2214.2056
   2226.9871
   2239.7122
   2252.3811
   2264.9937
   2277.5496
   2290.0488
   2302.4912
   2314.8767
   2327.2053
   2339.4768
   2351.6909
   2363.8479
   2375.9473
   2387.9893
   2399.9734
   2411.8994
   2423.7678
   2435.5779
   2447.3301
   2459.0239
   2470.6589
   2482.2351
   2493.7517
   2505.2087
   2516.6067
   2527.9456
   2539.2251
   2550.4456
   2561.6062
   2572.7065
   2583.7463
   2594.7256
   2605.6438
   2616.5015
   2627.2979
   2638.0332
   2648.7068
   2659.3188
   2669.8682
   2680.3552
   2690.7793
   2701.1404
   2711.4377
   2721.6714
   2731.8411
   2740.6323
   2747.1909
   2753.6936
   2760.1399
   2766.5303
   2772.8650
   2779.1443
   2785.3679
   2791.5366
   2797.6506
   2803.7100
   2809.7153
   2815.6672
   2821.5659
# Travel time at depth =  35.00 km.
     -1.0000
     -1.0000
     67.8644
     92.6027
    117.3391
    142.0726
    166.8020
    191.5265
    216.2448
    240.9559
    265.6588
    290.3524
    315.0356
    339.7075
    364.3669
    389.0128
    413.6441
    438.2598
    462.8589
    487.4403
    512.0029
    536.5457
    561.0674
    585.5672
    610.0443
    634.4981
    658.9279
    683.3315
    707.7059
    732.0479
    756.3604
    780.6479
    804.9133
    829.1583
    853.3834
    877.5883
    901.7722
    925.9340
    950.0721
    973.9703
    994.0427
   1014.0104
   1033.8619
   1053.5856
   1073.1714
   1092.6097
   1109.7698
   1126.0669
   1142.2880
   1158.4229
   1174.3341
   1190.1943
   1206.0232
   1221.8265
   1237.6073
   1253.3678
   1269.1096
   1284.8340
   1300.5420
   1316.2340
   1331.9087
   1347.5637
   1363.1957
   1378.8002
   1394.3757
   1409.9216
   1425.4374
   1440.9216
   1456.3733
   1471.7905
   1487.1720
   1502.5168
   1517.8239
   1533.0922
   1548.3209
   1563.5092
   1578.6561
   1593.7606
   1608.8221
   1623.8401
   1638.8135
   1653.7417
   1668.6244
   1683.4607
   1698.2501
   1712.9922
   1727.6863
   1742.3319
   1756.9286
   1771.4761
   1785.9736
   1800.4211
   1814.8181
   1829.1643
   1843.4594
   1857.7029
   1871.8945
   1886.0342
   1900.1215
   1914.1561
   1928.1382
   1942.0673
   1955.9431
   1969.7651
   1983.5327
   1997.2457
   2010.9044
   2024.5092
   2038.0602
   2051.5574
   2065.0002
   2078.3889
   2091.7229
   2105.0020
   2118.2258
   2131.3940
   2144.5066
   2157.5632
   2170.5640
   2183.5088
   2196.3975
   2209.2302
   2222.0068
   2234.7275
   2247.3916
   2259.9995
   2272.5508
   2285.0454
   2297.4832
   2309.8640
   2322.1880
   2334.4548
   2346.6646
   2358.8169
   2370.9119
   2382.9492
   2394.9290
   2406.8506
   2418.7144
   2430.5203
   2442.2678
   2453.9573
   2465.5879
   2477.1597
   2488.6719
   2500.1245
   2511.5181
   2522.8525
   2534.1279
   2545.3440
   2556.5002
   2567.5964
   2578.6321
   2589.6069
   2600.5210
   2611.3743
   2622.1665
   2632.8977
   2643.5671
   2654.1748
   2664.7202
   2675.2031
   2685.6230
   2695.9797
   2706.2729
   2716.5027
   2726.6682
   2735.2751
   2741.8315
   2748.3318
   2754.7761
   2761.1643
   2767.4968
   2773.7739
   2779.9956
   2786.1621
   2792.2739
   2798.3313
   2804.3350
   2810.2849
   2816.1814
# Travel time at depth =  50.00 km.
     -1.0000
     -1.0000
     -1.0000
     -1.0000
     -1.0000
     -1.0000
     -1.0000
     -1.0000
     -1.0000
     -1.0000
     -1.0000
    290.2244
    314.8735
    339.5149
    364.1460
    388.7648
    413.3699
    437.9601
    462.5343
    487.0912
    511.6297
    536.1484
    560.6464
    585.1230
    609.5776
    634.0093
    658.4163
    682.7953
    707.1436
    731.4622
    755.7559
    780.0273
    804.2781
    828.5094
    852.7208
    876.9119
    901.0817
    925.2287
    949.3510
    972.0241
    992.0776
   1012.0246
   1031.8535
   1051.5531
   1071.1135
   1090.5258
   1107.2539
   1123.5420
   1139.7540
   1155.8661
   1171.7653
   1187.6215
   1203.4473
   1219.2478
   1235.0262
   1250.7845
   1266.5244
   1282.2468
   1297.9530
   1313.6432
   1329.3159
   1344.9686
   1360.5977
   1376.1990
   1391.7712
   1407.3140
   1422.8263
   1438.3071
   1453.7550
   1469.1685
   1484.5460
   1499.8867
   1515.1897
   1530.4539
   1545.6783
   1560.8623
   1576.0048
   1591.1049
   1606.1619
   1621.1750
   1636.1438
   1651.0675
   1665.9454
   1680.7770
   1695.5616
   1710.2988
   1724.9882
   1739.6289
   1754.2207
   1768.7632
   1783.2559
   1797.6985
   1812.0905
   1826.4318
   1840.7218
   1854.9603
   1869.1471
   1883.2819
   1897.3641
   1911.3939
   1925.3710
   1939.2952
   1953.1660
   1966.9832
   1980.7457
   1994.4537
   2008.1075
   2021.7075
   2035.2538
   2048.7461
   2062.1843
   2075.5681
   2088.8975
   2102.1716
   2115.3906
   2128.5542
   2141.6619
   2154.7139
   2167.7100
   2180.6501
   2193.5342
   2206.3623
   2219.1343
   2231.8503
   2244.5100
   2257.1133
   2269.6599
   2282.1499
   2294.5833
   2306.9597
   2319.2793
   2331.5417
   2343.7468
   2355.8950
   2367.9854
   2380.0183
   2391.9937
   2403.9111
   2415.7705
   2427.5720
   2439.3154
   2451.0005
   2462.6270
   2474.1943
   2485.7024
   2497.1509
   2508.5403
   2519.8706
   2531.1418
   2542.3538
   2553.5061
   2564.5981
   2575.6296
   2586.6003
   2597.5103
   2608.3596
   2619.1477
   2629.8750
   2640.5405
   2651.1440
   2661.6855
   2672.1643
   2682.5803
   2692.9329
   2703.2224
   2713.4480
   2723.6096
   2732.0427
   2738.5969
   2745.0952
   2751.5374
   2757.9236
   2764.2542
   2770.5291
   2776.7488
   2782.9136
   2789.0234
   2795.0791
   2801.0808
   2807.0291
   2812.9238
# Travel time at depth =  75.00 km.
     -1.0000
     -1.0000
     -1.0000
     -1.0000
     -1.0000
     -1.0000
     -1.0000
     -1.0000
     -1.0000
     -1.0000
     -1.0000
     -1.0000
     -1.0000
     -1.0000
     -1.0000
     -1.0000
     -1.0000
    437.7217
    462.2252
    486.7195
    511.2004
    535.6656
    560.1136
    584.5428
    608.9509
    633.3348
    657.6918
    682.0212
    706.3263
    730.6096
    754.8725
    779.1162
    803.3410
    827.5464
    851.7321
    875.8969
    900.0392
    924.1574
    948.2498
    968.8083
    988.8291
   1008.7403
   1028.5305
   1048.1890
   1067.7063
   1086.7327
   1103.0807
   1119.3536
   1135.5503
   1151.6151
   1167.5039
   1183.3538
   1199.1744
   1214.9706
   1230.7450
   1246.4996
   1262.2362
   1277.9554
   1293.6587
   1309.3457
   1325.0148
   1340.6635
   1356.2876
   1371.8835
   1387.4504
   1402.9874
   1418.4940
   1433.9690
   1449.4106
   1464.8176
   1480.1886
   1495.5226
   1510.8186
   1526.0757
   1541.2930
   1556.4696
   1571.6045
   1586.6970
   1601.7465
   1616.7520
   1631.7129
   1646.6287
   1661.4987
   1676.3221
   1691.0988
   1705.8279
   1720.5090
   1735.1415
   1749.7251
   1764.2593
   1778.7438
   1793.1780
   1807.5618
   1821.8947
   1836.1764
   1850.4067
   1864.5851
   1878.7114
   1892.7854
   1906.8069
   1920.7758
   1934.6917
   1948.5542
   1962.3629
   1976.1172
   1989.8169
   2003.4625
   2017.0543
   2030.5925
   2044.0768
   2057.5071
   2070.8828
   2084.2041
   2097.4702
   2110.6814
   2123.8367
   2136.9365
   2149.9805
   2162.9688
   2175.9009
   2188.7773
   2201.5977
   2214.3618
   2227.0701
   2239.7222
   2252.3176
   2264.8569
   2277.3394
   2289.7651
   2302.1340
   2314.4460
   2326.7009
   2338.8987
   2351.0393
   2363.1226
   2375.1482
   2387.1162
   2399.0261
   2410.8784
   2422.6729
   2434.4089
   2446.0869
   2457.7063
   2469.2664
   2480.7673
   2492.2087
   2503.5911
   2514.9143
   2526.1787
   2537.3838
   2548.5291
   2559.6140
   2570.6387
   2581.6025
   2592.5059
   2603.3481
   2614.1296
   2624.8501
   2635.5088
   2646.1057
   2656.6404
   2667.1125
   2677.5217
   2687.8679
   2698.1504
   2708.3696
   2718.5247
   2726.6658
   2733.2166
   2739.7112
   2746.1499
   2752.5327
   2758.8599
   2765.1316
   2771.3481
   2777.5095
   2783.6162
   2789.6687
   2795.6675
   2801.6125
   2807.5044
# Travel time at depth = 100.00 km.
     -1.0000
     -1.0000
     -1.0000
     -1.0000
     -1.0000
     -1.0000
     -1.0000
     -1.0000
     -1.0000
     -1.0000
     -1.0000
     -1.0000
     -1.0000
     -1.0000
     -1.0000
     -1.0000
     -1.0000
     -1.0000
     -1.0000
     -1.0000
     -1.0000
     -1.0000
    559.8491
    584.2008
    608.5353
    632.8519
    657.1509
    681.4323
    705.6962
    729.9427
    754.1717
    778.3828
    802.5757
    826.7496
    850.9033
    875.0350
    899.1431
    923.2265
    945.5392
    965.6271
    985.6136
   1005.4875
   1025.2375
   1044.8538
   1064.3268
   1082.5995
   1098.9321
   1115.1897
   1131.3704
   1147.3881
   1163.2678
   1179.1115
   1194.9270
   1210.7189
   1226.4893
   1242.2404
   1257.9735
   1273.6897
   1289.3899
   1305.0736
   1320.7390
   1336.3834
   1352.0023
   1367.5929
   1383.1542
   1398.6855
   1414.1864
   1429.6552
   1445.0906
   1460.4910
   1475.8551
   1491.1823
   1506.4712
   1521.7211
   1536.9310
   1552.1002
   1567.2277
   1582.3125
   1597.3541
   1612.3518
   1627.3048
   1642.2125
   1657.0745
   1671.8899
   1686.6583
   1701.3792
   1716.0520
   1730.6763
   1745.2515
   1759.7773
   1774.2534
   1788.6792
   1803.0546
   1817.3792
   1831.6525
   1845.8743
   1860.0442
   1874.1621
   1888.2277
   1902.2407
   1916.2012
   1930.1088
   1943.9629
   1957.7631
   1971.5089
   1985.2002
   1998.8376
   2012.4213
   2025.9513
   2039.4275
   2052.8496
   2066.2173
   2079.5303
   2092.7886
   2105.9915
   2119.1387
   2132.2305
   2145.2664
   2158.2466
   2171.1709
   2184.0393
   2196.8518
   2209.6082
   2222.3086
   2234.9529
   2247.5408
   2260.0720
   2272.5469
   2284.9651
   2297.3264
   2309.6309
   2321.8782
   2334.0686
   2346.2017
   2358.2773
   2370.2957
   2382.2561
   2394.1589
   2406.0039
   2417.7908
   2429.5198
   2441.1904
   2452.8025
   2464.3555
   2475.8491
   2487.2834
   2498.6587
   2509.9751
   2521.2324
   2532.4304
   2543.5686
   2554.6467
   2565.6643
   2576.6213
   2587.5176
   2598.3530
   2609.1277
   2619.8413
   2630.4932
   2641.0833
   2651.6111
   2662.0764
   2672.4790
   2682.8184
   2693.0942
   2703.3066
   2713.4551
   2721.3015
   2727.8489
   2734.3401
   2740.7751
   2747.1545
   2753.4783
   2759.7468
   2765.9600
   2772.1182
   2778.2217
   2784.2710
   2790.2664
   2796.2085
   2802.0974
# Travel time at depth = 150.00 km.
     -1.0000
     -1.0000
     -1.0000
     -1.0000
     -1.0000
     -1.0000
     -1.0000
     -1.0000
     -1.0000
     -1.0000
     -1.0000
     -1.0000
     -1.0000
     -1.0000
     -1.0000
     -1.0000
     -1.0000
     -1.0000
     -1.0000
     -1.0000
     -1.0000
     -1.0000
     -1.0000
     -1.0000
     -1.0000
     -1.0000
     -1.0000
    715.1058
    735.6254
    756.1398
    753.4982
    777.5904
    801.6727
    825.7413
    849.7933
    873.8268
    897.8402
    919.2238
    939.3414
    959.3622
    979.2755
    999.0700
   1018.7358
   1038.2635
   1057.6451
   1074.4038
   1090.7053
   1106.9314
   1123.0748
   1139.0037
   1154.8674
   1170.6993
   1186.5051
   1202.2883
   1218.0510
   1233.7949
   1249.5212
   1265.2311
   1280.9250
   1296.6019
   1312.2595
   1327.8947
   1343.5028
   1359.0820
   1374.6320
   1390.1517
   1405.6405
   1421.0968
   1436.5192
   1451.9060
   1467.2563
   1482.5692
   1497.8438
   1513.0790
   1528.2740
   1543.4279
   1558.5398
   1573.6090
   1588.6348
   1603.6163
   1618.5532
   1633.4446
   1648.2900
   1663.0889
   1677.8407
   1692.5448
   1707.2007
   1721.8080
   1736.3662
   1750.8750
   1765.3340
   1779.7428
   1794.1010
   1808.4083
   1822.6644
   1836.8691
   1851.0220
   1865.1227
   1879.1711
   1893.1671
   1907.1105
   1921.0010
   1934.8380
   1948.6210
   1962.3495
   1976.0239
   1989.6445
   2003.2115
   2016.7250
   2030.1846
   2043.5901
   2056.9414
   2070.2378
   2083.4795
   2096.6658
   2109.7969
   2122.8721
   2135.8916
   2148.8557
   2161.7639
   2174.6162
   2187.4128
   2200.1533
   2212.8379
   2225.4663
   2238.0386
   2250.5542
   2263.0134
   2275.4160
   2287.7620
   2300.0510
   2312.2832
   2324.4583
   2336.5762
   2348.6367
   2360.6399
   2372.5854
   2384.4731
   2396.3032
   2408.0754
   2419.7898
   2431.4456
   2443.0430
   2454.5811
   2466.0601
   2477.4800
   2488.8408
   2500.1428
   2511.3860
   2522.5698
   2533.6938
   2544.7578
   2555.7612
   2566.7041
   2577.5864
   2588.4080
   2599.1687
   2609.8684
   2620.5066
   2631.0828
   2641.5967
   2652.0483
   2662.4373
   2672.7629
   2683.0251
   2693.2239
   2703.3589
   2710.6082
   2717.1482
   2723.6321
   2730.0603
   2736.4326
   2742.7495
   2749.0112
   2755.2178
   2761.3694
   2767.4663
   2773.5093
   2779.4985
   2785.4346
   2791.3174
# Travel time at depth = 200.00 km.
     -1.0000
     -1.0000
     -1.0000
     -1.0000
     -1.0000
     -1.0000
     -1.0000
     -1.0000
     -1.0000
     -1.0000
     -1.0000
     -1.0000
     -1.0000
     -1.0000
     -1.0000
     -1.0000
     -1.0000
     -1.0000
     -1.0000
     -1.0000
     -1.0000
     -1.0000
     -1.0000
     -1.0000
     -1.0000
     -1.0000
     -1.0000
    709.3755
    729.8916
    750.3983
    770.8893
    791.3578
    811.7961
    825.7571
    848.8233
    871.6802
    893.0626
    913.2056
    933.2561
    953.2034
    973.0370
    992.7466
   1012.3231
   1031.7581
   1049.9424
   1066.2861
   1082.5557
   1098.7494
   1114.8096
   1130.6982
   1146.5480
   1162.3688
   1178.1652
   1193.9397
   1209.6947
   1225.4314
   1241.1510
   1256.8545
   1272.5417
   1288.2113
   1303.8605
   1319.4852
   1335.0820
   1350.6498
   1366.1880
   1381.6958
   1397.1720
   1412.6152
   1428.0239
   1443.3969
   1458.7329
   1474.0312
   1489.2908
   1504.5109
   1519.6904
   1534.8286
   1549.9246
   1564.9777
   1579.9871
   1594.9523
   1609.8724
   1624.7471
   1639.5757
   1654.3575
   1669.0922
   1683.7791
   1698.4177
   1713.0077
   1727.5485
   1742.0398
   1756.4813
   1770.8726
   1785.2133
   1799.5031
   1813.7417
   1827.9288
   1842.0641
   1856.1472
   1870.1782
   1884.1567
   1898.0828
   1911.9557
   1925.7751
   1939.5405
   1953.2516
   1966.9087
   1980.5122
   1994.0623
   2007.5587
   2021.0015
   2034.3901
   2047.7245
   2061.0042
   2074.2290
   2087.3984
   2100.5125
   2113.5710
   2126.5742
   2139.5215
   2152.4133
   2165.2493
   2178.0295
   2190.7539
   2203.4224
   2216.0347
   2228.5908
   2241.0906
   2253.5339
   2265.9207
   2278.2507
   2290.5242
   2302.7407
   2314.9001
   2327.0027
   2339.0479
   2351.0356
   2362.9658
   2374.8384
   2386.6533
   2398.4106
   2410.1096
   2421.7507
   2433.3330
   2444.8562
   2456.3201
   2467.7251
   2479.0715
   2490.3591
   2501.5876
   2512.7571
   2523.8665
   2534.9158
   2545.9048
   2556.8335
   2567.7014
   2578.5088
   2589.2554
   2599.9409
   2610.5649
   2621.1272
   2631.6272
   2642.0647
   2652.4395
   2662.7512
   2672.9998
   2683.1846
   2693.3057
   2699.9478
   2706.4805
   2712.9573
   2719.3782
   2725.7437
   2732.0535
   2738.3081
   2744.5078
   2750.6528
   2756.7432
   2762.7795
   2768.7625
   2774.6921
   2780.5688
# Travel time at depth = 250.00 km.
     -1.0000
     -1.0000
     -1.0000
     -1.0000
     -1.0000
     -1.0000
     -1.0000
     -1.0000
     -1.0000
     -1.0000
     -1.0000
     -1.0000
     -1.0000
     -1.0000
     -1.0000
     -1.0000
     -1.0000
     -1.0000
     -1.0000
     -1.0000
     -1.0000
     -1.0000
     -1.0000
     -1.0000
     -1.0000
     -1.0000
    683.4407
    703.9579
    724.4667
    731.0120
    754.2505
    777.3997
    800.4216
    823.2957
    846.0119
    867.1934
    887.3560
    907.4301
    927.4048
    947.2702
    967.0162
    986.6337
   1006.1142
   1025.4508
   1042.0277
   1058.3385
   1074.5746
   1090.7318
   1106.6930
   1122.5632
   1138.4000
   1154.2101
   1169.9969
   1185.7632
   1201.5103
   1217.2397
   1232.9525
   1248.6494
   1264.3296
   1279.9911
   1295.6307
   1311.2443
   1326.8292
   1342.3849
   1357.9108
   1373.4059
   1388.8690
   1404.2985
   1419.6929
   1435.0511
   1450.3723
   1465.6554
   1480.8994
   1496.1036
   1511.2672
   1526.3890
   1541.4684
   1556.5048
   1571.4973
   1586.4453
   1601.3483
   1616.2056
   1631.0166
   1645.7809
   1660.4978
   1675.1669
   1689.7876
   1704.3596
   1718.8824
   1733.3558
   1747.7792
   1762.1523
   1776.4750
   1790.7467
   1804.9672
   1819.1361
   1833.2533
   1847.3184
   1861.3313
   1875.2919
   1889.2000
   1903.0548
   1916.8561
   1930.6033
   1944.2964
   1957.9357
   1971.5217
   1985.0543
   1998.5333
   2011.9586
   2025.3298
   2038.6469
   2051.9092
   2065.1165
   2078.2686
   2091.3655
   2104.4070
   2117.3928
   2130.3232
   2143.1980
   2156.0171
   2168.7808
   2181.4883
   2194.1401
   2206.7361
   2219.2756
   2231.7590
   2244.1860
   2256.5566
   2268.8706
   2281.1277
   2293.3281
   2305.4717
   2317.5583
   2329.5876
   2341.5596
   2353.4741
   2365.3311
   2377.1304
   2388.8721
   2400.5559
   2412.1814
   2423.7480
   2435.2559
   2446.7046
   2458.0945
   2469.4258
   2480.6985
   2491.9121
   2503.0667
   2514.1611
   2525.1956
   2536.1699
   2547.0837
   2557.9370
   2568.7300
   2579.4619
   2590.1331
   2600.7424
   2611.2903
   2621.7759
   2632.1990
   2642.5593
   2652.8569
   2663.0911
   2673.2617
   2682.8079
   2689.3889
   2695.9141
   2702.3833
   2708.7971
   2715.1553
   2721.4580
   2727.7056
   2733.8982
   2740.0364
   2746.1199
   2752.1499
   2758.1262
   2764.0496
   2769.9199
# Travel time at depth = 300.00 km.
     -1.0000
     -1.0000
     -1.0000
     -1.0000
     -1.0000
     -1.0000
     -1.0000
     -1.0000
     -1.0000
     -1.0000
     -1.0000
     -1.0000
     -1.0000
     -1.0000
     -1.0000
     -1.0000
     -1.0000
     -1.0000
     -1.0000
     -1.0000
     -1.0000
     -1.0000
     -1.0000
     -1.0000
     -1.0000
    658.0880
    678.6056
    699.1151
    719.6106
    740.0855
    753.7634
    776.3962
    798.9686
    821.4490
    841.8703
    862.0438
    882.1318
    902.1237
    922.0100
    941.7809
    961.4276
    980.9418
   1000.3164
   1018.0972
   1034.4465
   1050.7222
   1066.9229
   1083.0088
   1098.9038
   1114.7578
   1130.5822
   1146.3815
   1162.1589
   1177.9165
   1193.6556
   1209.3777
   1225.0834
   1240.7731
   1256.4453
   1272.0978
   1287.7266
   1303.3278
   1318.9000
   1334.4430
   1349.9557
   1365.4373
   1380.8861
   1396.3009
   1411.6801
   1427.0227
   1442.3280
   1457.5948
   1472.8224
   1488.0099
   1503.1562
   1518.2607
   1533.3226
   1548.3412
   1563.3158
   1578.2458
   1593.1306
   1607.9695
   1622.7621
   1637.5077
   1652.2059
   1666.8563
   1681.4583
   1696.0114
   1710.5153
   1724.9696
   1739.3740
   1753.7281
   1768.0317
   1782.2844
   1796.4858
   1810.6357
   1824.7339
   1838.7800
   1852.7740
   1866.7158
   1880.6050
   1894.4409
   1908.2231
   1921.9513
   1935.6256
   1949.2465
   1962.8140
   1976.3282
   1989.7891
   2003.1962
   2016.5492
   2029.8479
   2043.0920
   2056.2812
   2069.4153
   2082.4939
   2095.5173
   2108.4856
   2121.3982
   2134.2551
   2147.0569
   2159.8027
   2172.4932
   2185.1277
   2197.7061
   2210.2285
   2222.6948
   2235.1047
   2247.4583
   2259.7554
   2271.9958
   2284.1794
   2296.3064
   2308.3762
   2320.3892
   2332.3447
   2344.2427
   2356.0835
   2367.8667
   2379.5920
   2391.2598
   2402.8691
   2414.4197
   2425.9114
   2437.3442
   2448.7185
   2460.0342
   2471.2913
   2482.4895
   2493.6282
   2504.7073
   2515.7263
   2526.6851
   2537.5835
   2548.4216
   2559.1995
   2569.9165
   2580.5723
   2591.1667
   2601.6995
   2612.1699
   2622.5781
   2632.9236
   2643.2063
   2653.4255
   2663.5815
   2672.4763
   2679.0496
   2685.5669
   2692.0286
   2698.4346
   2704.7852
   2711.0806
   2717.3208
   2723.5063
   2729.6372
   2735.7141
   2741.7371
   2747.7065
   2753.6233
   2759.4873
# Travel time at depth = 400.00 km.
     -1.0000
     -1.0000
     -1.0000
     -1.0000
     -1.0000
     -1.0000
     -1.0000
     -1.0000
     -1.0000
     -1.0000
     -1.0000
     -1.0000
     -1.0000
     -1.0000
     -1.0000
     -1.0000
     -1.0000
     -1.0000
     -1.0000
     -1.0000
     -1.0000
     -1.0000
    588.8836
    609.4033
    629.9178
    650.4218
    670.9092
    691.3736
    711.8078
    732.2043
    752.5546
    772.8503
    793.0826
    813.2421
    833.3192
    853.3050
    873.1908
    892.9683
    912.6293
    932.1665
    951.5731
    970.8436
    987.6699
   1004.0154
   1020.2879
   1036.4862
   1052.5697
   1068.4652
   1084.3197
   1100.1445
   1115.9443
   1131.7223
   1147.4803
   1163.2201
   1178.9425
   1194.6488
   1210.3391
   1226.0121
   1241.6653
   1257.2953
   1272.8977
   1288.4714
   1304.0160
   1319.5305
   1335.0139
   1350.4650
   1365.8821
   1381.2639
   1396.6095
   1411.9178
   1427.1880
   1442.4192
   1457.6105
   1472.7610
   1487.8699
   1502.9364
   1517.9600
   1532.9398
   1547.8752
   1562.7659
   1577.6110
   1592.4099
   1607.1624
   1621.8676
   1636.5253
   1651.1348
   1665.6959
   1680.2081
   1694.6710
   1709.0844
   1723.4478
   1737.7607
   1752.0233
   1766.2349
   1780.3953
   1794.5042
   1808.5613
   1822.5667
   1836.5200
   1850.4210
   1864.2694
   1878.0643
   1891.8055
   1905.4932
   1919.1273
   1932.7085
   1946.2367
   1959.7117
   1973.1332
   1986.5011
   1999.8151
   2013.0746
   2026.2797
   2039.4298
   2052.5251
   2065.5652
   2078.5503
   2091.4802
   2104.3547
   2117.1741
   2129.9382
   2142.6467
   2155.2998
   2167.8972
   2180.4390
   2192.9246
   2205.3542
   2217.7278
   2230.0452
   2242.3062
   2254.5107
   2266.6587
   2278.7500
   2290.7847
   2302.7622
   2314.6826
   2326.5459
   2338.3518
   2350.1003
   2361.7915
   2373.4248
   2384.9998
   2396.5159
   2407.9736
   2419.3726
   2430.7134
   2441.9958
   2453.2200
   2464.3850
   2475.4907
   2486.5366
   2497.5227
   2508.4487
   2519.3147
   2530.1206
   2540.8660
   2551.5508
   2562.1746
   2572.7371
   2583.2378
   2593.6765
   2604.0527
   2614.3667
   2624.6177
   2634.8057
   2644.9304
   2652.4497
   2659.0063
   2665.5073
   2671.9529
   2678.3430
   2684.6777
   2690.9575
   2697.1826
   2703.3528
   2709.4688
   2715.5308
   2721.5393
   2727.4949
   2733.3977
   2739.2478
# Travel time at depth = 500.00 km.
     -1.0000
     -1.0000
     -1.0000
     -1.0000
     -1.0000
     -1.0000
     -1.0000
     -1.0000
     -1.0000
     -1.0000
     -1.0000
     -1.0000
     -1.0000
     -1.0000
     -1.0000
     -1.0000
     -1.0000
     -1.0000
     -1.0000
     -1.0000
     -1.0000
     -1.0000
     -1.0000
     -1.0000
     -1.0000
     -1.0000
     -1.0000
     -1.0000
     -1.0000
     -1.0000
    777.1544
    793.9019
    810.6410
    827.3668
    830.2175
    849.6628
    869.0474
    888.3514
    907.5610
    926.6657
    943.5856
    959.9767
    976.2969
    992.5450
   1008.7191
   1024.7377
   1040.6210
   1056.4677
   1072.2863
   1088.0808
   1103.8541
   1119.6080
   1135.3438
   1151.0627
   1166.7656
   1182.4525
   1198.1216
   1213.7705
   1229.3953
   1244.9923
   1260.5607
   1276.0999
   1291.6090
   1307.0872
   1322.5327
   1337.9445
   1353.3209
   1368.6611
   1383.9644
   1399.2295
   1414.4558
   1429.6423
   1444.7883
   1459.8929
   1474.9554
   1489.9751
   1504.9514
   1519.8835
   1534.7711
   1549.6135
   1564.4100
   1579.1603
   1593.8638
   1608.5200
   1623.1284
   1637.6886
   1652.2004
   1666.6632
   1681.0768
   1695.4407
   1709.7548
   1724.0186
   1738.2317
   1752.3942
   1766.5054
   1780.5654
   1794.5739
   1808.5306
   1822.4355
   1836.2881
   1850.0878
   1863.8340
   1877.5269
   1891.1667
   1904.7539
   1918.2885
   1931.7701
   1945.1987
   1958.5740
   1971.8956
   1985.1635
   1998.3771
   2011.5361
   2024.6406
   2037.6904
   2050.6853
   2063.6255
   2076.5107
   2089.3411
   2102.1165
   2114.8367
   2127.5017
   2140.1116
   2152.6658
   2165.1646
   2177.6074
   2189.9946
   2202.3259
   2214.6013
   2226.8206
   2238.9836
   2251.0903
   2263.1404
   2275.1340
   2287.0708
   2298.9507
   2310.7737
   2322.5398
   2334.2485
   2345.8999
   2357.4932
   2369.0286
   2380.5054
   2391.9238
   2403.2844
   2414.5869
   2425.8313
   2437.0171
   2448.1440
   2459.2117
   2470.2197
   2481.1682
   2492.0566
   2502.8855
   2513.6543
   2524.3630
   2535.0110
   2545.5981
   2556.1238
   2566.5879
   2576.9902
   2587.3306
   2597.6082
   2607.8232
   2617.9756
   2627.4421
   2634.0356
   2640.5737
   2647.0566
   2653.4839
   2659.8562
   2666.1733
   2672.4355
   2678.6436
   2684.7969
   2690.8962
   2696.9419
   2702.9343
   2708.8740
   2714.7612
   2720.5962
# Travel time at depth = 600.00 km.
     -1.0000
     -1.0000
     -1.0000
     -1.0000
     -1.0000
     -1.0000
     -1.0000
     -1.0000
     -1.0000
     -1.0000
     -1.0000
     -1.0000
     -1.0000
     -1.0000
     -1.0000
     -1.0000
     -1.0000
     -1.0000
     -1.0000
     -1.0000
     -1.0000
     -1.0000
     -1.0000
     -1.0000
     -1.0000
     -1.0000
     -1.0000
     -1.0000
    734.9866
    751.7348
    768.4752
    785.2030
    801.9132
    818.6005
    835.2595
    851.8843
    868.4680
    885.0027
    901.4793
    917.8899
    934.2321
    950.5045
    966.7061
    982.8198
    998.7283
   1014.5911
   1030.4229
   1046.2290
   1062.0128
   1077.7765
   1093.5216
   1109.2493
   1124.9606
   1140.6561
   1156.3351
   1171.9955
   1187.6342
   1203.2469
   1218.8317
   1234.3877
   1249.9146
   1265.4111
   1280.8765
   1296.3091
   1311.7075
   1327.0707
   1342.3976
   1357.6875
   1372.9395
   1388.1527
   1403.3262
   1418.4594
   1433.5513
   1448.6013
   1463.6088
   1478.5730
   1493.4935
   1508.3698
   1523.2009
   1537.9867
   1552.7266
   1567.4199
   1582.0664
   1596.6655
   1611.2168
   1625.7200
   1640.1747
   1654.5804
   1668.9371
   1683.2443
   1697.5015
   1711.7087
   1725.8655
   1739.9716
   1754.0267
   1768.0309
   1781.9839
   1795.8853
   1809.7349
   1823.5319
   1837.2759
   1850.9670
   1864.6057
   1878.1920
   1891.7262
   1905.2078
   1918.6368
   1932.0129
   1945.3359
   1958.6055
   1971.8212
   1984.9829
   1998.0903
   2011.1434
   2024.1423
   2037.0867
   2049.9766
   2062.8118
   2075.5925
   2088.3186
   2100.9900
   2113.6062
   2126.1675
   2138.6736
   2151.1245
   2163.5198
   2175.8596
   2188.1440
   2200.3726
   2212.5454
   2224.6621
   2236.7229
   2248.7273
   2260.6753
   2272.5669
   2284.4019
   2296.1802
   2307.9019
   2319.5664
   2331.1736
   2342.7229
   2354.2141
   2365.6475
   2377.0229
   2388.3408
   2399.6011
   2410.8032
   2421.9468
   2433.0315
   2444.0571
   2455.0234
   2465.9304
   2476.7778
   2487.5657
   2498.2939
   2508.9617
   2519.5691
   2530.1157
   2540.6013
   2551.0251
   2561.3877
   2571.6880
   2581.9260
   2592.1016
   2602.2146
   2609.9795
   2616.5530
   2623.0710
   2629.5339
   2635.9419
   2642.2947
   2648.5928
   2654.8364
   2661.0256
   2667.1606
   2673.2422
   2679.2700
   2685.2454
   2691.1680
   2697.0383
   2702.8569
# Travel time at depth = 700.00 km.
     -1.0000
     -1.0000
     -1.0000
     -1.0000
     -1.0000
     -1.0000
     -1.0000
     -1.0000
     -1.0000
     -1.0000
     -1.0000
     -1.0000
     -1.0000
     -1.0000
     -1.0000
     -1.0000
     -1.0000
     -1.0000
     -1.0000
     -1.0000
     -1.0000
     -1.0000
     -1.0000
     -1.0000
     -1.0000
     -1.0000
     -1.0000
     -1.0000
     -1.0000
     -1.0000
     -1.0000
     -1.0000
     -1.0000
     -1.0000
     -1.0000
    846.8892
    863.2160
    879.5018
    895.7404
    911.9283
    928.0525
    944.0117
    959.8942
    975.7433
    991.5654
   1007.3639
   1023.1410
   1038.8986
   1054.6382
   1070.3610
   1086.0679
   1101.7594
   1117.4342
   1133.0901
   1148.7240
   1164.3322
   1179.9127
   1195.4653
   1210.9893
   1226.4838
   1241.9475
   1257.3794
   1272.7780
   1288.1420
   1303.4708
   1318.7635
   1334.0194
   1349.2374
   1364.4169
   1379.5569
   1394.6569
   1409.7159
   1424.7335
   1439.7091
   1454.6418
   1469.5315
   1484.3772
   1499.1786
   1513.9351
   1528.6462
   1543.3115
   1557.9304
   1572.5027
   1587.0278
   1601.5055
   1615.9353
   1630.3170
   1644.6500
   1658.9343
   1673.1696
   1687.3552
   1701.4911
   1715.5770
   1729.6128
   1743.5983
   1757.5331
   1771.4171
   1785.2496
   1799.0303
   1812.7587
   1826.4349
   1840.0594
   1853.6324
   1867.1537
   1880.6232
   1894.0406
   1907.4058
   1920.7183
   1933.9779
   1947.1843
   1960.3372
   1973.4365
   1986.4822
   1999.4740
   2012.4119
   2025.2959
   2038.1260
   2050.9021
   2063.6240
   2076.2915
   2088.9048
   2101.4636
   2113.9675
   2126.4167
   2138.8113
   2151.1506
   2163.4351
   2175.6641
   2187.8379
   2199.9561
   2212.0188
   2224.0256
   2235.9768
   2247.8718
   2259.7107
   2271.4937
   2283.2200
   2294.8899
   2306.5029
   2318.0586
   2329.5569
   2340.9973
   2352.3806
   2363.7068
   2374.9756
   2386.1868
   2397.3398
   2408.4348
   2419.4709
   2430.4485
   2441.3667
   2452.2263
   2463.0264
   2473.7673
   2484.4487
   2495.0701
   2505.6311
   2516.1313
   2526.5708
   2536.9490
   2547.2656
   2557.5205
   2567.7134
   2577.8442
   2587.1660
   2593.7717
   2600.3228
   2606.8186
   2613.2595
   2619.6455
   2625.9771
   2632.2542
   2638.4768
   2644.6455
   2650.7605
   2656.8220
   2662.8306
   2668.7864
   2674.6902
   2680.5425
   2686.3428
# Distance-dependent modelling error(s)
   4	1
    0.00   44.00   48.00  180.00
#
   0.100
  10.000
   2.100
   2.100
#@(#)        iasp91.SS     2.1     06/06/96
