# IASPEI travel-time table for phase: sSdiff  
 14   Number of depth samples at the following depths (km):
    0.00   15.00   35.00   50.00   75.00  100.00  150.00  200.00  250.00  300.00
  400.00  500.00  600.00  700.00
 45   Number of distance samples at the following distances (deg):
  100.00  101.00  102.00  103.00  104.00  105.00  106.00  107.00  108.00  109.00
  110.00  111.00  112.00  113.00  114.00  115.00  116.00  117.00  118.00  119.00
  120.00  121.00  122.00  123.00  124.00  125.00  126.00  127.00  128.00  129.00
  130.00  131.00  132.00  133.00  134.00  135.00  136.00  137.00  138.00  139.00
  140.00  141.00  142.00  143.00  144.00
# Travel time at depth =   0.00 km.
   1522.5233
   1530.8466
   1539.1698
   1547.4930
   1555.8163
   1564.1396
   1572.4629
   1580.7861
   1589.1094
   1597.4327
   1605.7560
   1614.0792
   1622.4025
   1630.7257
   1639.0491
   1647.3723
   1655.6956
   1664.0188
   1672.3422
   1680.6654
   1688.9886
   1697.3119
   1705.6353
   1713.9585
   1722.2817
   1730.6050
   1738.9282
   1747.2516
   1755.5748
   1763.8981
   1772.2213
   1780.5447
   1788.8679
   1797.1912
   1805.5144
   1813.8376
   1822.1610
   1830.4843
   1838.8075
   1847.1307
   1855.4541
   1863.7773
   1872.1006
   1880.4238
   1888.7471
# Travel time at depth =  15.00 km.
   1526.8438
   1535.1670
   1543.4902
   1551.8136
   1560.1368
   1568.4601
   1576.7833
   1585.1067
   1593.4299
   1601.7532
   1610.0764
   1618.3997
   1626.7230
   1635.0463
   1643.3695
   1651.6927
   1660.0161
   1668.3394
   1676.6626
   1684.9858
   1693.3091
   1701.6324
   1709.9557
   1718.2789
   1726.6022
   1734.9255
   1743.2488
   1751.5720
   1759.8953
   1768.2186
   1776.5419
   1784.8651
   1793.1884
   1801.5116
   1809.8350
   1818.1582
   1826.4814
   1834.8047
   1843.1281
   1851.4513
   1859.7745
   1868.0978
   1876.4210
   1884.7444
   1893.0676
# Travel time at depth =  35.00 km.
   1532.1213
   1540.4446
   1548.7678
   1557.0912
   1565.4144
   1573.7377
   1582.0609
   1590.3843
   1598.7075
   1607.0308
   1615.3540
   1623.6774
   1632.0006
   1640.3239
   1648.6471
   1656.9703
   1665.2937
   1673.6169
   1681.9402
   1690.2634
   1698.5868
   1706.9100
   1715.2333
   1723.5565
   1731.8798
   1740.2031
   1748.5264
   1756.8496
   1765.1729
   1773.4962
   1781.8195
   1790.1427
   1798.4659
   1806.7892
   1815.1125
   1823.4358
   1831.7590
   1840.0823
   1848.4056
   1856.7289
   1865.0521
   1873.3754
   1881.6987
   1890.0220
   1898.3452
# Travel time at depth =  50.00 km.
   1535.2789
   1543.6022
   1551.9255
   1560.2488
   1568.5720
   1576.8953
   1585.2185
   1593.5419
   1601.8651
   1610.1884
   1618.5116
   1626.8350
   1635.1582
   1643.4814
   1651.8047
   1660.1281
   1668.4513
   1676.7745
   1685.0978
   1693.4210
   1701.7444
   1710.0676
   1718.3909
   1726.7141
   1735.0375
   1743.3607
   1751.6840
   1760.0072
   1768.3304
   1776.6538
   1784.9771
   1793.3003
   1801.6235
   1809.9469
   1818.2701
   1826.5934
   1834.9166
   1843.2400
   1851.5632
   1859.8865
   1868.2097
   1876.5330
   1884.8563
   1893.1796
   1901.5028
# Travel time at depth =  75.00 km.
   1540.5299
   1548.8531
   1557.1765
   1565.4998
   1573.8230
   1582.1462
   1590.4695
   1598.7928
   1607.1161
   1615.4393
   1623.7626
   1632.0859
   1640.4092
   1648.7324
   1657.0557
   1665.3789
   1673.7023
   1682.0255
   1690.3488
   1698.6720
   1706.9954
   1715.3186
   1723.6418
   1731.9651
   1740.2883
   1748.6117
   1756.9349
   1765.2582
   1773.5814
   1781.9048
   1790.2280
   1798.5513
   1806.8745
   1815.1979
   1823.5211
   1831.8444
   1840.1676
   1848.4908
   1856.8142
   1865.1375
   1873.4607
   1881.7839
   1890.1073
   1898.4305
   1906.7538
# Travel time at depth = 100.00 km.
   1545.7665
   1554.0897
   1562.4131
   1570.7363
   1579.0596
   1587.3828
   1595.7062
   1604.0294
   1612.3527
   1620.6759
   1628.9991
   1637.3225
   1645.6458
   1653.9690
   1662.2922
   1670.6156
   1678.9388
   1687.2621
   1695.5853
   1703.9086
   1712.2319
   1720.5552
   1728.8784
   1737.2017
   1745.5250
   1753.8483
   1762.1715
   1770.4948
   1778.8181
   1787.1414
   1795.4646
   1803.7878
   1812.1111
   1820.4344
   1828.7577
   1837.0809
   1845.4042
   1853.7275
   1862.0508
   1870.3740
   1878.6973
   1887.0205
   1895.3439
   1903.6671
   1911.9904
# Travel time at depth = 150.00 km.
   1556.2002
   1564.5234
   1572.8468
   1581.1700
   1589.4933
   1597.8165
   1606.1399
   1614.4631
   1622.7864
   1631.1096
   1639.4329
   1647.7562
   1656.0795
   1664.4027
   1672.7260
   1681.0493
   1689.3726
   1697.6958
   1706.0190
   1714.3423
   1722.6656
   1730.9889
   1739.3121
   1747.6354
   1755.9587
   1764.2820
   1772.6052
   1780.9285
   1789.2518
   1797.5751
   1805.8983
   1814.2216
   1822.5448
   1830.8682
   1839.1914
   1847.5146
   1855.8379
   1864.1613
   1872.4845
   1880.8077
   1889.1310
   1897.4542
   1905.7776
   1914.1008
   1922.4241
# Travel time at depth = 200.00 km.
   1566.5946
   1574.9180
   1583.2412
   1591.5645
   1599.8877
   1608.2111
   1616.5343
   1624.8575
   1633.1808
   1641.5042
   1649.8274
   1658.1506
   1666.4739
   1674.7971
   1683.1205
   1691.4437
   1699.7670
   1708.0902
   1716.4136
   1724.7368
   1733.0601
   1741.3833
   1749.7065
   1758.0299
   1766.3531
   1774.6764
   1782.9996
   1791.3230
   1799.6462
   1807.9695
   1816.2927
   1824.6160
   1832.9393
   1841.2626
   1849.5858
   1857.9091
   1866.2324
   1874.5557
   1882.8789
   1891.2021
   1899.5255
   1907.8488
   1916.1720
   1924.4952
   1932.8185
# Travel time at depth = 250.00 km.
     -1.0000
   1585.2028
   1593.5260
   1601.8494
   1610.1726
   1618.4958
   1626.8191
   1635.1425
   1643.4657
   1651.7889
   1660.1122
   1668.4354
   1676.7588
   1685.0820
   1693.4053
   1701.7285
   1710.0519
   1718.3751
   1726.6984
   1735.0216
   1743.3448
   1751.6682
   1759.9915
   1768.3147
   1776.6379
   1784.9613
   1793.2845
   1801.6078
   1809.9310
   1818.2544
   1826.5776
   1834.9009
   1843.2241
   1851.5474
   1859.8707
   1868.1940
   1876.5172
   1884.8405
   1893.1638
   1901.4871
   1909.8103
   1918.1335
   1926.4568
   1934.7802
   1943.1034
# Travel time at depth = 300.00 km.
     -1.0000
   1595.2565
   1603.5797
   1611.9030
   1620.2262
   1628.5496
   1636.8728
   1645.1960
   1653.5193
   1661.8427
   1670.1659
   1678.4891
   1686.8124
   1695.1356
   1703.4590
   1711.7822
   1720.1055
   1728.4287
   1736.7521
   1745.0753
   1753.3986
   1761.7218
   1770.0450
   1778.3684
   1786.6917
   1795.0149
   1803.3381
   1811.6615
   1819.9847
   1828.3080
   1836.6312
   1844.9546
   1853.2778
   1861.6011
   1869.9243
   1878.2476
   1886.5709
   1894.8942
   1903.2174
   1911.5406
   1919.8640
   1928.1873
   1936.5105
   1944.8337
   1953.1570
# Travel time at depth = 400.00 km.
     -1.0000
   1614.6904
   1623.0137
   1631.3369
   1639.6603
   1647.9835
   1656.3068
   1664.6300
   1672.9532
   1681.2766
   1689.5999
   1697.9231
   1706.2463
   1714.5697
   1722.8929
   1731.2162
   1739.5394
   1747.8627
   1756.1860
   1764.5093
   1772.8325
   1781.1558
   1789.4791
   1797.8024
   1806.1256
   1814.4489
   1822.7721
   1831.0955
   1839.4187
   1847.7419
   1856.0652
   1864.3885
   1872.7118
   1881.0350
   1889.3583
   1897.6816
   1906.0049
   1914.3281
   1922.6514
   1930.9746
   1939.2980
   1947.6212
   1955.9445
   1964.2677
   1972.5911
# Travel time at depth = 500.00 km.
     -1.0000
     -1.0000
   1640.7526
   1649.0759
   1657.3992
   1665.7224
   1674.0457
   1682.3689
   1690.6923
   1699.0155
   1707.3387
   1715.6620
   1723.9854
   1732.3086
   1740.6318
   1748.9551
   1757.2783
   1765.6017
   1773.9249
   1782.2482
   1790.5714
   1798.8948
   1807.2180
   1815.5413
   1823.8645
   1832.1877
   1840.5111
   1848.8344
   1857.1576
   1865.4808
   1873.8042
   1882.1274
   1890.4507
   1898.7739
   1907.0973
   1915.4205
   1923.7438
   1932.0670
   1940.3903
   1948.7136
   1957.0369
   1965.3601
   1973.6833
   1982.0067
   1990.3300
# Travel time at depth = 600.00 km.
     -1.0000
     -1.0000
   1657.4905
   1665.8137
   1674.1370
   1682.4603
   1690.7836
   1699.1068
   1707.4301
   1715.7534
   1724.0767
   1732.3999
   1740.7231
   1749.0464
   1757.3698
   1765.6930
   1774.0162
   1782.3395
   1790.6628
   1798.9861
   1807.3093
   1815.6326
   1823.9559
   1832.2792
   1840.6024
   1848.9257
   1857.2489
   1865.5723
   1873.8955
   1882.2188
   1890.5420
   1898.8654
   1907.1886
   1915.5118
   1923.8351
   1932.1583
   1940.4817
   1948.8049
   1957.1282
   1965.4514
   1973.7748
   1982.0980
   1990.4213
   1998.7445
   2007.0677
# Travel time at depth = 700.00 km.
     -1.0000
     -1.0000
     -1.0000
   1681.1984
   1689.5216
   1697.8448
   1706.1681
   1714.4913
   1722.8147
   1731.1379
   1739.4612
   1747.7844
   1756.1078
   1764.4310
   1772.7543
   1781.0775
   1789.4008
   1797.7241
   1806.0474
   1814.3706
   1822.6938
   1831.0172
   1839.3405
   1847.6637
   1855.9869
   1864.3102
   1872.6335
   1880.9568
   1889.2800
   1897.6033
   1905.9266
   1914.2499
   1922.5731
   1930.8964
   1939.2197
   1947.5430
   1955.8662
   1964.1895
   1972.5127
   1980.8361
   1989.1593
   1997.4825
   2005.8058
   2014.1292
   2022.4524
# Distance-dependent modelling error(s)   
   3   1
  100.00  116.00  144.00
#
   1.200
   5.000
  12.000
#@(#)        iasp91.sSdiff     2.1     06/06/96
