# IASPEI travel-time table for phase: sSKSac  
 14   Number of depth samples at the following depths (km):
    0.00   15.00   35.00   50.00   75.00  100.00  150.00  200.00  250.00  300.00
  400.00  500.00  600.00  700.00
 83   Number of distance samples at the following distances (deg):
   63.00   64.00   65.00   66.00   67.00   68.00   69.00   70.00   71.00   72.00
   73.00   74.00   75.00   76.00   77.00   78.00   79.00   80.00   81.00   82.00
   83.00   84.00   85.00   86.00   87.00   88.00   89.00   90.00   91.00   92.00
   93.00   94.00   95.00   96.00   97.00   98.00   99.00  100.00  101.00  102.00
  103.00  104.00  105.00  106.00  107.00  108.00  109.00  110.00  111.00  112.00
  113.00  114.00  115.00  116.00  117.00  118.00  119.00  120.00  121.00  122.00
  123.00  124.00  125.00  126.00  127.00  128.00  129.00  130.00  131.00  132.00
  133.00  134.00  135.00  136.00  137.00  138.00  139.00  140.00  141.00  142.00
  143.00  144.00  145.00
# Travel time at depth =   0.00 km.
   1222.6864
   1230.2743
   1237.8601
   1245.4417
   1253.0164
   1260.5817
   1268.1340
   1275.6699
   1283.1849
   1290.6738
   1298.1310
   1305.5496
   1312.9219
   1320.2396
   1327.4937
   1334.6744
   1341.7729
   1348.7808
   1355.6907
   1362.4969
   1369.1956
   1375.7837
   1382.2596
   1388.6237
   1394.8766
   1401.0193
   1407.0530
   1412.9797
   1418.8010
   1424.5188
   1430.1356
   1435.6537
   1441.0747
   1446.4006
   1451.6335
   1456.7751
   1461.8271
   1466.7914
   1471.6700
   1476.4641
   1481.1747
   1485.8038
   1490.3529
   1494.8235
   1499.2169
   1503.5350
   1507.7789
   1511.9496
   1516.0482
   1520.0764
   1524.0348
   1527.9237
   1531.7441
   1535.4972
   1539.1836
   1542.8044
   1546.3604
   1549.8522
   1553.2808
   1556.6467
   1559.9508
   1563.1936
   1566.3759
   1569.4980
   1572.5609
   1575.5648
   1578.5103
   1581.3975
   1584.2273
   1587.0005
   1589.7173
   1592.3781
   1594.9833
   1597.5332
   1600.0282
   1602.4688
   1604.8551
   1607.1874
   1609.4657
   1611.6912
   1613.8644
   1615.9834
     -1.0000
# Travel time at depth =  15.00 km.
   1227.0316
   1234.6194
   1242.2053
   1249.7870
   1257.3621
   1264.9276
   1272.4806
   1280.0170
   1287.5327
   1295.0226
   1302.4808
   1309.9006
   1317.2745
   1324.5940
   1331.8502
   1339.0333
   1346.1344
   1353.1449
   1360.0577
   1366.8672
   1373.5688
   1380.1599
   1386.6389
   1393.0059
   1399.2617
   1405.4072
   1411.4437
   1417.3729
   1423.1968
   1428.9170
   1434.5361
   1440.0564
   1445.4796
   1450.8076
   1456.0426
   1461.1862
   1466.2399
   1471.2061
   1476.0863
   1480.8820
   1485.5942
   1490.2249
   1494.7755
   1499.2474
   1503.6423
   1507.9618
   1512.2069
   1516.3788
   1520.4788
   1524.5081
   1528.4675
   1532.3575
   1536.1791
   1539.9331
   1543.6206
   1547.2423
   1550.7992
   1554.2920
   1557.7214
   1561.0883
   1564.3932
   1567.6368
   1570.8198
   1573.9427
   1577.0063
   1580.0111
   1582.9572
   1585.8451
   1588.6755
   1591.4493
   1594.1667
   1596.8282
   1599.4340
   1601.9845
   1604.4801
   1606.9211
   1609.3081
   1611.6407
   1613.9197
   1616.1456
   1618.3192
   1620.4388
     -1.0000
# Travel time at depth =  35.00 km.
     -1.0000
   1239.9332
   1247.5192
   1255.1011
   1262.6765
   1270.2427
   1277.7963
   1285.3335
   1292.8503
   1300.3414
   1307.8013
   1315.2230
   1322.5991
   1329.9214
   1337.1805
   1344.3671
   1351.4719
   1358.4865
   1365.4036
   1372.2173
   1378.9235
   1385.5190
   1392.0026
   1398.3739
   1404.6339
   1410.7834
   1416.8239
   1422.7571
   1428.5846
   1434.3083
   1439.9308
   1445.4545
   1450.8809
   1456.2119
   1461.4497
   1466.5961
   1471.6526
   1476.6212
   1481.5042
   1486.3022
   1491.0168
   1495.6497
   1500.2024
   1504.6765
   1509.0735
   1513.3948
   1517.6418
   1521.8156
   1525.9172
   1529.9482
   1533.9093
   1537.8010
   1541.6241
   1545.3798
   1549.0686
   1552.6918
   1556.2500
   1559.7441
   1563.1749
   1566.5430
   1569.8491
   1573.0940
   1576.2781
   1579.4021
   1582.4668
   1585.4725
   1588.4197
   1591.3086
   1594.1401
   1596.9148
   1599.6332
   1602.2954
   1604.9021
   1607.4534
   1609.9498
   1612.3917
   1614.7794
   1617.1129
   1619.3925
   1621.6191
   1623.7935
   1625.9137
     -1.0000
# Travel time at depth =  50.00 km.
     -1.0000
   1243.1248
   1250.7109
   1258.2931
   1265.8689
   1273.4354
   1280.9896
   1288.5277
   1296.0455
   1303.5378
   1310.9991
   1318.4227
   1325.8009
   1333.1256
   1340.3876
   1347.5773
   1354.6857
   1361.7040
   1368.6251
   1375.4430
   1382.1533
   1388.7531
   1395.2407
   1401.6161
   1407.8800
   1414.0334
   1420.0776
   1426.0144
   1431.8453
   1437.5725
   1443.1981
   1448.7247
   1454.1541
   1459.4880
   1464.7285
   1469.8776
   1474.9365
   1479.9077
   1484.7928
   1489.5933
   1494.3101
   1498.9451
   1503.4998
   1507.9758
   1512.3746
   1516.6978
   1520.9465
   1525.1219
   1529.2252
   1533.2578
   1537.2206
   1541.1138
   1544.9382
   1548.6952
   1552.3855
   1556.0100
   1559.5695
   1563.0648
   1566.4968
   1569.8661
   1573.1733
   1576.4192
   1579.6044
   1582.7295
   1585.7953
   1588.8020
   1591.7501
   1594.6399
   1597.4723
   1600.2478
   1602.9670
   1605.6301
   1608.2375
   1610.7897
   1613.2869
   1615.7295
   1618.1179
   1620.4520
   1622.7323
   1624.9596
   1627.1345
   1629.2555
     -1.0000
# Travel time at depth =  75.00 km.
     -1.0000
   1248.4330
   1256.0193
   1263.6018
   1271.1781
   1278.7455
   1286.3007
   1293.8401
   1301.3595
   1308.8540
   1316.3177
   1323.7441
   1331.1260
   1338.4546
   1345.7213
   1352.9164
   1360.0306
   1367.0553
   1373.9832
   1380.8079
   1387.5253
   1394.1322
   1400.6267
   1407.0089
   1413.2795
   1419.4395
   1425.4899
   1431.4326
   1437.2694
   1443.0022
   1448.6332
   1454.1649
   1459.5992
   1464.9380
   1470.1831
   1475.3365
   1480.3998
   1485.3750
   1490.2640
   1495.0682
   1499.7887
   1504.4272
   1508.9855
   1513.4647
   1517.8667
   1522.1929
   1526.4446
   1530.6229
   1534.7290
   1538.7642
   1542.7295
   1546.6251
   1550.4521
   1554.2114
   1557.9041
   1561.5306
   1565.0924
   1568.5898
   1572.0238
   1575.3950
   1578.7042
   1581.9519
   1585.1389
   1588.2657
   1591.3331
   1594.3416
   1597.2913
   1600.1826
   1603.0165
   1605.7936
   1608.5142
   1611.1787
   1613.7875
   1616.3408
   1618.8392
   1621.2832
   1623.6727
   1626.0081
   1628.2896
   1630.5178
   1632.6938
   1634.8159
     -1.0000
# Travel time at depth = 100.00 km.
     -1.0000
   1253.7273
   1261.3138
   1268.8967
   1276.4736
   1284.0417
   1291.5979
   1299.1387
   1306.6597
   1314.1561
   1321.6223
   1329.0519
   1336.4370
   1343.7699
   1351.0413
   1358.2417
   1365.3618
   1372.3928
   1379.3274
   1386.1592
   1392.8837
   1399.4977
   1405.9994
   1412.3885
   1418.6659
   1424.8324
   1430.8892
   1436.8380
   1442.6807
   1448.4191
   1454.0555
   1459.5925
   1465.0319
   1470.3754
   1475.6251
   1480.7831
   1485.8506
   1490.8300
   1495.7230
   1500.5311
   1505.2552
   1509.8973
   1514.4590
   1518.9417
   1523.3468
   1527.6760
   1531.9308
   1536.1119
   1540.2208
   1544.2588
   1548.2266
   1552.1249
   1555.9543
   1559.7161
   1563.4109
   1567.0398
   1570.6036
   1574.1031
   1577.5392
   1580.9125
   1584.2235
   1587.4731
   1590.6620
   1593.7905
   1596.8596
   1599.8698
   1602.8210
   1605.7140
   1608.5493
   1611.3279
   1614.0499
   1616.7158
   1619.3260
   1621.8807
   1624.3804
   1626.8256
   1629.2163
   1631.5530
   1633.8354
   1636.0649
   1638.2419
   1640.3651
     -1.0000
# Travel time at depth = 150.00 km.
     -1.0000
   1264.2783
   1271.8652
   1279.4489
   1287.0267
   1294.5964
   1302.1547
   1309.6980
   1317.2222
   1324.7227
   1332.1937
   1339.6292
   1347.0214
   1354.3623
   1361.6432
   1368.8544
   1375.9863
   1383.0303
   1389.9785
   1396.8245
   1403.5635
   1410.1920
   1416.7081
   1423.1115
   1429.4025
   1435.5824
   1441.6520
   1447.6134
   1453.4681
   1459.2181
   1464.8656
   1470.4132
   1475.8629
   1481.2162
   1486.4755
   1491.6425
   1496.7189
   1501.7067
   1506.6078
   1511.4237
   1516.1555
   1520.8049
   1525.3735
   1529.8630
   1534.2747
   1538.6102
   1542.8710
   1547.0581
   1551.1726
   1555.2159
   1559.1892
   1563.0927
   1566.9271
   1570.6936
   1574.3932
   1578.0267
   1581.5950
   1585.0988
   1588.5389
   1591.9163
   1595.2312
   1598.4847
   1601.6771
   1604.8093
   1607.8820
   1610.8954
   1613.8500
   1616.7462
   1619.5846
   1622.3662
   1625.0912
   1627.7599
   1630.3728
   1632.9302
   1635.4325
   1637.8802
   1640.2734
   1642.6124
   1644.8973
   1647.1290
   1649.3082
   1651.4336
     -1.0000
# Travel time at depth = 200.00 km.
     -1.0000
   1274.7924
   1282.3796
   1289.9639
   1297.5428
   1305.1139
   1312.6742
   1320.2200
   1327.7474
   1335.2520
   1342.7279
   1350.1691
   1357.5682
   1364.9174
   1372.2078
   1379.4297
   1386.5737
   1393.6306
   1400.5928
   1407.4531
   1414.2069
   1420.8503
   1427.3812
   1433.7990
   1440.1041
   1446.2976
   1452.3806
   1458.3547
   1464.2219
   1469.9838
   1475.6426
   1481.2012
   1486.6613
   1492.0248
   1497.2937
   1502.4701
   1507.5555
   1512.5519
   1517.4614
   1522.2854
   1527.0250
   1531.6819
   1536.2577
   1540.7540
   1545.1724
   1549.5144
   1553.7814
   1557.9744
   1562.0947
   1566.1437
   1570.1223
   1574.0311
   1577.8707
   1581.6422
   1585.3467
   1588.9847
   1592.5576
   1596.0658
   1599.5103
   1602.8916
   1606.2106
   1609.4679
   1612.6642
   1615.8000
   1618.8761
   1621.8931
   1624.8511
   1627.7505
   1630.5922
   1633.3767
   1636.1047
   1638.7764
   1641.3921
   1643.9523
   1646.4573
   1648.9075
   1651.3032
   1653.6447
   1655.9320
   1658.1659
   1660.3474
   1662.4751
     -1.0000
# Travel time at depth = 250.00 km.
     -1.0000
   1285.2001
   1292.7876
   1300.3724
   1307.9524
   1315.5250
   1323.0872
   1330.6355
   1338.1661
   1345.6744
   1353.1553
   1360.6023
   1368.0084
   1375.3658
   1382.6658
   1389.8986
   1397.0547
   1404.1250
   1411.1012
   1417.9764
   1424.7452
   1431.4039
   1437.9502
   1444.3828
   1450.7025
   1456.9102
   1463.0068
   1468.9943
   1474.8741
   1480.6483
   1486.3188
   1491.8887
   1497.3597
   1502.7336
   1508.0126
   1513.1986
   1518.2933
   1523.2986
   1528.2167
   1533.0490
   1537.7966
   1542.4612
   1547.0444
   1551.5479
   1555.9731
   1560.3218
   1564.5951
   1568.7944
   1572.9207
   1576.9755
   1580.9596
   1584.8739
   1588.7188
   1592.4955
   1596.2047
   1599.8477
   1603.4252
   1606.9379
   1610.3866
   1613.7723
   1617.0955
   1620.3567
   1623.5569
   1626.6965
   1629.7762
   1632.7968
   1635.7582
   1638.6610
   1641.5059
   1644.2936
   1647.0247
   1649.6993
   1652.3180
   1654.8809
   1657.3887
   1659.8416
   1662.2400
   1664.5839
   1666.8737
   1669.1099
   1671.2937
   1673.4237
     -1.0000
# Travel time at depth = 300.00 km.
     -1.0000
   1295.3815
   1302.9691
   1310.5546
   1318.1355
   1325.7095
   1333.2736
   1340.8245
   1348.3583
   1355.8706
   1363.3563
   1370.8092
   1378.2224
   1385.5881
   1392.8977
   1400.1417
   1407.3103
   1414.3942
   1421.3850
   1428.2755
   1435.0602
   1441.7347
   1448.2968
   1454.7450
   1461.0800
   1467.3024
   1473.4135
   1479.4146
   1485.3077
   1491.0947
   1496.7777
   1502.3593
   1507.8416
   1513.2264
   1518.5159
   1523.7120
   1528.8164
   1533.8309
   1538.7579
   1543.5989
   1548.3549
   1553.0275
   1557.6184
   1562.1294
   1566.5618
   1570.9174
   1575.1974
   1579.4031
   1583.5355
   1587.5963
   1591.5864
   1595.5063
   1599.3567
   1603.1387
   1606.8531
   1610.5011
   1614.0834
   1617.6007
   1621.0541
   1624.4441
   1627.7716
   1631.0370
   1634.2412
   1637.3848
   1640.4683
   1643.4924
   1646.4575
   1649.3639
   1652.2122
   1655.0031
   1657.7373
   1660.4152
   1663.0367
   1665.6027
   1668.1133
   1670.5690
   1672.9700
   1675.3165
   1677.6089
   1679.8475
   1682.0337
   1684.1661
     -1.0000
# Travel time at depth = 400.00 km.
     -1.0000
     -1.0000
   1322.6742
   1330.2606
   1337.8434
   1345.4200
   1352.9879
   1360.5438
   1368.0840
   1375.6044
   1383.0999
   1390.5647
   1397.9923
   1405.3750
   1412.7043
   1419.9712
   1427.1656
   1434.2780
   1441.2994
   1448.2222
   1455.0400
   1461.7484
   1468.3442
   1474.8258
   1481.1932
   1487.4473
   1493.5889
   1499.6196
   1505.5413
   1511.3557
   1517.0649
   1522.6716
   1528.1781
   1533.5863
   1538.8981
   1544.1156
   1549.2408
   1554.2753
   1559.2212
   1564.0806
   1568.8544
   1573.5441
   1578.1515
   1582.6783
   1587.1260
   1591.4962
   1595.7904
   1600.0099
   1604.1556
   1608.2290
   1612.2314
   1616.1635
   1620.0256
   1623.8188
   1627.5443
   1631.2029
   1634.7953
   1638.3228
   1641.7856
   1645.1851
   1648.5216
   1651.7959
   1655.0085
   1658.1604
   1661.2521
   1664.2839
   1667.2567
   1670.1704
   1673.0259
   1675.8239
   1678.5648
   1681.2491
   1683.8772
   1686.4493
   1688.9659
   1691.4275
   1693.8342
   1696.1864
   1698.4840
   1700.7279
   1702.9191
   1705.0565
     -1.0000
# Travel time at depth = 500.00 km.
     -1.0000
     -1.0000
   1340.7195
   1348.3069
   1355.8914
   1363.4708
   1371.0425
   1378.6034
   1386.1503
   1393.6788
   1401.1847
   1408.6621
   1416.1050
   1423.5057
   1430.8564
   1438.1479
   1445.3705
   1452.5140
   1459.5695
   1466.5282
   1473.3834
   1480.1300
   1486.7642
   1493.2837
   1499.6880
   1505.9780
   1512.1547
   1518.2191
   1524.1732
   1530.0190
   1535.7583
   1541.3937
   1546.9277
   1552.3624
   1557.6997
   1562.9417
   1568.0903
   1573.1473
   1578.1150
   1582.9951
   1587.7892
   1592.4983
   1597.1244
   1601.6692
   1606.1342
   1610.5210
   1614.8312
   1619.0660
   1623.2268
   1627.3147
   1631.3311
   1635.2766
   1639.1520
   1642.9580
   1646.6957
   1650.3662
   1653.9703
   1657.5089
   1660.9827
   1664.3927
   1667.7394
   1671.0236
   1674.2458
   1677.4071
   1680.5077
   1683.5485
   1686.5298
   1689.4519
   1692.3153
   1695.1211
   1697.8696
   1700.5614
   1703.1965
   1705.7756
   1708.2991
   1710.7672
   1713.1803
   1715.5387
   1717.8424
   1720.0922
   1722.2888
   1724.4320
     -1.0000
# Travel time at depth = 600.00 km.
     -1.0000
     -1.0000
   1357.7927
   1365.3806
   1372.9667
   1380.5486
   1388.1239
   1395.6898
   1403.2432
   1410.7802
   1418.2963
   1425.7864
   1433.2446
   1440.6641
   1448.0367
   1455.3538
   1462.6057
   1469.7822
   1476.8738
   1483.8713
   1490.7671
   1497.5553
   1504.2314
   1510.7928
   1517.2382
   1523.5681
   1529.7833
   1535.8853
   1541.8754
   1547.7559
   1553.5284
   1559.1957
   1564.7601
   1570.2241
   1575.5895
   1580.8584
   1586.0331
   1591.1150
   1596.1064
   1601.0096
   1605.8258
   1610.5564
   1615.2030
   1619.7675
   1624.2515
   1628.6566
   1632.9844
   1637.2363
   1641.4135
   1645.5171
   1649.5487
   1653.5092
   1657.3989
   1661.2189
   1664.9702
   1668.6538
   1672.2705
   1675.8213
   1679.3070
   1682.7285
   1686.0864
   1689.3813
   1692.6143
   1695.7856
   1698.8961
   1701.9465
   1704.9371
   1707.8683
   1710.7406
   1713.5548
   1716.3116
   1719.0115
   1721.6545
   1724.2412
   1726.7720
   1729.2472
   1731.6674
   1734.0325
   1736.3428
   1738.5988
   1740.8016
   1742.9509
     -1.0000
# Travel time at depth = 700.00 km.
     -1.0000
     -1.0000
     -1.0000
   1381.1433
   1388.7305
   1396.3147
   1403.8936
   1411.4644
   1419.0243
   1426.5696
   1434.0963
   1441.5995
   1449.0737
   1456.5125
   1463.9081
   1471.2522
   1478.5353
   1485.7474
   1492.8783
   1499.9183
   1506.8593
   1513.6940
   1520.4175
   1527.0262
   1533.5182
   1539.8934
   1546.1528
   1552.2972
   1558.3285
   1564.2483
   1570.0590
   1575.7623
   1581.3615
   1586.8586
   1592.2559
   1597.5554
   1602.7594
   1607.8696
   1612.8881
   1617.8170
   1622.6583
   1627.4131
   1632.0829
   1636.6697
   1641.1750
   1645.6007
   1649.9482
   1654.2192
   1658.4148
   1662.5363
   1666.5850
   1670.5621
   1674.4681
   1678.3037
   1682.0702
   1685.7683
   1689.3993
   1692.9639
   1696.4629
   1699.8971
   1703.2675
   1706.5746
   1709.8192
   1713.0020
   1716.1235
   1719.1846
   1722.1857
   1725.1270
   1728.0092
   1730.8329
   1733.5989
   1736.3076
   1738.9594
   1741.5546
   1744.0935
   1746.5767
   1749.0046
   1751.3773
   1753.6949
   1755.9580
   1758.1676
   1760.3237
   1762.4238
# Modelling error(s)
   1   1
#
   2.200
#@(#)        iasp91.sSKSac     2.1     06/06/96
