# IASPEI travel-time table for phase: sSKSdf  
 14   Number of depth samples at the following depths (km):
    0.00   15.00   35.00   50.00   75.00  100.00  150.00  200.00  250.00  300.00
  400.00  500.00  600.00  700.00
 40   Number of distance samples at the following distances (deg):
  102.00  104.00  106.00  108.00  110.00  112.00  114.00  116.00  118.00  120.00
  122.00  124.00  126.00  128.00  130.00  132.00  134.00  136.00  138.00  140.00
  142.00  144.00  146.00  148.00  150.00  152.00  154.00  156.00  158.00  160.00
  162.00  164.00  166.00  168.00  170.00  172.00  174.00  176.00  178.00  180.00
# Travel time at depth =   0.00 km.
     -1.0000
   1535.1506
   1538.9807
   1542.8092
   1546.6345
   1550.4550
   1554.2686
   1558.0730
   1561.8656
   1565.6431
   1569.4017
   1573.1371
   1576.8441
   1580.5167
   1584.1477
   1587.7294
   1591.2524
   1594.7074
   1598.0836
   1601.3704
   1604.5568
   1607.6324
   1610.5873
   1613.4121
   1616.0985
   1618.6390
   1621.0270
   1623.2567
   1625.3230
   1627.2218
   1628.9491
   1630.5021
   1631.8779
   1633.0743
   1634.0897
   1634.9224
   1635.5712
   1636.0352
   1636.3138
   1636.4069
# Travel time at depth =  15.00 km.
     -1.0000
   1539.6075
   1543.4376
   1547.2660
   1551.0914
   1554.9119
   1558.7256
   1562.5300
   1566.3226
   1570.1001
   1573.8589
   1577.5944
   1581.3015
   1584.9742
   1588.6055
   1592.1873
   1595.7106
   1599.1658
   1602.5422
   1605.8293
   1609.0161
   1612.0922
   1615.0474
   1617.8726
   1620.5593
   1623.1002
   1625.4886
   1627.7186
   1629.7854
   1631.6844
   1633.4121
   1634.9653
   1636.3414
   1637.5381
   1638.5536
   1639.3864
   1640.0353
   1640.4994
   1640.7782
   1640.8712
# Travel time at depth =  35.00 km.
     -1.0000
   1545.0845
   1548.9146
   1552.7430
   1556.5685
   1560.3889
   1564.2026
   1568.0072
   1571.7998
   1575.5775
   1579.3363
   1583.0720
   1586.7793
   1590.4521
   1594.0836
   1597.6658
   1601.1895
   1604.6450
   1608.0219
   1611.3094
   1614.4967
   1617.5732
   1620.5291
   1623.3549
   1626.0422
   1628.5836
   1630.9725
   1633.2031
   1635.2704
   1637.1699
   1638.8981
   1640.4517
   1641.8281
   1643.0251
   1644.0409
   1644.8739
   1645.5229
   1645.9873
   1646.2661
   1646.3591
# Travel time at depth =  50.00 km.
     -1.0000
   1548.4282
   1552.2583
   1556.0868
   1559.9122
   1563.7328
   1567.5465
   1571.3511
   1575.1438
   1578.9215
   1582.6804
   1586.4163
   1590.1238
   1593.7969
   1597.4286
   1601.0109
   1604.5349
   1607.9907
   1611.3680
   1614.6560
   1617.8438
   1620.9209
   1623.8772
   1626.7035
   1629.3914
   1631.9333
   1634.3228
   1636.5538
   1638.6215
   1640.5215
   1642.2500
   1643.8041
   1645.1808
   1646.3782
   1647.3942
   1648.2274
   1648.8766
   1649.3409
   1649.6199
   1649.7129
# Travel time at depth =  75.00 km.
     -1.0000
   1553.9919
   1557.8220
   1561.6506
   1565.4760
   1569.2966
   1573.1105
   1576.9150
   1580.7079
   1584.4858
   1588.2449
   1591.9810
   1595.6887
   1599.3621
   1602.9941
   1606.5770
   1610.1014
   1613.5580
   1616.9359
   1620.2246
   1623.4132
   1626.4910
   1629.4481
   1632.2754
   1634.9641
   1637.5070
   1639.8972
   1642.1292
   1644.1976
   1646.0984
   1647.8276
   1649.3822
   1650.7596
   1651.9574
   1652.9739
   1653.8075
   1654.4569
   1654.9215
   1655.2006
   1655.2937
# Travel time at depth = 100.00 km.
     -1.0000
   1559.5446
   1563.3746
   1567.2032
   1571.0287
   1574.8494
   1578.6632
   1582.4680
   1586.2610
   1590.0389
   1593.7982
   1597.5345
   1601.2426
   1604.9163
   1608.5487
   1612.1320
   1615.6570
   1619.1140
   1622.4927
   1625.7821
   1628.9714
   1632.0500
   1635.0082
   1637.8362
   1640.5259
   1643.0696
   1645.4608
   1647.6935
   1649.7628
   1651.6642
   1653.3942
   1654.9495
   1656.3274
   1657.5258
   1658.5426
   1659.3765
   1660.0264
   1660.4911
   1660.7703
   1660.8634
# Travel time at depth = 150.00 km.
     -1.0000
   1570.6200
   1574.4501
   1578.2787
   1582.1042
   1585.9249
   1589.7390
   1593.5439
   1597.3372
   1601.1155
   1604.8751
   1608.6118
   1612.3204
   1615.9948
   1619.6281
   1623.2122
   1626.7383
   1630.1965
   1633.5765
   1636.8673
   1640.0583
   1643.1387
   1646.0985
   1648.9283
   1651.6199
   1654.1654
   1656.5582
   1658.7927
   1660.8636
   1662.7666
   1664.4980
   1666.0546
   1667.4336
   1668.6329
   1669.6508
   1670.4855
   1671.1357
   1671.6010
   1671.8804
   1671.9735
# Travel time at depth = 200.00 km.
     -1.0000
   1581.6686
   1585.4987
   1589.3273
   1593.1528
   1596.9738
   1600.7880
   1604.5930
   1608.3865
   1612.1652
   1615.9252
   1619.6624
   1623.3715
   1627.0465
   1630.6805
   1634.2656
   1637.7927
   1641.2522
   1644.6335
   1647.9259
   1651.1185
   1654.2006
   1657.1622
   1659.9939
   1662.6873
   1665.2346
   1667.6293
   1669.8655
   1671.9381
   1673.8427
   1675.5754
   1677.1333
   1678.5135
   1679.7140
   1680.7327
   1681.5681
   1682.2190
   1682.6846
   1682.9642
   1683.0575
# Travel time at depth = 250.00 km.
     -1.0000
   1592.6245
   1596.4547
   1600.2833
   1604.1090
   1607.9301
   1611.7443
   1615.5497
   1619.3434
   1623.1223
   1626.8827
   1630.6204
   1634.3300
   1638.0057
   1641.6406
   1645.2266
   1648.7549
   1652.2156
   1655.5983
   1658.8922
   1662.0864
   1665.1703
   1668.1337
   1670.9673
   1673.6626
   1676.2118
   1678.6084
   1680.8463
   1682.9205
   1684.8268
   1686.5610
   1688.1204
   1689.5018
   1690.7032
   1691.7229
   1692.5590
   1693.2106
   1693.6766
   1693.9564
   1694.0499
# Travel time at depth = 300.00 km.
     -1.0000
   1603.3748
   1607.2050
   1611.0336
   1614.8594
   1618.6804
   1622.4949
   1626.3004
   1630.0944
   1633.8737
   1637.6345
   1641.3726
   1645.0829
   1648.7593
   1652.3949
   1655.9819
   1659.5114
   1662.9734
   1666.3575
   1669.6531
   1672.8490
   1675.9347
   1678.9000
   1681.7355
   1684.4327
   1686.9839
   1689.3824
   1691.6222
   1693.6982
   1695.6061
   1697.3419
   1698.9026
   1700.2854
   1701.4879
   1702.5084
   1703.3455
   1703.9976
   1704.4641
   1704.7441
   1704.8376
# Travel time at depth = 400.00 km.
     -1.0000
   1624.2820
   1628.1121
   1631.9409
   1635.7668
   1639.5881
   1643.4028
   1647.2089
   1651.0033
   1654.7832
   1658.5449
   1662.2841
   1665.9955
   1669.6735
   1673.3109
   1676.8999
   1680.4316
   1683.8964
   1687.2836
   1690.5825
   1693.7820
   1696.8716
   1699.8409
   1702.6805
   1705.3820
   1707.9373
   1710.3398
   1712.5835
   1714.6632
   1716.5746
   1718.3137
   1719.8773
   1721.2628
   1722.4678
   1723.4902
   1724.3289
   1724.9824
   1725.4498
   1725.7305
   1725.8242
# Travel time at depth = 500.00 km.
     -1.0000
   1643.6766
   1647.5068
   1651.3357
   1655.1617
   1658.9834
   1662.7985
   1666.6049
   1670.4000
   1674.1807
   1677.9432
   1681.6835
   1685.3962
   1689.0758
   1692.7152
   1696.3065
   1699.8409
   1703.3087
   1706.6992
   1710.0018
   1713.2054
   1716.2993
   1719.2731
   1722.1173
   1724.8234
   1727.3833
   1729.7903
   1732.0385
   1734.1223
   1736.0376
   1737.7804
   1739.3473
   1740.7357
   1741.9434
   1742.9681
   1743.8086
   1744.4636
   1744.9320
   1745.2134
   1745.3073
# Travel time at depth = 600.00 km.
     -1.0000
     -1.0000
   1666.0472
   1669.8762
   1673.7025
   1677.5243
   1681.3398
   1685.1467
   1688.9424
   1692.7239
   1696.4874
   1700.2289
   1703.9432
   1707.6245
   1711.2659
   1714.8597
   1718.3970
   1721.8679
   1725.2621
   1728.5687
   1731.7767
   1734.8752
   1737.8539
   1740.7031
   1743.4141
   1745.9790
   1748.3910
   1750.6438
   1752.7323
   1754.6517
   1756.3986
   1757.9691
   1759.3608
   1760.5712
   1761.5985
   1762.4410
   1763.0975
   1763.5671
   1763.8491
   1763.9432
# Travel time at depth = 700.00 km.
     -1.0000
     -1.0000
   1683.4446
   1687.2737
   1691.1001
   1694.9222
   1698.7382
   1702.5457
   1706.3420
   1710.1243
   1713.8889
   1717.6317
   1721.3477
   1725.0309
   1728.6746
   1732.2710
   1735.8114
   1739.2859
   1742.6842
   1745.9952
   1749.2080
   1752.3115
   1755.2955
   1758.1503
   1760.8668
   1763.4374
   1765.8547
   1768.1128
   1770.2063
   1772.1305
   1773.8816
   1775.4563
   1776.8516
   1778.0652
   1779.0952
   1779.9399
   1780.5981
   1781.0691
   1781.3518
   1781.4463
# Modelling error(s)
   1   1
#
   2.200
#@(#)        iasp91.sSKSdf     2.1     06/06/96
