# IASPEI travel-time table for phase: SSS
  7   Number of depth samples at the following depths (km):
    0.00   20.00   50.00  100.00  200.00  400.00  700.00
 91   Number of distance samples at the following distances (deg):
    0.00    2.00    4.00    6.00    8.00   10.00   12.00   14.00   16.00   18.00
   20.00   22.00   24.00   26.00   28.00   30.00   32.00   34.00   36.00   38.00
   40.00   42.00   44.00   46.00   48.00   50.00   52.00   54.00   56.00   58.00
   60.00   62.00   64.00   66.00   68.00   70.00   72.00   74.00   76.00   78.00
   80.00   82.00   84.00   86.00   88.00   90.00   92.00   94.00   96.00   98.00
  100.00  102.00  104.00  106.00  108.00  110.00  112.00  114.00  116.00  118.00
  120.00  122.00  124.00  126.00  128.00  130.00  132.00  134.00  136.00  138.00
  140.00  142.00  144.00  146.00  148.00  150.00  152.00  154.00  156.00  158.00
  160.00  162.00  164.00  166.00  168.00  170.00  172.00  174.00  176.00  178.00
  180.00
# Travel time at depth =   0.00 km.
      0.0000
     66.1871
    132.3719
    185.2039
    234.6724
    284.1305
    333.5743
    383.0002
    432.4043
    481.7829
    531.1323
    580.4486
    629.7281
    678.9671
    728.1619
    777.3088
    826.4039
    875.4431
    924.4230
    973.3416
   1022.1959
   1070.9781
   1119.6769
   1168.2965
   1216.8517
   1265.3506
   1313.7963
   1362.1875
   1410.5210
   1458.7913
   1502.5707
   1542.5262
   1582.1685
   1621.4578
   1660.3593
   1693.7358
   1726.2325
   1758.4823
   1790.2615
   1821.9399
   1853.5475
   1885.0959
   1916.5924
   1948.0419
   1979.4478
   2010.8094
   2042.1201
   2073.3669
   2104.5381
   2135.6309
   2166.6423
   2197.5684
   2228.4036
   2259.1431
   2289.7832
   2320.3206
   2350.7520
   2381.0740
   2411.2837
   2441.3782
   2471.3552
   2501.2122
   2530.9468
   2560.5574
   2590.0415
   2619.3975
   2648.6235
   2677.7180
   2706.6797
   2735.5071
   2764.1990
   2792.7542
   2821.1716
   2849.4500
   2877.5886
   2905.5867
   2933.4438
   2961.1584
   2988.7288
   3016.1531
   3043.4329
   3070.5691
   3097.5615
   3124.4094
   3151.1121
   3177.6680
   3204.0762
   3230.3359
   3256.4468
   3282.4084
   3308.2200
# Travel time at depth =  20.00 km.
     -1.0000
     72.4177
    131.5350
    181.2576
    230.7252
    280.1820
    329.6241
    379.0480
    428.4497
    477.8256
    527.1718
    576.4845
    625.7601
    674.9948
    724.1850
    773.3269
    822.4166
    871.4500
    920.4239
    969.3362
   1018.1839
   1066.9585
   1115.6488
   1164.2616
   1212.8109
   1261.3046
   1309.7451
   1358.1309
   1406.4586
   1454.7224
   1497.8387
   1537.7742
   1577.3938
   1616.6583
   1655.5333
   1688.5577
   1721.0442
   1753.2671
   1785.0396
   1816.7142
   1848.3186
   1879.8644
   1911.3584
   1942.8057
   1974.2095
   2005.5690
   2036.8768
   2068.1201
   2099.2876
   2130.3765
   2161.3840
   2192.3059
   2223.1367
   2253.8716
   2284.5068
   2315.0393
   2345.4656
   2375.7825
   2405.9868
   2436.0762
   2466.0476
   2495.8989
   2525.6282
   2555.2329
   2584.7114
   2614.0618
   2643.2820
   2672.3706
   2701.3264
   2730.1479
   2758.8340
   2787.3831
   2815.7947
   2844.0671
   2872.1997
   2900.1919
   2928.0432
   2955.7517
   2983.3159
   3010.7344
   3038.0083
   3065.1389
   3092.1255
   3118.9675
   3145.6643
   3172.2144
   3198.6169
   3224.8708
   3250.9758
   3276.9316
   3302.7375
# Travel time at depth =  50.00 km.
     -1.0000
     -1.0000
     -1.0000
     -1.0000
     -1.0000
     -1.0000
     -1.0000
     -1.0000
     -1.0000
     -1.0000
    524.7861
    574.0558
    623.2906
    672.4857
    721.6375
    770.7413
    819.7929
    868.7886
    917.7258
    966.6021
   1015.4118
   1064.1440
   1112.7941
   1161.3760
   1209.8993
   1258.3695
   1306.7864
   1355.1482
   1403.4502
   1451.6862
   1492.9381
   1532.8273
   1572.3953
   1611.6040
   1650.0339
   1682.7008
   1715.1661
   1747.3344
   1779.0941
   1810.7610
   1842.3591
   1873.8995
   1905.3888
   1936.8315
   1968.2312
   1999.5861
   2030.8882
   2062.1245
   2093.2844
   2124.3655
   2155.3650
   2186.2783
   2217.1001
   2247.8257
   2278.4514
   2308.9739
   2339.3901
   2369.6968
   2399.8906
   2429.9690
   2459.9294
   2489.7698
   2519.4878
   2549.0813
   2578.5483
   2607.8872
   2637.0957
   2666.1729
   2695.1169
   2723.9268
   2752.6011
   2781.1387
   2809.5383
   2837.7991
   2865.9199
   2893.9004
   2921.7400
   2949.4368
   2976.9893
   3004.3960
   3031.6584
   3058.7773
   3085.7527
   3112.5833
   3139.2686
   3165.8074
   3192.1985
   3218.4412
   3244.5349
   3270.4795
   3296.2742
# Travel time at depth = 100.00 km.
     -1.0000
     -1.0000
     -1.0000
     -1.0000
     -1.0000
     -1.0000
     -1.0000
     -1.0000
     -1.0000
     -1.0000
     -1.0000
     -1.0000
     -1.0000
     -1.0000
     -1.0000
     -1.0000
     -1.0000
     -1.0000
    916.8424
    965.5405
   1014.1830
   1062.7734
   1111.3137
   1159.8048
   1208.2466
   1256.6382
   1304.9772
   1353.2581
   1401.4749
   1446.4088
   1486.4919
   1526.2839
   1565.7449
   1604.8386
   1641.7377
   1674.3640
   1706.7882
   1738.8517
   1770.5900
   1802.2423
   1833.8287
   1865.3589
   1896.8390
   1928.2733
   1959.6648
   1991.0105
   2022.3014
   2053.5237
   2084.6692
   2115.7351
   2146.7190
   2177.6160
   2208.4204
   2239.1277
   2269.7351
   2300.2385
   2330.6353
   2360.9219
   2391.0955
   2421.1533
   2451.0928
   2480.9121
   2510.6086
   2540.1804
   2569.6257
   2598.9424
   2628.1289
   2657.1838
   2686.1057
   2714.8933
   2743.5452
   2772.0605
   2800.4377
   2828.6760
   2856.7747
   2884.7329
   2912.5503
   2940.2249
   2967.7546
   2995.1392
   3022.3796
   3049.4771
   3076.4307
   3103.2397
   3129.9036
   3156.4209
   3182.7905
   3209.0115
   3235.0840
   3261.0076
   3286.7810
# Travel time at depth = 200.00 km.
     -1.0000
     -1.0000
     -1.0000
     -1.0000
     -1.0000
     -1.0000
     -1.0000
     -1.0000
     -1.0000
     -1.0000
     -1.0000
     -1.0000
     -1.0000
     -1.0000
     -1.0000
     -1.0000
     -1.0000
     -1.0000
     -1.0000
     -1.0000
     -1.0000
   1108.4111
   1149.4388
   1190.4342
   1231.3733
   1272.2286
   1305.3536
   1351.4120
   1393.9528
   1434.1168
   1474.0066
   1513.5834
   1552.8112
   1591.6583
   1625.4274
   1657.9691
   1690.3019
   1722.1627
   1753.8625
   1785.4871
   1817.0500
   1848.5597
   1880.0212
   1911.4384
   1942.8125
   1974.1379
   2005.4038
   2036.5963
   2067.7112
   2098.7458
   2129.6968
   2160.5586
   2191.3264
   2221.9963
   2252.5647
   2283.0286
   2313.3845
   2343.6294
   2373.7605
   2403.7754
   2433.6714
   2463.4463
   2493.0984
   2522.6252
   2552.0251
   2581.2961
   2610.4368
   2639.4458
   2668.3215
   2697.0627
   2725.6685
   2754.1372
   2782.4680
   2810.6602
   2838.7124
   2866.6248
   2894.3958
   2922.0239
   2949.5073
   2976.8459
   3004.0415
   3031.0940
   3058.0029
   3084.7676
   3111.3867
   3137.8594
   3164.1843
   3190.3613
   3216.3896
   3242.2695
   3267.9998
# Travel time at depth = 400.00 km.
     -1.0000
     -1.0000
     -1.0000
     -1.0000
     -1.0000
     -1.0000
     -1.0000
     -1.0000
     -1.0000
     -1.0000
     -1.0000
     -1.0000
     -1.0000
     -1.0000
     -1.0000
     -1.0000
     -1.0000
     -1.0000
     -1.0000
   1008.4387
   1049.4641
   1090.4551
   1131.3887
   1172.2388
   1212.9760
   1253.5679
   1293.9803
   1334.1765
   1374.1205
   1413.7786
   1453.1182
   1492.1106
   1530.4144
   1563.1562
   1595.7020
   1628.0431
   1659.9290
   1691.6351
   1723.2646
   1754.8323
   1786.3461
   1817.8114
   1849.2324
   1880.6106
   1911.9408
   1943.2131
   1974.4132
   2005.5363
   2036.5797
   2067.5403
   2098.4131
   2129.1926
   2159.8752
   2190.4573
   2220.9358
   2251.3076
   2281.5693
   2311.7183
   2341.7520
   2371.6680
   2401.4641
   2431.1384
   2460.6885
   2490.1128
   2519.4094
   2548.5769
   2577.6135
   2606.5181
   2635.2893
   2663.9258
   2692.4268
   2720.7908
   2749.0171
   2777.1047
   2805.0532
   2832.8618
   2860.5288
   2888.0522
   2915.4316
   2942.6682
   2969.7627
   2996.7148
   3023.5234
   3050.1880
   3076.7073
   3103.0801
   3129.3057
   3155.3838
   3181.3140
   3207.0964
   3232.7300
# Travel time at depth = 700.00 km.
     -1.0000
     -1.0000
     -1.0000
     -1.0000
     -1.0000
     -1.0000
     -1.0000
     -1.0000
     -1.0000
     -1.0000
     -1.0000
     -1.0000
     -1.0000
     -1.0000
     -1.0000
     -1.0000
     -1.0000
     -1.0000
     -1.0000
     -1.0000
     -1.0000
     -1.0000
     -1.0000
     -1.0000
     -1.0000
     -1.0000
     -1.0000
     -1.0000
     -1.0000
   1406.0327
   1438.6614
   1471.1522
   1503.4912
   1535.4735
   1567.2172
   1598.8787
   1630.4747
   1662.0139
   1693.5027
   1724.9458
   1756.3467
   1787.7041
   1819.0109
   1850.2548
   1881.4254
   1912.5201
   1943.5365
   1974.4707
   2005.3177
   2036.0731
   2066.7332
   2097.2949
   2127.7554
   2158.1111
   2188.3596
   2218.4980
   2248.5242
   2278.4353
   2308.2297
   2337.9053
   2367.4600
   2396.8918
   2426.1992
   2455.3806
   2484.4346
   2513.3596
   2542.1545
   2570.8179
   2599.3489
   2627.7463
   2656.0090
   2684.1362
   2712.1272
   2739.9814
   2767.6975
   2795.2734
   2822.7080
   2850.0020
   2877.1562
   2904.1709
   2931.0452
   2957.7783
   2984.3691
   3010.8164
   3037.1194
   3063.2773
   3089.2903
   3115.1575
   3140.8792
   3166.4551
   3191.8840
# Distance-dependent modelling error(s)
   4	1
    0.00   54.00   60.00  180.00
#
   0.100
  24.000
   2.600
   2.600
#@(#)        iasp91.SSS     2.1     06/06/96
