# IASPEI travel-time table for phase: SSS_B (SSS back branch)
  7   Number of depth samples at the following depths (km):
    0.00   20.00   50.00  100.00  200.00  400.00  700.00
 58   Number of distance samples at the following distances (deg):
   66.00   68.00   70.00   72.00   74.00   76.00   78.00   80.00   82.00   84.00
   86.00   88.00   90.00   92.00   94.00   96.00   98.00  100.00  102.00  104.00
  106.00  108.00  110.00  112.00  114.00  116.00  118.00  120.00  122.00  124.00
  126.00  128.00  130.00  132.00  134.00  136.00  138.00  140.00  142.00  144.00
  146.00  148.00  150.00  152.00  154.00  156.00  158.00  160.00  162.00  164.00
  166.00  168.00  170.00  172.00  174.00  176.00  178.00  180.00
# Travel time at depth =   0.00 km.
   4517.4233
   4500.5015
   4483.4692
   4466.3262
   4449.0884
   4431.7788
   4414.4058
   4396.9609
   4379.4155
   4361.6890
   4343.7607
   4325.6431
   4307.3398
   4288.8491
   4270.1704
   4251.3071
   4232.2637
   4213.0410
   4193.6396
   4174.0591
   4154.2993
   4134.3638
   4114.2549
   4093.9736
   4073.5220
   4052.9004
   4032.1096
   4011.1509
   3990.0254
   3968.7339
   3947.2781
   3925.6592
   3903.8777
   3881.9338
   3859.8281
   3837.5610
   3815.1345
   3792.5496
   3769.8071
   3746.9067
   3723.8477
   3700.6304
   3677.2563
   3653.7268
   3630.0422
   3606.2031
   3582.2095
   3558.0623
   3533.7612
   3509.3076
   3484.7014
   3459.9431
   3435.0332
   3409.9717
   3384.7593
   3359.3962
   3333.8833
   3308.2200
# Travel time at depth =  20.00 km.
   4511.6680
   4494.7490
   4477.7192
   4460.5786
   4443.3433
   4426.0352
   4408.6636
   4391.2207
   4373.6782
   4355.9575
   4338.0342
   4319.9214
   4301.6230
   4283.1367
   4264.4629
   4245.6050
   4226.5659
   4207.3486
   4187.9521
   4168.3765
   4148.6216
   4128.6914
   4108.5869
   4088.3110
   4067.8643
   4047.2476
   4026.4619
   4005.5083
   3984.3877
   3963.1016
   3941.6506
   3920.0369
   3898.2605
   3876.3218
   3854.2212
   3831.9595
   3809.5378
   3786.9583
   3764.2209
   3741.3259
   3718.2720
   3695.0601
   3671.6914
   3648.1672
   3624.4880
   3600.6543
   3576.6660
   3552.5239
   3528.2288
   3503.7805
   3479.1797
   3454.4270
   3429.5225
   3404.4668
   3379.2598
   3353.9023
   3328.3950
   3302.7375
# Travel time at depth =  50.00 km.
   4504.6821
   4487.7681
   4470.7437
   4453.6079
   4436.3760
   4419.0708
   4401.7026
   4384.2632
   4366.7271
   4349.0161
   4331.1021
   4312.9980
   4294.7090
   4276.2324
   4257.5679
   4238.7192
   4219.6895
   4200.4810
   4181.0942
   4161.5278
   4141.7827
   4121.8618
   4101.7671
   4081.5007
   4061.0635
   4040.4563
   4019.6802
   3998.7361
   3977.6252
   3956.3486
   3934.9077
   3913.3035
   3891.5369
   3869.6079
   3847.5173
   3825.2654
   3802.8540
   3780.2839
   3757.5569
   3734.6719
   3711.6284
   3688.4265
   3665.0681
   3641.5542
   3617.8855
   3594.0620
   3570.0842
   3545.9526
   3521.6680
   3497.2302
   3472.6404
   3447.8982
   3423.0046
   3397.9595
   3372.7637
   3347.4172
   3321.9209
   3296.2742
# Travel time at depth = 100.00 km.
   4494.2119
   4477.3066
   4460.2920
   4443.1655
   4425.9409
   4408.6411
   4391.2783
   4373.8462
   4356.3203
   4338.6274
   4320.7310
   4302.6440
   4284.3721
   4265.9126
   4247.2656
   4228.4341
   4209.4214
   4190.2305
   4170.8613
   4151.3125
   4131.5854
   4111.6821
   4091.6050
   4071.3562
   4050.9365
   4030.3474
   4009.5891
   3988.6631
   3967.5703
   3946.3118
   3924.8889
   3903.3027
   3881.5544
   3859.6440
   3837.5720
   3815.3386
   3792.9458
   3770.3945
   3747.6860
   3724.8201
   3701.7957
   3678.6133
   3655.2739
   3631.7793
   3608.1299
   3584.3259
   3560.3679
   3536.2561
   3511.9912
   3487.5735
   3463.0037
   3438.2817
   3413.4084
   3388.3838
   3363.2083
   3337.8826
   3312.4070
   3286.7810
# Travel time at depth = 200.00 km.
   4473.4165
   4456.5308
   4439.5347
   4422.4277
   4405.2183
   4387.9312
   4370.5791
   4353.1606
   4335.6548
   4317.9985
   4300.1387
   4282.0864
   4263.8491
   4245.4258
   4226.8145
   4208.0190
   4189.0420
   4169.8862
   4150.5527
   4131.0410
   4111.3501
   4091.4834
   4071.4426
   4051.2302
   4030.8474
   4010.2949
   3989.5737
   3968.6848
   3947.6292
   3926.4080
   3905.0225
   3883.4739
   3861.7632
   3839.8909
   3817.8569
   3795.6621
   3773.3074
   3750.7947
   3728.1248
   3705.2979
   3682.3130
   3659.1704
   3635.8708
   3612.4160
   3588.8066
   3565.0430
   3541.1255
   3517.0544
   3492.8306
   3468.4541
   3443.9255
   3419.2454
   3394.4138
   3369.4314
   3344.2983
   3319.0151
   3293.5823
   3267.9998
# Travel time at depth = 400.00 km.
   4433.7051
   4416.8613
   4399.9072
   4382.8433
   4365.6704
   4348.4111
   4331.0840
   4313.6929
   4296.2251
   4278.6411
   4260.8623
   4242.8872
   4224.7261
   4206.3809
   4187.8491
   4169.1323
   4150.2334
   4131.1562
   4111.9019
   4092.4702
   4072.8604
   4053.0740
   4033.1135
   4012.9814
   3992.6792
   3972.2080
   3951.5681
   3930.7612
   3909.7876
   3888.6489
   3867.3459
   3845.8801
   3824.2527
   3802.4641
   3780.5146
   3758.4048
   3736.1353
   3713.7075
   3691.1230
   3668.3823
   3645.4851
   3622.4307
   3599.2192
   3575.8528
   3552.3320
   3528.6577
   3504.8301
   3480.8496
   3456.7168
   3432.4316
   3407.9954
   3383.4077
   3358.6694
   3333.7810
   3308.7422
   3283.5540
   3258.2166
   3232.7300
# Travel time at depth = 700.00 km.
   4383.9141
   4367.1562
   4350.2842
   4333.3032
   4316.2119
   4299.0166
   4281.7402
   4264.3989
   4246.9922
   4229.5044
   4211.8838
   4194.0645
   4176.0537
   4157.8599
   4139.4839
   4120.9229
   4102.1792
   4083.2563
   4064.1570
   4044.8828
   4025.4331
   4005.8074
   3986.0076
   3966.0354
   3945.8938
   3925.5840
   3905.1072
   3884.4636
   3863.6548
   3842.6816
   3821.5449
   3800.2458
   3778.7859
   3757.1660
   3735.3872
   3713.4492
   3691.3528
   3669.0984
   3646.6875
   3624.1216
   3601.4016
   3578.5271
   3555.4973
   3532.3127
   3508.9746
   3485.4839
   3461.8418
   3438.0483
   3414.1038
   3390.0088
   3365.7637
   3341.3691
   3316.8254
   3292.1333
   3267.2927
   3242.3042
   3217.1680
   3191.8840
# Modelling error(s)
   1   1
#
   2.600
#@(#)        iasp91.SSS_B     2.1     06/06/96
