# IASPEI travel-time table for phase: sS (All 1st sS's; 1st sS-type phaseMap)
 14   Number of depth samples at the following depths (km):
    0.00   15.00   35.00   50.00   75.00  100.00  150.00  200.00  250.00  300.00
  400.00  500.00  600.00  700.00
163   Number of distance samples at the following distances (deg):
   18.00   19.00   20.00   21.00   22.00   23.00   24.00   25.00   26.00   27.00
   28.00   29.00   30.00   31.00   32.00   33.00   34.00   35.00   36.00   37.00
   38.00   39.00   40.00   41.00   42.00   43.00   44.00   45.00   46.00   47.00
   48.00   49.00   50.00   51.00   52.00   53.00   54.00   55.00   56.00   57.00
   58.00   59.00   60.00   61.00   62.00   63.00   64.00   65.00   66.00   67.00
   68.00   69.00   70.00   71.00   72.00   73.00   74.00   75.00   76.00   77.00
   78.00   79.00   80.00   81.00   82.00   83.00   84.00   85.00   86.00   87.00
   88.00   89.00   90.00   91.00   92.00   93.00   94.00   95.00   96.00   97.00
   98.00   99.00  100.00  101.00  102.00  103.00  104.00  105.00  106.00  107.00
  108.00  109.00  110.00  111.00  112.00  113.00  114.00  115.00  116.00  117.00
  118.00  119.00  120.00  121.00  122.00  123.00  124.00  125.00  126.00  127.00
  128.00  129.00  130.00  131.00  132.00  133.00  134.00  135.00  136.00  137.00
  138.00  139.00  140.00  141.00  142.00  143.00  144.00  145.00  146.00  147.00
  148.00  149.00  150.00  151.00  152.00  153.00  154.00  155.00  156.00  157.00
  158.00  159.00  160.00  161.00  162.00  163.00  164.00  165.00  166.00  167.00
  168.00  169.00  170.00  171.00  172.00  173.00  174.00  175.00  176.00  177.00
  178.00  179.00  180.00
# Travel time at depth =   0.00 km.
    454.0625
    478.2215
    500.8569
    520.7964
    540.4859
    559.1372
    575.4108
    591.4628
    607.3133
    623.1095
    638.8641
    654.5833
    670.2698
    685.9175
    701.5127
    717.0490
    732.5228
    747.9285
    763.2610
    778.5165
    793.6913
    808.7818
    823.7850
    838.6982
    853.5191
    868.2452
    882.8745
    897.4052
    911.8356
    926.1646
    940.3904
    954.5122
    968.5289
    982.4396
    996.2429
   1009.9370
   1023.5230
   1037.0012
   1050.3706
   1063.6302
   1076.7787
   1089.8154
   1102.7402
   1115.5529
   1128.2531
   1140.8403
   1153.3143
   1165.6744
   1177.9204
   1190.0516
   1202.0676
   1213.9679
   1225.7521
   1237.4196
   1248.9689
   1260.3993
   1271.7114
   1282.9048
   1293.9779
   1304.9296
   1315.7594
   1326.4667
   1337.0503
   1347.5087
   1357.8406
   1368.0452
   1375.7837
   1382.2596
   1388.6237
   1394.8766
   1401.0193
   1407.0530
   1412.9797
   1418.8010
   1424.5188
   1430.1356
   1435.6537
   1441.0747
   1446.4006
   1451.6335
   1456.7751
   1461.8271
   1466.7914
   1471.6700
   1476.4641
   1481.1747
   1485.8038
   1490.3529
   1494.8235
   1499.2169
   1503.5350
   1507.7789
   1511.9496
   1516.0482
   1520.0764
   1524.0348
   1527.9237
   1531.7441
   1535.4972
   1539.1836
   1542.8044
   1546.3604
   1549.8522
   1553.2808
   1556.6467
   1559.9508
   1563.1936
   1566.3759
   1569.4980
   1572.5609
   1575.5648
   1578.5103
   1581.3975
   1584.2273
   1587.0005
   1589.4988
   1591.2524
   1592.9891
   1594.7074
   1596.4060
   1598.0836
   1599.7388
   1601.3704
   1602.9768
   1604.5568
   1606.1091
   1607.6324
   1609.1256
   1610.5873
   1612.0165
   1613.4121
   1614.7731
   1616.0985
   1617.3875
   1618.6390
   1619.8524
   1621.0270
   1622.1620
   1623.2567
   1624.3105
   1625.3230
   1626.2936
   1627.2218
   1628.1071
   1628.9491
   1629.7476
   1630.5021
   1631.2123
   1631.8779
   1632.4987
   1633.0743
   1633.6047
   1634.0897
   1634.5289
   1634.9224
   1635.2698
   1635.5712
   1635.8263
   1636.0352
   1636.1976
   1636.3138
   1636.3835
   1636.4069
# Travel time at depth =  15.00 km.
    457.1057
    481.2713
    504.4052
    524.3677
    544.0842
    563.0168
    579.3020
    595.3774
    611.2330
    627.0326
    642.7900
    658.5117
    674.2006
    689.8515
    705.4509
    720.9915
    736.4699
    751.8807
    767.2185
    782.4796
    797.6600
    812.7565
    827.7659
    842.6853
    857.5125
    872.2450
    886.8808
    901.4181
    915.8552
    930.1907
    944.4233
    958.5518
    972.5751
    986.4926
   1000.3025
   1014.0033
   1027.5959
   1041.0806
   1054.4565
   1067.7227
   1080.8777
   1093.9209
   1106.8522
   1119.6711
   1132.3777
   1144.9713
   1157.4515
   1169.8179
   1182.0699
   1194.2073
   1206.2295
   1218.1357
   1229.9259
   1241.5994
   1253.1547
   1264.5911
   1275.9089
   1287.1082
   1298.1870
   1309.1444
   1319.9800
   1330.6930
   1341.2822
   1351.7463
   1362.0840
   1372.2941
   1380.1599
   1386.6389
   1393.0059
   1399.2617
   1405.4072
   1411.4437
   1417.3729
   1423.1968
   1428.9170
   1434.5361
   1440.0564
   1445.4796
   1450.8076
   1456.0426
   1461.1862
   1466.2399
   1471.2061
   1476.0863
   1480.8820
   1485.5942
   1490.2249
   1494.7755
   1499.2474
   1503.6423
   1507.9618
   1512.2069
   1516.3788
   1520.4788
   1524.5081
   1528.4675
   1532.3575
   1536.1791
   1539.9331
   1543.6206
   1547.2423
   1550.7992
   1554.2920
   1557.7214
   1561.0883
   1564.3932
   1567.6368
   1570.8198
   1573.9427
   1577.0063
   1580.0111
   1582.9572
   1585.8451
   1588.6755
   1591.4493
   1593.9568
   1595.7106
   1597.4474
   1599.1658
   1600.8645
   1602.5422
   1604.1976
   1605.8293
   1607.4359
   1609.0161
   1610.5686
   1612.0922
   1613.5854
   1615.0474
   1616.4768
   1617.8726
   1619.2338
   1620.5593
   1621.8485
   1623.1002
   1624.3138
   1625.4886
   1626.6238
   1627.7186
   1628.7727
   1629.7854
   1630.7561
   1631.6844
   1632.5698
   1633.4121
   1634.2107
   1634.9653
   1635.6757
   1636.3414
   1636.9623
   1637.5381
   1638.0686
   1638.5536
   1638.9929
   1639.3864
   1639.7339
   1640.0353
   1640.2905
   1640.4994
   1640.6620
   1640.7782
   1640.8479
   1640.8712
# Travel time at depth =  35.00 km.
    460.4105
    484.5869
    508.5175
    528.5148
    548.2726
    567.6377
    583.9404
    600.0515
    615.9153
    631.7202
    647.4819
    663.2072
    678.8998
    694.5554
    710.1610
    725.7081
    741.1934
    756.6117
    771.9575
    787.2267
    802.4158
    817.5212
    832.5396
    847.4684
    862.3051
    877.0472
    891.6927
    906.2398
    920.6868
    935.0322
    949.2748
    963.4132
    977.4465
    991.3739
   1005.1939
   1018.9047
   1032.5071
   1046.0015
   1059.3872
   1072.6630
   1085.8278
   1098.8806
   1111.8214
   1124.6499
   1137.3658
   1149.9688
   1162.4583
   1174.8339
   1187.0951
   1199.2416
   1211.2727
   1223.1880
   1234.9869
   1246.6692
   1258.2334
   1269.6785
   1281.0051
   1292.2129
   1303.3003
   1314.2662
   1325.1102
   1335.8317
   1346.4293
   1356.9017
   1367.2477
   1377.4661
   1385.5190
   1392.0026
   1398.3739
   1404.6339
   1410.7834
   1416.8239
   1422.7571
   1428.5846
   1434.3083
   1439.9308
   1445.4545
   1450.8809
   1456.2119
   1461.4497
   1466.5961
   1471.6526
   1476.6212
   1481.5042
   1486.3022
   1491.0168
   1495.6497
   1500.2024
   1504.6765
   1509.0735
   1513.3948
   1517.6418
   1521.8156
   1525.9172
   1529.9482
   1533.9093
   1537.8010
   1541.6241
   1545.3798
   1549.0686
   1552.6918
   1556.2500
   1559.7441
   1563.1749
   1566.5430
   1569.8491
   1573.0940
   1576.2781
   1579.4021
   1582.4668
   1585.4725
   1588.4197
   1591.3086
   1594.1401
   1596.9148
   1599.4355
   1601.1895
   1602.9264
   1604.6450
   1606.3440
   1608.0219
   1609.6775
   1611.3094
   1612.9163
   1614.4967
   1616.0494
   1617.5732
   1619.0669
   1620.5291
   1621.9587
   1623.3549
   1624.7163
   1626.0422
   1627.3317
   1628.5836
   1629.7976
   1630.9725
   1632.1080
   1633.2031
   1634.2574
   1635.2704
   1636.2413
   1637.1699
   1638.0555
   1638.8981
   1639.6969
   1640.4517
   1641.1622
   1641.8281
   1642.4492
   1643.0251
   1643.5558
   1644.0409
   1644.4803
   1644.8739
   1645.2216
   1645.5229
   1645.7783
   1645.9873
   1646.1499
   1646.2661
   1646.3358
   1646.3591
# Travel time at depth =  50.00 km.
    461.0706
    485.2755
    509.4358
    530.4995
    550.3043
    569.8318
    586.4675
    602.6160
    618.4891
    634.2996
    650.0657
    665.7949
    681.4911
    697.1514
    712.7631
    728.3168
    743.8091
    759.2349
    774.5887
    789.8664
    805.0642
    820.1785
    835.2061
    850.1443
    864.9904
    879.7422
    894.3975
    908.9545
    923.4113
    937.7667
    952.0192
    966.1675
    980.2107
    994.1479
   1007.9779
   1021.6986
   1035.3107
   1048.8147
   1062.2100
   1075.4954
   1088.6696
   1101.7319
   1114.6821
   1127.5199
   1140.2451
   1152.8572
   1165.3557
   1177.7402
   1190.0104
   1202.1656
   1214.2056
   1226.1295
   1237.9371
   1249.6281
   1261.2008
   1272.6543
   1283.9891
   1295.2052
   1306.3010
   1317.2751
   1328.1272
   1338.8567
   1349.4624
   1359.9427
   1370.2968
   1380.5231
   1388.7531
   1395.2407
   1401.6161
   1407.8800
   1414.0334
   1420.0776
   1426.0144
   1431.8453
   1437.5725
   1443.1981
   1448.7247
   1454.1541
   1459.4880
   1464.7285
   1469.8776
   1474.9365
   1479.9077
   1484.7928
   1489.5933
   1494.3101
   1498.9451
   1503.4998
   1507.9758
   1512.3746
   1516.6978
   1520.9465
   1525.1219
   1529.2252
   1533.2578
   1537.2206
   1541.1138
   1544.9382
   1548.6952
   1552.3855
   1556.0100
   1559.5695
   1563.0648
   1566.4968
   1569.8661
   1573.1733
   1576.4192
   1579.6044
   1582.7295
   1585.7953
   1588.8020
   1591.7501
   1594.6399
   1597.4723
   1600.2478
   1602.7808
   1604.5349
   1606.2720
   1607.9907
   1609.6899
   1611.3680
   1613.0239
   1614.6560
   1616.2631
   1617.8438
   1619.3969
   1620.9209
   1622.4147
   1623.8772
   1625.3071
   1626.7035
   1628.0652
   1629.3914
   1630.6810
   1631.9333
   1633.1475
   1634.3228
   1635.4584
   1636.5538
   1637.6084
   1638.6215
   1639.5927
   1640.5215
   1641.4073
   1642.2500
   1643.0491
   1643.8041
   1644.5148
   1645.1808
   1645.8020
   1646.3782
   1646.9089
   1647.3942
   1647.8337
   1648.2274
   1648.5751
   1648.8766
   1649.1320
   1649.3409
   1649.5037
   1649.6199
   1649.6897
   1649.7129
# Travel time at depth =  75.00 km.
    461.9692
    486.2341
    510.4524
    533.7543
    553.6368
    573.2520
    590.6524
    606.8489
    622.7558
    638.5761
    654.3500
    670.0858
    685.7881
    701.4558
    717.0778
    732.6425
    748.1464
    763.5849
    778.9521
    794.2438
    809.4561
    824.5855
    839.6285
    854.5825
    869.4446
    884.2127
    898.8845
    913.4579
    927.9315
    942.3035
    956.5728
    970.7379
    984.7977
    998.7516
   1012.5984
   1026.3358
   1039.9642
   1053.4845
   1066.8959
   1080.1974
   1093.3878
   1106.4662
   1119.4321
   1132.2855
   1145.0262
   1157.6538
   1170.1676
   1182.5673
   1194.8524
   1207.0226
   1219.0773
   1231.0159
   1242.8380
   1254.5433
   1266.1305
   1277.5983
   1288.9471
   1300.1771
   1311.2867
   1322.2748
   1333.1405
   1343.8837
   1354.5028
   1364.9967
   1375.3640
   1385.6038
   1394.1322
   1400.6267
   1407.0089
   1413.2795
   1419.4395
   1425.4899
   1431.4326
   1437.2694
   1443.0022
   1448.6332
   1454.1649
   1459.5992
   1464.9380
   1470.1831
   1475.3365
   1480.3998
   1485.3750
   1490.2640
   1495.0682
   1499.7887
   1504.4272
   1508.9855
   1513.4647
   1517.8667
   1522.1929
   1526.4446
   1530.6229
   1534.7290
   1538.7642
   1542.7295
   1546.6251
   1550.4521
   1554.2114
   1557.9041
   1561.5306
   1565.0924
   1568.5898
   1572.0238
   1575.3950
   1578.7042
   1581.9519
   1585.1389
   1588.2657
   1591.3331
   1594.3416
   1597.2913
   1600.1826
   1603.0165
   1605.7936
   1608.3472
   1610.1014
   1611.8389
   1613.5580
   1615.2574
   1616.9359
   1618.5922
   1620.2246
   1621.8320
   1623.4132
   1624.9666
   1626.4910
   1627.9852
   1629.4481
   1630.8785
   1632.2754
   1633.6376
   1634.9641
   1636.2543
   1637.5070
   1638.7216
   1639.8972
   1641.0333
   1642.1292
   1643.1841
   1644.1976
   1645.1692
   1646.0984
   1646.9846
   1647.8276
   1648.6270
   1649.3822
   1650.0933
   1650.7596
   1651.3811
   1651.9574
   1652.4884
   1652.9739
   1653.4136
   1653.8075
   1654.1553
   1654.4569
   1654.7124
   1654.9215
   1655.0842
   1655.2006
   1655.2704
   1655.2937
# Travel time at depth = 100.00 km.
    476.0490
    496.4654
    516.7790
    535.4078
    556.9008
    576.6038
    594.8033
    611.0328
    626.9936
    642.8246
    658.6066
    674.3492
    690.0578
    705.7327
    721.3645
    736.9403
    752.4559
    767.9070
    783.2878
    798.5936
    813.8206
    828.9652
    844.0239
    858.9937
    873.8721
    888.6567
    903.3451
    917.9354
    932.4258
    946.8148
    961.1010
    975.2831
    989.3600
   1003.3308
   1017.1945
   1030.9490
   1044.5940
   1058.1307
   1071.5585
   1084.8763
   1098.0831
   1111.1777
   1124.1598
   1137.0291
   1149.7855
   1162.4287
   1174.9580
   1187.3730
   1199.6735
   1211.8588
   1223.9285
   1235.8820
   1247.7188
   1259.4386
   1271.0404
   1282.5227
   1293.8859
   1305.1299
   1316.2537
   1327.2556
   1338.1353
   1348.8921
   1359.5250
   1370.0326
   1380.4136
   1390.6667
   1399.4977
   1405.9994
   1412.3885
   1418.6659
   1424.8324
   1430.8892
   1436.8380
   1442.6807
   1448.4191
   1454.0555
   1459.5925
   1465.0319
   1470.3754
   1475.6251
   1480.7831
   1485.8506
   1490.8300
   1495.7230
   1500.5311
   1505.2552
   1509.8973
   1514.4590
   1518.9417
   1523.3468
   1527.6760
   1531.9308
   1536.1119
   1540.2208
   1544.2588
   1548.2266
   1552.1249
   1555.9543
   1559.7161
   1563.4109
   1567.0398
   1570.6036
   1574.1031
   1577.5392
   1580.9125
   1584.2235
   1587.4731
   1590.6620
   1593.7905
   1596.8596
   1599.8698
   1602.8210
   1605.7140
   1608.5493
   1611.3279
   1613.9023
   1615.6570
   1617.3947
   1619.1140
   1620.8138
   1622.4927
   1624.1492
   1625.7821
   1627.3899
   1628.9714
   1630.5253
   1632.0500
   1633.5448
   1635.0082
   1636.4390
   1637.8362
   1639.1989
   1640.5259
   1641.8164
   1643.0696
   1644.2847
   1645.4608
   1646.5973
   1647.6935
   1648.7489
   1649.7628
   1650.7347
   1651.6642
   1652.5509
   1653.3942
   1654.1938
   1654.9495
   1655.6608
   1656.3274
   1656.9491
   1657.5258
   1658.0569
   1658.5426
   1658.9825
   1659.3765
   1659.7245
   1660.0264
   1660.2819
   1660.4911
   1660.6539
   1660.7703
   1660.8401
   1660.8634
# Travel time at depth = 150.00 km.
    481.9865
    502.4520
    522.8435
    543.1174
    563.2213
    583.0983
    602.6952
    619.2994
    635.3841
    651.2404
    667.0400
    682.7974
    698.5188
    714.2074
    729.8577
    745.4560
    760.9951
    776.4714
    791.8794
    807.2138
    822.4706
    837.6459
    852.7363
    867.7386
    882.6501
    897.4683
    912.1907
    926.8152
    941.3401
    955.7638
    970.0847
    984.3016
    998.4131
   1012.4185
   1026.3168
   1040.1062
   1053.7854
   1067.3557
   1080.8169
   1094.1682
   1107.4084
   1120.5363
   1133.5511
   1146.4531
   1159.2417
   1171.9169
   1184.4779
   1196.9244
   1209.2560
   1221.4722
   1233.5724
   1245.5563
   1257.4232
   1269.1730
   1280.8044
   1292.3165
   1303.7086
   1314.9814
   1326.1340
   1337.1647
   1348.0726
   1358.8575
   1369.5184
   1380.0540
   1390.4626
   1400.7433
   1410.1920
   1416.7081
   1423.1115
   1429.4025
   1435.5824
   1441.6520
   1447.6134
   1453.4681
   1459.2181
   1464.8656
   1470.4132
   1475.8629
   1481.2162
   1486.4755
   1491.6425
   1496.7189
   1501.7067
   1506.6078
   1511.4237
   1516.1555
   1520.8049
   1525.3735
   1529.8630
   1534.2747
   1538.6102
   1542.8710
   1547.0581
   1551.1726
   1555.2159
   1559.1892
   1563.0927
   1566.9271
   1570.6936
   1574.3932
   1578.0267
   1581.5950
   1585.0988
   1588.5389
   1591.9163
   1595.2312
   1598.4847
   1601.6771
   1604.8093
   1607.8820
   1610.8954
   1613.8500
   1616.7462
   1619.5846
   1622.3662
   1624.9830
   1626.7383
   1628.4766
   1630.1965
   1631.8970
   1633.5765
   1635.2338
   1636.8673
   1638.4760
   1640.0583
   1641.6129
   1643.1387
   1644.6343
   1646.0985
   1647.5302
   1648.9283
   1650.2919
   1651.6199
   1652.9113
   1654.1654
   1655.3813
   1656.5582
   1657.6957
   1658.7927
   1659.8489
   1660.8636
   1661.8363
   1662.7666
   1663.6539
   1664.4980
   1665.2983
   1666.0546
   1666.7665
   1667.4336
   1668.0559
   1668.6329
   1669.1647
   1669.6508
   1670.0911
   1670.4855
   1670.8337
   1671.1357
   1671.3916
   1671.6010
   1671.7639
   1671.8804
   1671.9502
   1671.9735
# Travel time at depth = 200.00 km.
    487.7300
    508.2286
    528.6794
    549.0454
    569.2786
    589.3211
    609.1129
    627.4483
    643.6513
    659.5616
    675.3817
    691.1551
    706.8904
    722.5922
    738.2590
    753.8796
    769.4423
    784.9438
    800.3792
    815.7425
    831.0294
    846.2361
    861.3588
    876.3943
    891.3395
    906.1920
    920.9492
    935.6090
    950.1694
    964.6286
    978.9852
    993.2378
   1007.3851
   1021.4260
   1035.3597
   1049.1849
   1062.8997
   1076.5045
   1090.0002
   1103.3859
   1116.6603
   1129.8224
   1142.8712
   1155.8066
   1168.6284
   1181.3364
   1193.9301
   1206.4089
   1218.7725
   1231.0204
   1243.1522
   1255.1674
   1267.0652
   1278.8456
   1290.5077
   1302.0502
   1313.4722
   1324.7745
   1335.9567
   1347.0167
   1357.9537
   1368.7675
   1379.4572
   1390.0211
   1400.4583
   1410.7673
   1420.8503
   1427.3812
   1433.7990
   1440.1041
   1446.2976
   1452.3806
   1458.3547
   1464.2219
   1469.9838
   1475.6426
   1481.2012
   1486.6613
   1492.0248
   1497.2937
   1502.4701
   1507.5555
   1512.5519
   1517.4614
   1522.2854
   1527.0250
   1531.6819
   1536.2577
   1540.7540
   1545.1724
   1549.5144
   1553.7814
   1557.9744
   1562.0947
   1566.1437
   1570.1223
   1574.0311
   1577.8707
   1581.6422
   1585.3467
   1588.9847
   1592.5576
   1596.0658
   1599.5103
   1602.8916
   1606.2106
   1609.4679
   1612.6642
   1615.8000
   1618.8761
   1621.8931
   1624.8511
   1627.7505
   1630.5922
   1633.3767
   1636.0370
   1637.7927
   1639.5316
   1641.2522
   1642.9534
   1644.6335
   1646.2915
   1647.9259
   1649.5354
   1651.1185
   1652.6740
   1654.2006
   1655.6970
   1657.1622
   1658.5948
   1659.9939
   1661.3584
   1662.6873
   1663.9796
   1665.2346
   1666.4514
   1667.6293
   1668.7676
   1669.8655
   1670.9225
   1671.9381
   1672.9116
   1673.8427
   1674.7307
   1675.5754
   1676.3765
   1677.1333
   1677.8458
   1678.5135
   1679.1364
   1679.7140
   1680.2461
   1680.7327
   1681.1733
   1681.5681
   1681.9166
   1682.2190
   1682.4750
   1682.6846
   1682.8477
   1682.9642
   1683.0342
   1683.0575
# Travel time at depth = 250.00 km.
    493.1469
    513.6633
    534.1555
    554.5935
    574.9365
    595.1319
    615.1158
    634.8242
    651.6579
    667.6948
    683.5396
    699.3312
    715.0817
    730.7971
    746.4794
    762.1210
    777.7080
    793.2349
    808.6978
    824.0906
    839.4084
    854.6473
    869.8033
    884.8729
    899.8531
    914.7410
    929.5343
    944.2305
    958.8276
    973.3238
    987.7174
   1002.0071
   1016.1915
   1030.2694
   1044.2400
   1058.1022
   1071.8540
   1085.4950
   1099.0264
   1112.4476
   1125.7577
   1138.9552
   1152.0393
   1165.0096
   1177.8658
   1190.6079
   1203.2355
   1215.7479
   1228.1447
   1240.4255
   1252.5900
   1264.6375
   1276.5675
   1288.3795
   1300.0732
   1311.6472
   1323.1005
   1334.4333
   1345.6459
   1356.7365
   1367.7036
   1378.5472
   1389.2665
   1399.8601
   1410.3267
   1420.6648
   1430.8737
   1437.9502
   1444.3828
   1450.7025
   1456.9102
   1463.0068
   1468.9943
   1474.8741
   1480.6483
   1486.3188
   1491.8887
   1497.3597
   1502.7336
   1508.0126
   1513.1986
   1518.2933
   1523.2986
   1528.2167
   1533.0490
   1537.7966
   1542.4612
   1547.0444
   1551.5479
   1555.9731
   1560.3218
   1564.5951
   1568.7944
   1572.9207
   1576.9755
   1580.9596
   1584.8739
   1588.7188
   1592.4955
   1596.2047
   1599.8477
   1603.4252
   1606.9379
   1610.3866
   1613.7723
   1617.0955
   1620.3567
   1623.5569
   1626.6965
   1629.7762
   1632.7968
   1635.7582
   1638.6610
   1641.5059
   1644.2936
   1646.9985
   1648.7549
   1650.4943
   1652.2156
   1653.9174
   1655.5983
   1657.2571
   1658.8922
   1660.5024
   1662.0864
   1663.6428
   1665.1703
   1666.6677
   1668.1337
   1669.5673
   1670.9673
   1672.3328
   1673.6626
   1674.9558
   1676.2118
   1677.4296
   1678.6084
   1679.7476
   1680.8463
   1681.9042
   1682.9205
   1683.8949
   1684.8268
   1685.7156
   1686.5610
   1687.3628
   1688.1204
   1688.8335
   1689.5018
   1690.1251
   1690.7032
   1691.2360
   1691.7229
   1692.1639
   1692.5590
   1692.9080
   1693.2106
   1693.4668
   1693.6766
   1693.8398
   1693.9564
   1694.0265
   1694.0499
# Travel time at depth = 300.00 km.
     -1.0000
    518.4996
    539.0152
    559.5048
    579.9368
    600.2671
    620.4379
    640.3781
    659.2853
    675.4712
    691.3527
    707.1659
    722.9338
    738.6641
    754.3613
    770.0223
    785.6345
    801.1877
    816.6788
    832.1022
    847.4523
    862.7246
    877.9155
    893.0209
    908.0378
    922.9632
    937.7944
    952.5291
    967.1650
    981.7001
    996.1329
   1010.4618
   1024.6854
   1038.8025
   1052.8120
   1066.7133
   1080.5042
   1094.1837
   1107.7528
   1121.2117
   1134.5592
   1147.7942
   1160.9155
   1173.9226
   1186.8153
   1199.5934
   1212.2565
   1224.8043
   1237.2361
   1249.5516
   1261.7505
   1273.8320
   1285.7959
   1297.6414
   1309.3682
   1320.9753
   1332.4614
   1343.8264
   1355.0709
   1366.1934
   1377.1923
   1388.0671
   1398.8174
   1409.4420
   1419.9393
   1430.3082
   1440.5475
   1448.2968
   1454.7450
   1461.0800
   1467.3024
   1473.4135
   1479.4146
   1485.3077
   1491.0947
   1496.7777
   1502.3593
   1507.8416
   1513.2264
   1518.5159
   1523.7120
   1528.8164
   1533.8309
   1538.7579
   1543.5989
   1548.3549
   1553.0275
   1557.6184
   1562.1294
   1566.5618
   1570.9174
   1575.1974
   1579.4031
   1583.5355
   1587.5963
   1591.5864
   1595.5063
   1599.3567
   1603.1387
   1606.8531
   1610.5011
   1614.0834
   1617.6007
   1621.0541
   1624.4441
   1627.7716
   1631.0370
   1634.2412
   1637.3848
   1640.4683
   1643.4924
   1646.4575
   1649.3639
   1652.2122
   1655.0031
   1657.7373
   1659.5114
   1661.2513
   1662.9734
   1664.6758
   1666.3575
   1668.0171
   1669.6531
   1671.2642
   1672.8490
   1674.4062
   1675.9347
   1677.4330
   1678.9000
   1680.3345
   1681.7355
   1683.1019
   1684.4327
   1685.7271
   1686.9839
   1688.2026
   1689.3824
   1690.5225
   1691.6222
   1692.6810
   1693.6982
   1694.6735
   1695.6061
   1696.4957
   1697.3419
   1698.1443
   1698.9026
   1699.6163
   1700.2854
   1700.9093
   1701.4879
   1702.0211
   1702.5084
   1702.9500
   1703.3455
   1703.6947
   1703.9976
   1704.2540
   1704.4641
   1704.6274
   1704.7441
   1704.8143
   1704.8376
# Travel time at depth = 400.00 km.
     -1.0000
     -1.0000
     -1.0000
    590.0844
    587.7032
    608.2078
    628.6676
    649.0369
    669.2457
    689.1959
    705.9097
    721.7909
    737.6031
    753.3699
    769.0992
    784.7952
    800.4545
    816.0641
    831.6143
    847.1014
    862.5200
    877.8642
    893.1297
    908.3125
    923.4088
    938.4152
    953.3289
    968.1472
    982.8676
    997.4878
   1012.0059
   1026.4204
   1040.7296
   1054.9321
   1069.0269
   1083.0128
   1096.8889
   1110.6532
   1124.3052
   1137.8457
   1151.2748
   1164.5911
   1177.7933
   1190.8806
   1203.8527
   1216.7090
   1229.4497
   1242.0742
   1254.5822
   1266.9729
   1279.2462
   1291.4016
   1303.4386
   1315.3564
   1327.1548
   1338.8334
   1350.3904
   1361.8252
   1373.1384
   1384.3295
   1395.3967
   1406.3391
   1417.1562
   1427.8474
   1438.4110
   1448.8457
   1459.1503
   1468.3442
   1474.8258
   1481.1932
   1487.4473
   1493.5889
   1499.6196
   1505.5413
   1511.3557
   1517.0649
   1522.6716
   1528.1781
   1533.5863
   1538.8981
   1544.1156
   1549.2408
   1554.2753
   1559.2212
   1564.0806
   1568.8544
   1573.5441
   1578.1515
   1582.6783
   1587.1260
   1591.4962
   1595.7904
   1600.0099
   1604.1556
   1608.2290
   1612.2314
   1616.1635
   1620.0256
   1623.8188
   1627.5443
   1631.2029
   1634.7953
   1638.3228
   1641.7856
   1645.1851
   1648.5216
   1651.7959
   1655.0085
   1658.1604
   1661.2521
   1664.2839
   1667.2567
   1670.1704
   1673.0259
   1675.8239
   1678.5648
   1680.4316
   1682.1731
   1683.8964
   1685.6003
   1687.2836
   1688.9448
   1690.5825
   1692.1953
   1693.7820
   1695.3412
   1696.8716
   1698.3718
   1699.8409
   1701.2775
   1702.6805
   1704.0491
   1705.3820
   1706.6783
   1707.9373
   1709.1581
   1710.3398
   1711.4818
   1712.5835
   1713.6442
   1714.6632
   1715.6403
   1716.5746
   1717.4659
   1718.3137
   1719.1177
   1719.8773
   1720.5925
   1721.2628
   1721.8879
   1722.4678
   1723.0020
   1723.4902
   1723.9326
   1724.3289
   1724.6788
   1724.9824
   1725.2394
   1725.4498
   1725.6135
   1725.7305
   1725.8008
   1725.8242
# Travel time at depth = 500.00 km.
     -1.0000
     -1.0000
     -1.0000
     -1.0000
     -1.0000
    634.3713
    651.1102
    667.8161
    684.4636
    701.0188
    717.4338
    733.6827
    749.6401
    765.4650
    781.2413
    796.9783
    812.6813
    828.3489
    843.9695
    859.5308
    875.0291
    890.4590
    905.8144
    921.0905
    936.2832
    951.3885
    966.4030
    981.3234
    996.1472
   1010.8716
   1025.4945
   1040.0138
   1054.4277
   1068.7349
   1082.9337
   1097.0231
   1111.0020
   1124.8695
   1138.6234
   1152.2634
   1165.7906
   1179.2047
   1192.5044
   1205.6884
   1218.7557
   1231.7063
   1244.5398
   1257.2562
   1269.8549
   1282.3354
   1294.6974
   1306.9404
   1319.0640
   1331.0676
   1342.9507
   1354.7129
   1366.3536
   1377.8711
   1389.2651
   1400.5363
   1411.6835
   1422.7051
   1433.6003
   1444.3690
   1455.0096
   1465.5210
   1475.9016
   1486.1503
   1493.2837
   1499.6880
   1505.9780
   1512.1547
   1518.2191
   1524.1732
   1530.0190
   1535.7583
   1541.3937
   1546.9277
   1552.3624
   1557.6997
   1562.9417
   1568.0903
   1573.1473
   1578.1150
   1582.9951
   1587.7892
   1592.4983
   1597.1244
   1601.6692
   1606.1342
   1610.5210
   1614.8312
   1619.0660
   1623.2268
   1627.3147
   1631.3311
   1635.2766
   1639.1520
   1642.9580
   1646.6957
   1650.3662
   1653.9703
   1657.5089
   1660.9827
   1664.3927
   1667.7394
   1671.0236
   1674.2458
   1677.4071
   1680.5077
   1683.5485
   1686.5298
   1689.4519
   1692.3153
   1695.1211
   1697.8696
   1699.8409
   1701.5837
   1703.3087
   1705.0143
   1706.6992
   1708.3622
   1710.0018
   1711.6167
   1713.2054
   1714.7667
   1716.2993
   1717.8018
   1719.2731
   1720.7120
   1722.1173
   1723.4882
   1724.8234
   1726.1221
   1727.3833
   1728.6063
   1729.7903
   1730.9346
   1732.0385
   1733.1012
   1734.1223
   1735.1013
   1736.0376
   1736.9308
   1737.7804
   1738.5861
   1739.3473
   1740.0641
   1740.7357
   1741.3623
   1741.9434
   1742.4788
   1742.9681
   1743.4115
   1743.8086
   1744.1594
   1744.4636
   1744.7212
   1744.9320
   1745.0961
   1745.2134
   1745.2838
   1745.3073
# Travel time at depth = 600.00 km.
     -1.0000
     -1.0000
     -1.0000
     -1.0000
     -1.0000
     -1.0000
     -1.0000
    676.5386
    693.2747
    709.9738
    726.6078
    743.1354
    759.5018
    775.6586
    791.5169
    807.3156
    823.0708
    838.7894
    854.4742
    870.1180
    885.7055
    901.2305
    916.6883
    932.0723
    947.3771
    962.5981
    977.7312
    992.7724
   1007.7184
   1022.5663
   1037.3134
   1051.9570
   1066.4954
   1080.9264
   1095.2487
   1109.4607
   1123.5610
   1137.5490
   1151.4235
   1165.1823
   1178.8250
   1192.3530
   1205.7659
   1219.0624
   1232.2412
   1245.3014
   1258.2429
   1271.0656
   1283.7692
   1296.3534
   1308.8175
   1321.1614
   1333.3844
   1345.4863
   1357.4666
   1369.3245
   1381.0598
   1392.6716
   1404.1584
   1415.5204
   1426.7578
   1437.8693
   1448.8533
   1459.7092
   1470.4368
   1481.0343
   1491.5005
   1501.8340
   1510.7928
   1517.2382
   1523.5681
   1529.7833
   1535.8853
   1541.8754
   1547.7559
   1553.5284
   1559.1957
   1564.7601
   1570.2241
   1575.5895
   1580.8584
   1586.0331
   1591.1150
   1596.1064
   1601.0096
   1605.8258
   1610.5564
   1615.2030
   1619.7675
   1624.2515
   1628.6566
   1632.9844
   1637.2363
   1641.4135
   1645.5171
   1649.5487
   1653.5092
   1657.3989
   1661.2189
   1664.9702
   1668.6538
   1672.2705
   1675.8213
   1679.3070
   1682.7285
   1686.0864
   1689.3813
   1692.6143
   1695.7856
   1698.8961
   1701.9465
   1704.9371
   1707.8683
   1710.7406
   1713.5548
   1716.3116
   1718.3970
   1720.1414
   1721.8679
   1723.5753
   1725.2621
   1726.9271
   1728.5687
   1730.1858
   1731.7767
   1733.3403
   1734.8752
   1736.3801
   1737.8539
   1739.2952
   1740.7031
   1742.0764
   1743.4141
   1744.7152
   1745.9790
   1747.2045
   1748.3910
   1749.5376
   1750.6438
   1751.7089
   1752.7323
   1753.7134
   1754.6517
   1755.5470
   1756.3986
   1757.2061
   1757.9691
   1758.6875
   1759.3608
   1759.9888
   1760.5712
   1761.1079
   1761.5985
   1762.0430
   1762.4410
   1762.7926
   1763.0975
   1763.3557
   1763.5671
   1763.7316
   1763.8491
   1763.9197
   1763.9432
# Travel time at depth = 700.00 km.
     -1.0000
     -1.0000
     -1.0000
     -1.0000
     -1.0000
     -1.0000
     -1.0000
     -1.0000
     -1.0000
     -1.0000
     -1.0000
     -1.0000
     -1.0000
     -1.0000
     -1.0000
     -1.0000
    830.3614
    846.1826
    861.9520
    877.6808
    893.3745
    909.0281
    924.6254
    940.1569
    955.6179
    971.0009
    986.2997
   1001.5098
   1016.6262
   1031.6453
   1046.5634
   1061.3777
   1076.0854
   1090.6844
   1105.1726
   1119.5485
   1133.8104
   1147.9573
   1161.9879
   1175.9019
   1189.6971
   1203.3726
   1216.9296
   1230.3684
   1243.6880
   1256.8871
   1269.9646
   1282.9205
   1295.7548
   1308.4672
   1321.0576
   1333.5255
   1345.8705
   1358.0923
   1370.1906
   1382.1648
   1394.0144
   1405.7391
   1417.3380
   1428.8096
   1440.1542
   1451.3722
   1462.4618
   1473.4216
   1484.2515
   1494.9506
   1505.5173
   1515.9504
   1526.2484
   1533.5182
   1539.8934
   1546.1528
   1552.2972
   1558.3285
   1564.2483
   1570.0590
   1575.7623
   1581.3615
   1586.8586
   1592.2559
   1597.5554
   1602.7594
   1607.8696
   1612.8881
   1617.8170
   1622.6583
   1627.4131
   1632.0829
   1636.6697
   1641.1750
   1645.6007
   1649.9482
   1654.2192
   1658.4148
   1662.5363
   1666.5850
   1670.5621
   1674.4681
   1678.3037
   1682.0702
   1685.7683
   1689.3993
   1692.9639
   1696.4629
   1699.8971
   1703.2675
   1706.5746
   1709.8192
   1713.0020
   1716.1235
   1719.1846
   1722.1857
   1725.1270
   1728.0092
   1730.8329
   1733.5989
   1735.8114
   1737.5575
   1739.2859
   1740.9952
   1742.6842
   1744.3513
   1745.9952
   1747.6146
   1749.2080
   1750.7740
   1752.3115
   1753.8191
   1755.2955
   1756.7396
   1758.1503
   1759.5264
   1760.8668
   1762.1708
   1763.4374
   1764.6655
   1765.8547
   1767.0040
   1768.1128
   1769.1804
   1770.2063
   1771.1898
   1772.1305
   1773.0280
   1773.8816
   1774.6912
   1775.4563
   1776.1765
   1776.8516
   1777.4812
   1778.0652
   1778.6033
   1779.0952
   1779.5408
   1779.9399
   1780.2925
   1780.5981
   1780.8571
   1781.0691
   1781.2340
   1781.3518
   1781.4226
   1781.4463
# Distance-dependent modelling error(s)
   7	1
    0.00   16.00   18.00   98.00  112.00  114.00  180.00
#
   0.100
   5.500
   1.700
   1.700
   5.500
   1.700
   1.700
#@(#)        iasp91.sS     2.1     06/06/96
