# ak135 travel-time table for phase: P (All 1st P branches)
 14   Number of depth samples at the following depths (km):
    0.00   15.00   35.00   50.00   75.00  100.00  150.00  200.00  250.00  300.00
  400.00  500.00  600.00  700.00
303   Number of distance samples at the following distances (deg):
    0.00    0.50    1.00    1.50    2.00    2.50    3.00    3.50    4.00    4.50
    5.00    5.50    6.00    6.50    7.00    7.50    8.00    8.50    9.00    9.50
   10.00   10.50   11.00   11.50   12.00   12.50   13.00   13.50   14.00   14.50
   15.00   15.50   16.00   16.50   17.00   17.50   18.00   18.50   19.00   19.50
   20.00   20.50   21.00   21.50   22.00   22.50   23.00   23.50   24.00   24.50
   25.00   25.50   26.00   26.50   27.00   27.50   28.00   28.50   29.00   29.50
   30.00   30.50   31.00   31.50   32.00   32.50   33.00   33.50   34.00   34.50
   35.00   35.50   36.00   36.50   37.00   37.50   38.00   38.50   39.00   39.50
   40.00   40.50   41.00   41.50   42.00   42.50   43.00   43.50   44.00   44.50
   45.00   45.50   46.00   46.50   47.00   47.50   48.00   48.50   49.00   49.50
   50.00   50.50   51.00   51.50   52.00   52.50   53.00   53.50   54.00   54.50
   55.00   55.50   56.00   56.50   57.00   57.50   58.00   58.50   59.00   59.50
   60.00   60.50   61.00   61.50   62.00   62.50   63.00   63.50   64.00   64.50
   65.00   65.50   66.00   66.50   67.00   67.50   68.00   68.50   69.00   69.50
   70.00   70.50   71.00   71.50   72.00   72.50   73.00   73.50   74.00   74.50
   75.00   75.50   76.00   76.50   77.00   77.50   78.00   78.50   79.00   79.50
   80.00   80.50   81.00   81.50   82.00   82.50   83.00   83.50   84.00   84.50
   85.00   85.50   86.00   86.50   87.00   87.50   88.00   88.50   89.00   89.50
   90.00   90.50   91.00   91.50   92.00   92.50   93.00   93.50   94.00   94.50
   95.00   95.50   96.00   96.50   97.00   97.50   98.00   98.50   99.00   99.50
  100.00  100.50  101.00  101.50  102.00  102.50  103.00  103.50  104.00  104.50
  105.00  105.50  106.00  106.50  107.00  107.50  108.00  108.50  109.00  109.50
  110.00  110.50  111.00  111.50  112.00  112.50  113.00  113.10  113.20  113.30
  113.40  113.50  113.60  113.70  113.80  113.90  114.00  115.00  116.00  117.00
  118.00  119.00  120.00  121.00  122.00  123.00  124.00  125.00  126.00  127.00
  128.00  129.00  130.00  131.00  132.00  133.00  134.00  135.00  136.00  137.00
  138.00  139.00  140.00  141.00  142.00  143.00  144.00  145.00  146.00  147.00
  148.00  149.00  150.00  151.00  152.00  153.00  154.00  155.00  156.00  157.00
  158.00  159.00  160.00  161.00  162.00  163.00  164.00  165.00  166.00  167.00
  168.00  169.00  170.00  171.00  172.00  173.00  174.00  175.00  176.00  177.00
  178.00  179.00  180.00
# Travel time at depth =   0.00 km.
      0.0000
      9.5857
     19.1713
     28.1499
     35.0267
     41.9031
     48.7790
     55.6541
     62.5284
     69.4017
     76.2738
     83.1445
     90.0138
     96.8814
    103.7473
    110.6111
    117.4729
    124.3324
    131.1894
    138.0439
    144.8956
    151.7445
    158.5903
    165.4329
    172.2721
    179.1078
    185.9398
    192.7679
    199.5920
    206.4121
    213.2280
    219.8614
    226.3710
    232.7953
    239.1266
    245.3825
    251.5747
    257.6621
    263.1576
    268.6367
    274.0970
    279.5364
    284.9525
    290.3430
    295.7059
    301.0392
    306.3412
    311.6100
    316.3085
    320.8728
    325.4273
    329.9715
    334.5049
    339.0269
    343.5362
    348.0299
    352.5038
    356.9613
    361.4076
    365.8448
    370.2740
    374.6956
    379.1095
    383.5157
    387.9136
    392.3024
    396.6806
    401.0463
    405.3982
    409.7351
    414.0570
    418.3638
    422.6555
    426.9319
    431.1930
    435.4383
    439.6678
    443.8811
    448.0779
    452.2578
    456.4207
    460.5664
    464.6952
    468.8069
    472.9015
    476.9789
    481.0389
    485.0814
    489.1061
    493.1130
    497.1021
    501.0732
    505.0263
    508.9615
    512.8785
    516.7775
    520.6583
    524.5211
    528.3655
    532.1918
    535.9999
    539.7896
    543.5609
    547.3140
    551.0491
    554.7662
    558.4657
    562.1473
    565.8107
    569.4559
    573.0826
    576.6907
    580.2803
    583.8516
    587.4045
    590.9392
    594.4559
    597.9544
    601.4348
    604.8969
    608.3406
    611.7658
    615.1727
    618.5611
    621.9313
    625.2834
    628.6176
    631.9338
    635.2322
    638.5127
    641.7753
    645.0198
    648.2464
    651.4549
    654.6452
    657.8174
    660.9716
    664.1075
    667.2252
    670.3248
    673.4062
    676.4695
    679.5146
    682.5417
    685.5505
    688.5412
    691.5135
    694.4672
    697.4022
    700.3184
    703.2159
    706.0948
    708.9554
    711.7979
    714.6221
    717.4283
    720.2165
    722.9865
    725.7383
    728.4717
    731.1865
    733.8822
    736.5586
    739.2156
    741.8536
    744.4727
    747.0732
    749.6548
    752.2170
    754.7589
    757.2802
    759.7815
    762.2642
    764.7293
    767.1765
    769.6012
    771.9916
    774.3585
    776.7136
    779.0595
    781.3978
    783.7291
    786.0543
    788.3740
    790.6888
    792.9998
    795.3071
    797.6111
    799.9114
    802.2073
    804.4980
    806.7825
    809.0609
    811.3329
    813.5984
    815.8573
    818.1091
    820.3536
    822.5905
    824.8195
    827.0427
    829.2655
    831.4883
    833.7112
    835.9340
    838.1569
    840.3797
    842.6025
    844.8254
    847.0482
    849.2710
    851.4938
    853.7167
    855.9395
    858.1624
    860.3852
    862.6080
    864.8309
    867.0537
    869.2766
    871.4994
    873.7222
    875.9450
    878.1678
    880.3907
    882.6135
    884.8364
     -1.0000
     -1.0000
     -1.0000
     -1.0000
     -1.0000
     -1.0000
     -1.0000
     -1.0000
     -1.0000
   1120.9945
   1122.9130
   1124.8369
   1126.7611
   1128.6849
   1130.6084
   1132.5311
   1134.4530
   1136.3738
   1138.2932
   1140.2111
   1142.1270
   1144.0406
   1145.9517
   1147.8597
   1149.7645
   1151.6653
   1153.5618
   1155.4532
   1157.3391
   1159.2186
   1161.0911
   1162.9554
   1164.8108
   1166.6561
   1168.4907
   1170.3131
   1172.1218
   1173.9153
   1175.6918
   1177.4496
   1178.4733
   1180.9005
   1182.5894
   1184.2510
   1185.8822
   1187.4783
   1189.0355
   1190.5526
   1192.0298
   1193.4655
   1194.8575
   1196.2042
   1197.5037
   1198.7545
   1199.9557
   1201.1060
   1202.2041
   1203.2499
   1204.2428
   1205.1812
   1206.0643
   1206.8922
   1207.6647
   1208.3811
   1209.0411
   1209.6447
   1210.1913
   1210.6808
   1211.1130
   1211.4879
   1211.8054
   1212.0652
   1212.2672
   1212.4116
   1212.4984
   1212.5273
# Travel time at depth =  15.00 km.
      2.5862
      9.9157
     19.0090
     26.3505
     33.2272
     40.1035
     46.9791
     53.8541
     60.7281
     67.6010
     74.4728
     81.3431
     88.2120
     95.0791
    101.9444
    108.8077
    115.6688
    122.5277
    129.3840
    136.2377
    143.0887
    149.9367
    156.7816
    163.6233
    170.4616
    177.2963
    184.1272
    190.9543
    197.7773
    204.5962
    211.4082
    217.9721
    224.4619
    230.8631
    237.1750
    243.4153
    249.5939
    255.5455
    261.0380
    266.5137
    271.9703
    277.4055
    282.8171
    288.2027
    293.5603
    298.8881
    304.1843
    309.4470
    314.0356
    318.5985
    323.1516
    327.6942
    332.2260
    336.7462
    341.2535
    345.7447
    350.2158
    354.6714
    359.1164
    363.5524
    367.9805
    372.4010
    376.8138
    381.2189
    385.6157
    390.0031
    394.3796
    398.7435
    403.0934
    407.4283
    411.7481
    416.0528
    420.3424
    424.6169
    428.8758
    433.1190
    437.3464
    441.5575
    445.7521
    449.9298
    454.0904
    458.2340
    462.3605
    466.4700
    470.5625
    474.6377
    478.6955
    482.7357
    486.7582
    490.7629
    494.7498
    498.7187
    502.6696
    506.6025
    510.5174
    514.4142
    518.2928
    522.1534
    525.9958
    529.8199
    533.6258
    537.4133
    541.1826
    544.9336
    548.6666
    552.3818
    556.0792
    559.7587
    563.4202
    567.0633
    570.6880
    574.2940
    577.8817
    581.4509
    585.0018
    588.5346
    592.0494
    595.5460
    599.0244
    602.4846
    605.9263
    609.3497
    612.7546
    616.1412
    619.5096
    622.8599
    626.1923
    629.5067
    632.8033
    636.0820
    639.3428
    642.5857
    645.8105
    649.0172
    652.2059
    655.3763
    658.5287
    661.6630
    664.7791
    667.8770
    670.9567
    674.0183
    677.0618
    680.0872
    683.0945
    686.0835
    689.0541
    692.0062
    694.9396
    697.8542
    700.7501
    703.6274
    706.4865
    709.3274
    712.1502
    714.9549
    717.7415
    720.5100
    723.2604
    725.9923
    728.7056
    731.3998
    734.0746
    736.7302
    739.3667
    741.9844
    744.5834
    747.1636
    749.7242
    752.2646
    754.7844
    757.2843
    759.7657
    762.2296
    764.6754
    767.0981
    769.4861
    771.8521
    774.2065
    776.5518
    778.8896
    781.2205
    783.5453
    785.8646
    788.1792
    790.4899
    792.7970
    795.1008
    797.4008
    799.6964
    801.9866
    804.2708
    806.5487
    808.8203
    811.0854
    813.3438
    815.5952
    817.8392
    820.0755
    822.3041
    824.5271
    826.7499
    828.9728
    831.1956
    833.4185
    835.6413
    837.8641
    840.0870
    842.3098
    844.5326
    846.7554
    848.9783
    851.2011
    853.4240
    855.6468
    857.8696
    860.0925
    862.3153
    864.5381
    866.7610
    868.9838
    871.2066
    873.4294
    875.6523
    877.8751
    880.0980
    882.3208
     -1.0000
     -1.0000
     -1.0000
     -1.0000
     -1.0000
     -1.0000
     -1.0000
     -1.0000
     -1.0000
   1118.4211
   1120.3397
   1122.2638
   1124.1880
   1126.1118
   1128.0353
   1129.9580
   1131.8799
   1133.8007
   1135.7200
   1137.6378
   1139.5537
   1141.4673
   1143.3783
   1145.2864
   1147.1910
   1149.0918
   1150.9882
   1152.8796
   1154.7654
   1156.6448
   1158.5171
   1160.3815
   1162.2367
   1164.0819
   1165.9163
   1167.7385
   1169.5471
   1171.3403
   1173.1166
   1174.8741
   1175.9283
   1178.3246
   1180.0131
   1181.6743
   1183.3052
   1184.9009
   1186.4576
   1187.9742
   1189.4510
   1190.8864
   1192.2780
   1193.6241
   1194.9232
   1196.1737
   1197.3744
   1198.5242
   1199.6219
   1200.6672
   1201.6598
   1202.5979
   1203.4807
   1204.3082
   1205.0804
   1205.7965
   1206.4564
   1207.0596
   1207.6060
   1208.0952
   1208.5273
   1208.9021
   1209.2195
   1209.4791
   1209.6812
   1209.8254
   1209.9122
   1209.9412
# Travel time at depth =  35.00 km.
      5.7559
     10.6365
     17.5135
     24.3904
     31.2669
     38.1429
     45.0183
     51.8928
     58.7663
     65.6387
     72.5099
     79.3795
     86.2476
     93.1139
     99.9783
    106.8406
    113.7007
    120.5584
    127.4136
    134.2661
    141.1157
    147.9623
    154.8058
    161.6459
    168.4826
    175.3156
    182.1447
    188.9700
    195.7911
    202.6082
    209.3193
    215.8545
    222.3110
    228.6758
    234.9593
    241.1761
    247.3338
    253.0779
    258.5658
    264.0362
    269.4869
    274.9156
    280.3199
    285.6978
    291.0473
    296.3665
    301.6537
    306.7604
    311.3304
    315.8913
    320.4421
    324.9824
    329.5116
    334.0293
    338.5334
    343.0205
    347.4875
    351.9407
    356.3836
    360.8179
    365.2444
    369.6632
    374.0745
    378.4778
    382.8727
    387.2580
    391.6321
    395.9932
    400.3400
    404.6718
    408.9885
    413.2901
    417.5767
    421.8480
    426.1038
    430.3439
    434.5680
    438.7759
    442.9671
    447.1415
    451.2988
    455.4391
    459.5623
    463.6686
    467.7578
    471.8297
    475.8841
    479.9210
    483.9402
    487.9416
    491.9251
    495.8908
    499.8384
    503.7680
    507.6797
    511.5732
    515.4487
    519.3060
    523.1451
    526.9661
    530.7687
    534.5532
    538.3192
    542.0671
    545.7971
    549.5093
    553.2037
    556.8802
    560.5386
    564.1787
    567.8003
    571.4034
    574.9880
    578.5543
    582.1023
    585.6322
    589.1441
    592.6379
    596.1134
    599.5707
    603.0097
    606.4302
    609.8323
    613.2162
    616.5818
    619.9294
    623.2591
    626.5709
    629.8649
    633.1411
    636.3992
    639.6395
    642.8617
    646.0659
    649.2520
    652.4199
    655.5698
    658.7015
    661.8151
    664.9105
    667.9878
    671.0469
    674.0880
    677.1110
    680.1158
    683.1025
    686.0707
    689.0204
    691.9514
    694.8635
    697.7571
    700.6321
    703.4889
    706.3276
    709.1481
    711.9507
    714.7351
    717.5014
    720.2496
    722.9793
    725.6904
    728.3823
    731.0549
    733.7083
    736.3426
    738.9582
    741.5552
    744.1332
    746.6917
    749.2298
    751.7473
    754.2452
    756.7247
    759.1867
    761.6304
    764.0502
    766.4348
    768.7994
    771.1528
    773.4973
    775.8343
    778.1646
    780.4888
    782.8076
    785.1218
    787.4321
    789.7390
    792.0424
    794.3419
    796.6371
    798.9268
    801.2103
    803.4876
    805.7585
    808.0231
    810.2808
    812.5315
    814.7747
    817.0103
    819.2382
    821.4611
    823.6839
    825.9067
    828.1296
    830.3524
    832.5752
    834.7980
    837.0209
    839.2437
    841.4666
    843.6894
    845.9122
    848.1351
    850.3579
    852.5807
    854.8036
    857.0264
    859.2493
    861.4720
    863.6949
    865.9177
    868.1406
    870.3634
    872.5862
    874.8091
    877.0319
    879.2548
     -1.0000
     -1.0000
     -1.0000
     -1.0000
     -1.0000
     -1.0000
     -1.0000
     -1.0000
     -1.0000
   1115.2705
   1117.1892
   1119.1133
   1121.0375
   1122.9613
   1124.8846
   1126.8074
   1128.7292
   1130.6500
   1132.5693
   1134.4872
   1136.4030
   1138.3165
   1140.2275
   1142.1355
   1144.0402
   1145.9408
   1147.8370
   1149.7284
   1151.6140
   1153.4933
   1155.3655
   1157.2296
   1159.0847
   1160.9297
   1162.7639
   1164.5859
   1166.3942
   1168.1871
   1169.9631
   1171.7202
   1172.8181
   1175.1698
   1176.8579
   1178.5187
   1180.1490
   1181.7440
   1183.3002
   1184.8162
   1186.2924
   1187.7269
   1189.1179
   1190.4635
   1191.7618
   1193.0117
   1194.2118
   1195.3610
   1196.4583
   1197.5029
   1198.4950
   1199.4325
   1200.3148
   1201.1418
   1201.9136
   1202.6294
   1203.2888
   1203.8916
   1204.4376
   1204.9266
   1205.3585
   1205.7332
   1206.0502
   1206.3097
   1206.5116
   1206.6559
   1206.7426
   1206.7715
# Travel time at depth =  50.00 km.
      7.6214
     11.2362
     17.6985
     24.4817
     31.3156
     38.1644
     45.0196
     51.8776
     58.7366
     65.5959
     72.4548
     79.3130
     86.1700
     93.0255
     99.8795
    106.7316
    113.5816
    120.4294
    127.2748
    134.1176
    140.9577
    147.7948
    154.6288
    161.4595
    168.2867
    175.1104
    181.9304
    188.7466
    195.5589
    202.2055
    208.7509
    215.2268
    221.6201
    227.9310
    234.1738
    240.3569
    246.4602
    251.9581
    257.4399
    262.9036
    268.3467
    273.7672
    279.1627
    284.5311
    289.8706
    295.1794
    300.4557
    305.3686
    309.9365
    314.4949
    319.0433
    323.5810
    328.1075
    332.6222
    337.1227
    341.6051
    346.0683
    350.5189
    354.9597
    359.3921
    363.8169
    368.2340
    372.6435
    377.0450
    381.4379
    385.8208
    390.1920
    394.5500
    398.8936
    403.2220
    407.5354
    411.8338
    416.1171
    420.3850
    424.6375
    428.8742
    433.0949
    437.2993
    441.4871
    445.6580
    449.8117
    453.9485
    458.0683
    462.1711
    466.2568
    470.3253
    474.3763
    478.4096
    482.4254
    486.4233
    490.4034
    494.3656
    498.3098
    502.2360
    506.1442
    510.0344
    513.9065
    517.7604
    521.5963
    525.4139
    529.2133
    532.9944
    536.7573
    540.5020
    544.2288
    547.9379
    551.6292
    555.3027
    558.9579
    562.5949
    566.2134
    569.8134
    573.3949
    576.9581
    580.5032
    584.0302
    587.5392
    591.0300
    594.5027
    597.9571
    601.3932
    604.8109
    608.2101
    611.5912
    614.9540
    618.2990
    621.6259
    624.9351
    628.2264
    631.4999
    634.7555
    637.9931
    641.2127
    644.4143
    647.5978
    650.7632
    653.9105
    657.0397
    660.1508
    663.2438
    666.3186
    669.3753
    672.4139
    675.4345
    678.4370
    681.4212
    684.3871
    687.3344
    690.2629
    693.1727
    696.0638
    698.9366
    701.7911
    704.6276
    707.4459
    710.2463
    713.0285
    715.7927
    718.5387
    721.2662
    723.9750
    726.6648
    729.3352
    731.9864
    734.6186
    737.2321
    739.8270
    742.4029
    744.9592
    747.4951
    750.0104
    752.5063
    754.9839
    757.4442
    759.8857
    762.3025
    764.6840
    767.0472
    769.3997
    771.7434
    774.0797
    776.4094
    778.7331
    781.0513
    783.3652
    785.6751
    787.9816
    790.2847
    792.5839
    794.8785
    797.1676
    799.4506
    801.7272
    803.9976
    806.2615
    808.5186
    810.7686
    813.0111
    815.2460
    817.4731
    819.6959
    821.9188
    824.1416
    826.3644
    828.5873
    830.8101
    833.0329
    835.2557
    837.4786
    839.7014
    841.9243
    844.1471
    846.3699
    848.5928
    850.8156
    853.0385
    855.2613
    857.4841
    859.7070
    861.9297
    864.1526
    866.3754
    868.5983
    870.8211
    873.0439
    875.2668
    877.4896
     -1.0000
     -1.0000
     -1.0000
     -1.0000
     -1.0000
     -1.0000
     -1.0000
     -1.0000
     -1.0000
   1113.4232
   1115.3420
   1117.2661
   1119.1903
   1121.1141
   1123.0375
   1124.9602
   1126.8821
   1128.8027
   1130.7222
   1132.6399
   1134.5557
   1136.4692
   1138.3801
   1140.2881
   1142.1925
   1144.0931
   1145.9894
   1147.8805
   1149.7661
   1151.6453
   1153.5173
   1155.3812
   1157.2361
   1159.0811
   1160.9149
   1162.7367
   1164.5447
   1166.3374
   1168.1130
   1169.8699
   1171.0088
   1173.3186
   1175.0062
   1176.6666
   1178.2964
   1179.8909
   1181.4463
   1182.9617
   1184.4373
   1185.8713
   1187.2617
   1188.6066
   1189.9044
   1191.1537
   1192.3531
   1193.5017
   1194.5984
   1195.6426
   1196.6340
   1197.5710
   1198.4529
   1199.2795
   1200.0508
   1200.7661
   1201.4252
   1202.0277
   1202.5735
   1203.0621
   1203.4938
   1203.8682
   1204.1851
   1204.4445
   1204.6462
   1204.7904
   1204.8770
   1204.9059
# Travel time at depth =  75.00 km.
     10.7296
     13.2540
     18.7349
     25.1023
     31.7326
     38.4609
     45.2341
     52.0311
     58.8417
     65.6606
     72.4846
     79.3116
     86.1404
     92.9699
     99.7995
    106.6286
    113.4568
    120.2835
    127.1085
    133.9316
    140.7524
    147.5708
    154.3865
    161.1994
    168.0092
    174.8157
    181.5692
    188.1880
    194.7601
    201.2776
    207.7310
    214.1094
    220.4145
    226.6568
    232.8423
    238.9738
    244.6106
    250.0990
    255.5701
    261.0218
    266.4518
    271.8579
    277.2380
    282.5902
    287.9127
    293.2037
    298.4617
    303.0550
    307.6191
    312.1736
    316.7177
    321.2509
    325.7729
    330.2823
    334.7762
    339.2505
    343.7082
    348.1548
    352.5922
    357.0217
    361.4435
    365.8577
    370.2642
    374.6625
    379.0518
    383.4305
    387.7970
    392.1497
    396.4876
    400.8105
    405.1183
    409.4112
    413.6890
    417.9514
    422.1982
    426.4292
    430.6442
    434.8427
    439.0246
    443.1895
    447.3374
    451.4683
    455.5823
    459.6794
    463.7593
    467.8219
    471.8670
    475.8946
    479.9045
    483.8966
    487.8709
    491.8273
    495.7658
    499.6863
    503.5888
    507.4733
    511.3398
    515.1882
    519.0184
    522.8305
    526.6244
    530.4000
    534.1574
    537.8968
    541.6183
    545.3223
    549.0085
    552.6767
    556.3267
    559.9585
    563.5717
    567.1665
    570.7430
    574.3012
    577.8413
    581.3633
    584.8674
    588.3534
    591.8212
    595.2708
    598.7020
    602.1149
    605.5094
    608.8857
    612.2440
    615.5844
    618.9068
    622.2115
    625.4984
    628.7675
    632.0187
    635.2520
    638.4672
    641.6644
    644.8436
    648.0048
    651.1478
    654.2728
    657.3797
    660.4684
    663.5392
    666.5918
    669.6264
    672.6429
    675.6414
    678.6216
    681.5834
    684.5266
    687.4511
    690.3569
    693.2442
    696.1132
    698.9639
    701.7966
    704.6113
    707.4079
    710.1865
    712.9471
    715.6895
    718.4133
    721.1184
    723.8044
    726.4711
    729.1187
    731.7473
    734.3573
    736.9487
    739.5211
    742.0737
    744.6059
    747.1176
    749.6102
    752.0847
    754.5419
    756.9798
    759.3910
    761.7678
    764.1290
    766.4799
    768.8224
    771.1576
    773.4862
    775.8090
    778.1265
    780.4396
    782.7490
    785.0549
    787.3574
    789.6559
    791.9498
    794.2379
    796.5198
    798.7955
    801.0648
    803.3276
    805.5836
    807.8325
    810.0738
    812.3075
    814.5334
    816.7562
    818.9791
    821.2019
    823.4247
    825.6475
    827.8704
    830.0932
    832.3160
    834.5389
    836.7617
    838.9846
    841.2074
    843.4302
    845.6531
    847.8759
    850.0988
    852.3215
    854.5444
    856.7672
    858.9901
    861.2129
    863.4357
    865.6586
    867.8814
    870.1042
    872.3271
    874.5499
     -1.0000
     -1.0000
     -1.0000
     -1.0000
     -1.0000
     -1.0000
     -1.0000
     -1.0000
     -1.0000
   1110.3456
   1112.2646
   1114.1888
   1116.1129
   1118.0367
   1119.9602
   1121.8828
   1123.8047
   1125.7253
   1127.6447
   1129.5623
   1131.4780
   1133.3915
   1135.3024
   1137.2101
   1139.1145
   1141.0150
   1142.9110
   1144.8021
   1146.6874
   1148.5664
   1150.4382
   1152.3019
   1154.1565
   1156.0010
   1157.8346
   1159.6560
   1161.4635
   1163.2557
   1165.0309
   1166.7870
   1167.9930
   1170.2345
   1171.9214
   1173.5809
   1175.2098
   1176.8032
   1178.3577
   1179.8721
   1181.3467
   1182.7797
   1184.1691
   1185.5129
   1186.8097
   1188.0579
   1189.2563
   1190.4039
   1191.4996
   1192.5430
   1193.5336
   1194.4697
   1195.3507
   1196.1766
   1196.9471
   1197.6619
   1198.3203
   1198.9222
   1199.4675
   1199.9558
   1200.3870
   1200.7610
   1201.0775
   1201.3367
   1201.5383
   1201.6824
   1201.7688
   1201.7977
# Travel time at depth = 100.00 km.
     13.8367
     15.7568
     20.3894
     26.2218
     32.5384
     39.0692
     45.7070
     52.4045
     59.1377
     65.8937
     72.6651
     79.4466
     86.2353
     93.0288
     99.8255
    106.6243
    113.4240
    120.2241
    127.0239
    133.8228
    140.6205
    147.4164
    154.2104
    160.9353
    167.5918
    174.2156
    180.8015
    187.3433
    193.8342
    200.2656
    206.6288
    212.9270
    219.1670
    225.3533
    231.4880
    237.2764
    242.7707
    248.2487
    253.7082
    259.1470
    264.5630
    269.9541
    275.3182
    280.6535
    285.9585
    291.2313
    296.1793
    300.7488
    305.3091
    309.8593
    314.3991
    318.9278
    323.4450
    327.9486
    332.4352
    336.9019
    341.3549
    345.7977
    350.2319
    354.6584
    359.0772
    363.4885
    367.8919
    372.2869
    376.6723
    381.0466
    385.4079
    389.7551
    394.0874
    398.4047
    402.7070
    406.9943
    411.2664
    415.5232
    419.7643
    423.9896
    428.1987
    432.3914
    436.5673
    440.7262
    444.8681
    448.9932
    453.1014
    457.1926
    461.2666
    465.3234
    469.3626
    473.3843
    477.3883
    481.3746
    485.3430
    489.2936
    493.2263
    497.1411
    501.0379
    504.9167
    508.7775
    512.6202
    516.4449
    520.2513
    524.0397
    527.8098
    531.5617
    535.2958
    539.0121
    542.7109
    546.3918
    550.0547
    553.6995
    557.3260
    560.9340
    564.5236
    568.0948
    571.6481
    575.1832
    578.7003
    582.1994
    585.6805
    589.1434
    592.5881
    596.0144
    599.4224
    602.8122
    606.1838
    609.5375
    612.8732
    616.1912
    619.4914
    622.7739
    626.0385
    629.2852
    632.5141
    635.7250
    638.9178
    642.0927
    645.2495
    648.3883
    651.5090
    654.6117
    657.6963
    660.7629
    663.8113
    666.8419
    669.8544
    672.8488
    675.8249
    678.7826
    681.7218
    684.6422
    687.5441
    690.4274
    693.2925
    696.1395
    698.9684
    701.7794
    704.5723
    707.3472
    710.1041
    712.8428
    715.5630
    718.2644
    720.9467
    723.6096
    726.2535
    728.8786
    731.4851
    734.0730
    736.6418
    739.1907
    741.7191
    744.2272
    746.7165
    749.1879
    751.6420
    754.0760
    756.4808
    758.8541
    761.2134
    763.5627
    765.9039
    768.2380
    770.5656
    772.8874
    775.2041
    777.5166
    779.8254
    782.1308
    784.4327
    786.7305
    789.0234
    791.3105
    793.5915
    795.8662
    798.1345
    800.3962
    802.6511
    804.8987
    807.1389
    809.3713
    811.5963
    813.8191
    816.0419
    818.2648
    820.4876
    822.7104
    824.9332
    827.1561
    829.3789
    831.6017
    833.8246
    836.0474
    838.2703
    840.4931
    842.7159
    844.9388
    847.1616
    849.3845
    851.6073
    853.8301
    856.0529
    858.2758
    860.4986
    862.7214
    864.9443
    867.1671
    869.3900
    871.6128
     -1.0000
     -1.0000
     -1.0000
     -1.0000
     -1.0000
     -1.0000
     -1.0000
     -1.0000
     -1.0000
   1107.2694
   1109.1887
   1111.1129
   1113.0370
   1114.9608
   1116.8842
   1118.8069
   1120.7286
   1122.6493
   1124.5685
   1126.4861
   1128.4017
   1130.3152
   1132.2260
   1134.1337
   1136.0378
   1137.9382
   1139.8341
   1141.7250
   1143.6101
   1145.4889
   1147.3605
   1149.2239
   1151.0781
   1152.9224
   1154.7556
   1156.5765
   1158.3837
   1160.1754
   1161.9500
   1163.7056
   1164.9774
   1167.1517
   1168.8379
   1170.4966
   1172.1245
   1173.7170
   1175.2704
   1176.7838
   1178.2573
   1179.6893
   1181.0776
   1182.4205
   1183.7162
   1184.9634
   1186.1608
   1187.3075
   1188.4022
   1189.4446
   1190.4343
   1191.3695
   1192.2498
   1193.0750
   1193.8447
   1194.5587
   1195.2166
   1195.8180
   1196.3627
   1196.8505
   1197.2812
   1197.6549
   1197.9712
   1198.2301
   1198.4315
   1198.5754
   1198.6619
   1198.6907
# Travel time at depth = 150.00 km.
     20.0286
     21.3078
     24.7307
     29.5199
     35.0808
     41.0729
     47.3154
     53.7102
     60.2029
     66.7599
     73.3607
     79.9921
     86.6446
     93.3104
     99.9834
    106.6582
    113.3310
    119.9982
    126.6564
    133.3017
    139.9303
    146.5378
    153.1201
    159.6725
    166.1903
    172.6683
    179.1011
    185.4831
    191.8124
    198.0912
    204.3209
    210.5030
    216.6378
    222.6825
    228.1870
    233.6770
    239.1501
    244.6045
    250.0379
    255.4484
    260.8338
    266.1924
    271.5224
    276.8221
    282.0901
    287.0518
    291.6226
    296.1844
    300.7363
    305.2778
    309.8085
    314.3278
    318.8340
    323.3240
    327.7942
    332.2494
    336.6941
    341.1299
    345.5579
    349.9784
    354.3912
    358.7963
    363.1931
    367.5807
    371.9576
    376.3220
    380.6725
    385.0082
    389.3290
    393.6349
    397.9259
    402.2018
    406.4625
    410.7077
    414.9372
    419.1506
    423.3478
    427.5284
    431.6920
    435.8388
    439.9688
    444.0819
    448.1783
    452.2575
    456.3196
    460.3644
    464.3917
    468.4014
    472.3935
    476.3678
    480.3244
    484.2632
    488.1842
    492.0873
    495.9725
    499.8398
    503.6891
    507.5203
    511.3336
    515.1287
    518.9058
    522.6647
    526.4057
    530.1290
    533.8347
    537.5228
    541.1931
    544.8453
    548.4794
    552.0951
    555.6924
    559.2715
    562.8325
    566.3754
    569.9005
    573.4075
    576.8967
    580.3677
    583.8207
    587.2554
    590.6719
    594.0702
    597.4503
    600.8125
    604.1567
    607.4832
    610.7920
    614.0831
    617.3565
    620.6121
    623.8499
    627.0698
    630.2718
    633.4558
    636.6219
    639.7700
    642.9001
    646.0123
    649.1064
    652.1825
    655.2406
    658.2808
    661.3030
    664.3073
    667.2935
    670.2614
    673.2108
    676.1417
    679.0540
    681.9478
    684.8232
    687.6805
    690.5198
    693.3411
    696.1445
    698.9300
    701.6975
    704.4470
    707.1782
    709.8909
    712.5846
    715.2592
    717.9147
    720.5512
    723.1691
    725.7686
    728.3492
    730.9106
    733.4520
    735.9727
    738.4739
    740.9565
    743.4218
    745.8692
    748.2945
    750.6863
    753.0540
    755.4096
    757.7560
    760.0947
    762.4265
    764.7521
    767.0721
    769.3873
    771.6985
    774.0062
    776.3104
    778.6110
    780.9073
    783.1985
    785.4835
    787.7625
    790.0350
    792.3013
    794.5608
    796.8133
    799.0585
    801.2963
    803.5262
    805.7497
    807.9725
    810.1953
    812.4182
    814.6410
    816.8638
    819.0867
    821.3095
    823.5323
    825.7552
    827.9780
    830.2009
    832.4237
    834.6465
    836.8694
    839.0922
    841.3150
    843.5378
    845.7607
    847.9835
    850.2064
    852.4292
    854.6520
    856.8749
    859.0977
    861.3206
    863.5434
    865.7662
     -1.0000
     -1.0000
     -1.0000
     -1.0000
     -1.0000
     -1.0000
     -1.0000
     -1.0000
     -1.0000
   1101.1400
   1103.0599
   1104.9841
   1106.9082
   1108.8320
   1110.7554
   1112.6780
   1114.5997
   1116.5203
   1118.4395
   1120.3569
   1122.2723
   1124.1855
   1126.0962
   1128.0037
   1129.9077
   1131.8077
   1133.7034
   1135.5939
   1137.4786
   1139.3569
   1141.2280
   1143.0909
   1144.9446
   1146.7881
   1148.6206
   1150.4408
   1152.2469
   1154.0377
   1155.8112
   1157.5656
   1158.9669
   1161.0090
   1162.6936
   1164.3507
   1165.9768
   1167.5671
   1169.1184
   1170.6298
   1172.1013
   1173.5312
   1174.9175
   1176.2582
   1177.5518
   1178.7968
   1179.9922
   1181.1368
   1182.2296
   1183.2701
   1184.2581
   1185.1915
   1186.0701
   1186.8937
   1187.6621
   1188.3748
   1189.0314
   1189.6316
   1190.1753
   1190.6621
   1191.0920
   1191.4650
   1191.7806
   1192.0391
   1192.2400
   1192.3837
   1192.4700
   1192.4988
# Travel time at depth = 200.00 km.
     26.1245
     27.0708
     29.7225
     33.6592
     38.4684
     43.8451
     49.5902
     55.5794
     61.7337
     68.0021
     74.3507
     80.7566
     87.2030
     93.6775
    100.1707
    106.6751
    113.1846
    119.6939
    126.1976
    132.6903
    139.1667
    145.6213
    152.0490
    158.4446
    164.8035
    171.1242
    177.4059
    183.6479
    189.8498
    196.0110
    202.1306
    208.2076
    213.8262
    219.3252
    224.8089
    230.2753
    235.7224
    241.1483
    246.5508
    251.9283
    257.2788
    262.6010
    267.8931
    273.1537
    278.0882
    282.6599
    287.2228
    291.7759
    296.3187
    300.8507
    305.3715
    309.8796
    314.3722
    318.8451
    323.3022
    327.7484
    332.1855
    336.6148
    341.0365
    345.4506
    349.8570
    354.2553
    358.6446
    363.0235
    367.3903
    371.7435
    376.0821
    380.4058
    384.7147
    389.0088
    393.2879
    397.5518
    401.8004
    406.0335
    410.2507
    414.4517
    418.6363
    422.8041
    426.9551
    431.0894
    435.2069
    439.3077
    443.3916
    447.4584
    451.5080
    455.5403
    459.5551
    463.5524
    467.5321
    471.4941
    475.4384
    479.3650
    483.2738
    487.1648
    491.0379
    494.8932
    498.7306
    502.5500
    506.3515
    510.1349
    513.9003
    517.6477
    521.3774
    525.0897
    528.7844
    532.4614
    536.1206
    539.7617
    543.3846
    546.9892
    550.5756
    554.1439
    557.6942
    561.2266
    564.7411
    568.2379
    571.7166
    575.1774
    578.6201
    582.0446
    585.4508
    588.8390
    592.2092
    595.5616
    598.8962
    602.2132
    605.5125
    608.7943
    612.0583
    615.3046
    618.5330
    621.7437
    624.9365
    628.1114
    631.2684
    634.4075
    637.5287
    640.6320
    643.7172
    646.7846
    649.8340
    652.8657
    655.8793
    658.8751
    661.8527
    664.8121
    667.7530
    670.6754
    673.5792
    676.4647
    679.3320
    682.1813
    685.0127
    687.8262
    690.6219
    693.3996
    696.1595
    698.9012
    701.6247
    704.3295
    707.0154
    709.6822
    712.3300
    714.9590
    717.5695
    720.1616
    722.7347
    725.2885
    727.8218
    730.3350
    732.8290
    735.3051
    737.7639
    740.2039
    742.6188
    744.9990
    747.3618
    749.7140
    752.0576
    754.3937
    756.7233
    759.0469
    761.3651
    763.6789
    765.9888
    768.2953
    770.5983
    772.8975
    775.1922
    777.4813
    779.7643
    782.0410
    784.3115
    786.5755
    788.8327
    791.0828
    793.3256
    795.5607
    797.7880
    800.0109
    802.2337
    804.4565
    806.6794
    808.9022
    811.1251
    813.3479
    815.5707
    817.7936
    820.0164
    822.2392
    824.4620
    826.6849
    828.9077
    831.1306
    833.3534
    835.5762
    837.7991
    840.0219
    842.2448
    844.4676
    846.6904
    848.9133
    851.1360
    853.3589
    855.5817
    857.8046
    860.0274
     -1.0000
     -1.0000
     -1.0000
     -1.0000
     -1.0000
     -1.0000
     -1.0000
     -1.0000
     -1.0000
   1095.1090
   1097.0293
   1098.9536
   1100.8777
   1102.8015
   1104.7247
   1106.6473
   1108.5690
   1110.4894
   1112.4084
   1114.3258
   1116.2412
   1118.1542
   1120.0646
   1121.9719
   1123.8756
   1125.7755
   1127.6707
   1129.5609
   1131.4452
   1133.3231
   1135.1936
   1137.0559
   1138.9089
   1140.7518
   1142.5836
   1144.4028
   1146.2081
   1147.9978
   1149.7701
   1151.5233
   1153.0540
   1154.9639
   1156.6469
   1158.3022
   1159.9265
   1161.5148
   1163.0638
   1164.5731
   1166.0425
   1167.4702
   1168.8542
   1170.1927
   1171.4841
   1172.7272
   1173.9204
   1175.0630
   1176.1537
   1177.1924
   1178.1785
   1179.1101
   1179.9869
   1180.8090
   1181.5759
   1182.2871
   1182.9424
   1183.5415
   1184.0841
   1184.5699
   1184.9990
   1185.3712
   1185.6863
   1185.9441
   1186.1448
   1186.2881
   1186.3741
   1186.4030
# Travel time at depth = 250.00 km.
     32.1089
     32.8538
     34.9881
     38.2707
     42.4242
     47.2065
     52.4349
     57.9793
     63.7496
     69.6831
     75.7357
     81.8758
     88.0801
     94.3311
    100.6151
    106.9212
    113.2401
    119.5643
    125.8870
    132.2023
    138.5053
    144.7914
    151.0571
    157.2990
    163.5141
    169.6998
    175.8537
    181.9741
    188.0592
    194.1078
    199.7376
    205.2426
    210.7336
    216.2085
    221.6654
    227.1024
    232.5176
    237.9092
    243.2755
    248.6149
    253.9260
    259.2072
    264.4573
    269.3155
    273.8877
    278.4511
    283.0049
    287.5483
    292.0811
    296.6028
    301.1120
    305.6060
    310.0808
    314.5392
    318.9864
    323.4245
    327.8546
    332.2771
    336.6921
    341.0994
    345.4988
    349.8893
    354.2696
    358.6381
    362.9932
    367.3340
    371.6599
    375.9711
    380.2675
    384.5492
    388.8157
    393.0671
    397.3029
    401.5231
    405.7272
    409.9151
    414.0863
    418.2408
    422.3787
    426.4999
    430.6044
    434.6922
    438.7631
    442.8169
    446.8534
    450.8726
    454.8744
    458.8587
    462.8255
    466.7746
    470.7061
    474.6199
    478.5160
    482.3944
    486.2550
    490.0978
    493.9228
    497.7299
    501.5190
    505.2902
    509.0435
    512.7791
    516.4973
    520.1979
    523.8812
    527.5466
    531.1942
    534.8237
    538.4350
    542.0281
    545.6031
    549.1603
    552.6995
    556.2210
    559.7248
    563.2107
    566.6786
    570.1287
    573.5606
    576.9744
    580.3702
    583.7480
    587.1080
    590.4503
    593.7748
    597.0820
    600.3715
    603.6434
    606.8978
    610.1344
    613.3533
    616.5543
    619.7376
    622.9031
    626.0507
    629.1804
    632.2924
    635.3864
    638.4625
    641.5209
    644.5613
    647.5840
    650.5889
    653.5757
    656.5445
    659.4950
    662.4271
    665.3406
    668.2358
    671.1128
    673.9717
    676.8127
    679.6360
    682.4414
    685.2290
    687.9988
    690.7507
    693.4844
    696.1998
    698.8965
    701.5742
    704.2329
    706.8727
    709.4940
    712.0969
    714.6813
    717.2467
    719.7923
    722.3175
    724.8229
    727.3098
    729.7791
    732.2311
    734.6627
    737.0643
    739.4362
    741.7947
    744.1436
    746.4844
    748.8181
    751.1454
    753.4670
    755.7835
    758.0958
    760.4045
    762.7097
    765.0115
    767.3091
    769.6019
    771.8889
    774.1697
    776.4442
    778.7124
    780.9741
    783.2288
    785.4764
    787.7166
    789.9490
    792.1739
    794.3967
    796.6196
    798.8424
    801.0652
    803.2881
    805.5109
    807.7338
    809.9565
    812.1794
    814.4022
    816.6251
    818.8479
    821.0707
    823.2936
    825.5164
    827.7393
    829.9621
    832.1849
    834.4078
    836.6306
    838.8534
    841.0762
    843.2991
    845.5219
    847.7448
    849.9676
    852.1904
    854.4133
     -1.0000
     -1.0000
     -1.0000
     -1.0000
     -1.0000
     -1.0000
     -1.0000
     -1.0000
     -1.0000
   1089.1917
   1091.1125
   1093.0367
   1094.9608
   1096.8846
   1098.8079
   1100.7303
   1102.6519
   1104.5723
   1106.4912
   1108.4084
   1110.3236
   1112.2366
   1114.1467
   1116.0537
   1117.9573
   1119.8568
   1121.7517
   1123.6415
   1125.5254
   1127.4027
   1129.2728
   1131.1345
   1132.9868
   1134.8290
   1136.6599
   1138.4784
   1140.2826
   1142.0713
   1143.8424
   1145.5942
   1147.2548
   1149.0319
   1150.7133
   1152.3668
   1153.9890
   1155.5752
   1157.1219
   1158.6290
   1160.0962
   1161.5217
   1162.9036
   1164.2397
   1165.5289
   1166.7697
   1167.9608
   1169.1012
   1170.1899
   1171.2266
   1172.2107
   1173.1405
   1174.0156
   1174.8361
   1175.6014
   1176.3112
   1176.9651
   1177.5630
   1178.1045
   1178.5894
   1179.0176
   1179.3889
   1179.7034
   1179.9607
   1180.1609
   1180.3040
   1180.3898
   1180.4185
# Travel time at depth = 300.00 km.
     37.9660
     38.5760
     40.3439
     43.1251
     46.7300
     50.9757
     55.7072
     60.8033
     66.1725
     71.7472
     77.4769
     83.3241
     89.2604
     95.2638
    101.3172
    107.4069
    113.5215
    119.6520
    125.7904
    131.9303
    138.0656
    144.1914
    150.3033
    156.3978
    162.4715
    168.5217
    174.5457
    180.4632
    185.9827
    191.4906
    196.9851
    202.4644
    207.9266
    213.3700
    218.7928
    224.1933
    229.5697
    234.9207
    240.2448
    245.5406
    250.8068
    256.0422
    260.7641
    265.3362
    269.8994
    274.4531
    278.9966
    283.5294
    288.0511
    292.5605
    297.0549
    301.5303
    305.9892
    310.4368
    314.8753
    319.3057
    323.7286
    328.1440
    332.5518
    336.9518
    341.3429
    345.7240
    350.0934
    354.4497
    358.7917
    363.1190
    367.4316
    371.7296
    376.0129
    380.2812
    384.5344
    388.7723
    392.9945
    397.2010
    401.3912
    405.5650
    409.7221
    413.8627
    417.9867
    422.0942
    426.1851
    430.2591
    434.3162
    438.3562
    442.3790
    446.3845
    450.3726
    454.3432
    458.2964
    462.2320
    466.1501
    470.0505
    473.9334
    477.7986
    481.6461
    485.4758
    489.2878
    493.0819
    496.8582
    500.6166
    504.3575
    508.0808
    511.7868
    515.4755
    519.1465
    522.7998
    526.4352
    530.0525
    533.6517
    537.2329
    540.7961
    544.3417
    547.8694
    551.3796
    554.8719
    558.3466
    561.8033
    565.2421
    568.6628
    572.0656
    575.4504
    578.8174
    582.1668
    585.4985
    588.8128
    592.1096
    595.3890
    598.6507
    601.8949
    605.1214
    608.3303
    611.5214
    614.6947
    617.8503
    620.9882
    624.1082
    627.2104
    630.2949
    633.3616
    636.4105
    639.4417
    642.4551
    645.4507
    648.4283
    651.3879
    654.3291
    657.2520
    660.1564
    663.0425
    665.9108
    668.7610
    671.5935
    674.4083
    677.2053
    679.9846
    682.7460
    685.4896
    688.2150
    690.9219
    693.6102
    696.2794
    698.9296
    701.5613
    704.1746
    706.7696
    709.3459
    711.9031
    714.4402
    716.9570
    719.4547
    721.9343
    724.3967
    726.8411
    729.2626
    731.6501
    734.0162
    736.3707
    738.7163
    741.0543
    743.3856
    745.7106
    748.0302
    750.3450
    752.6559
    754.9633
    757.2673
    759.5676
    761.8635
    764.1543
    766.4390
    768.7174
    770.9896
    773.2555
    775.5146
    777.7668
    780.0117
    782.2491
    784.4788
    786.7021
    788.9249
    791.1478
    793.3706
    795.5934
    797.8163
    800.0391
    802.2620
    804.4848
    806.7076
    808.9305
    811.1533
    813.3762
    815.5989
    817.8218
    820.0446
    822.2675
    824.4903
    826.7131
    828.9360
    831.1588
    833.3817
    835.6045
    837.8273
    840.0502
    842.2730
    844.4958
    846.7186
    848.9415
     -1.0000
     -1.0000
     -1.0000
     -1.0000
     -1.0000
     -1.0000
     -1.0000
     -1.0000
     -1.0000
   1083.4043
   1085.3257
   1087.2499
   1089.1740
   1091.0977
   1093.0209
   1094.9434
   1096.8647
   1098.7850
   1100.7039
   1102.6210
   1104.5360
   1106.4487
   1108.3586
   1110.2655
   1112.1687
   1114.0679
   1115.9625
   1117.8518
   1119.7354
   1121.6122
   1123.4817
   1125.3428
   1127.1945
   1129.0358
   1130.8660
   1132.6833
   1134.4867
   1136.2742
   1138.0441
   1139.7946
   1141.5237
   1143.2291
   1144.9087
   1146.5605
   1148.1807
   1149.7644
   1151.3088
   1152.8137
   1154.2787
   1155.7019
   1157.0813
   1158.4152
   1159.7020
   1160.9404
   1162.1293
   1163.2676
   1164.3541
   1165.3888
   1166.3708
   1167.2988
   1168.1721
   1168.9907
   1169.7545
   1170.4629
   1171.1155
   1171.7120
   1172.2523
   1172.7361
   1173.1635
   1173.5341
   1173.8478
   1174.1045
   1174.3043
   1174.4470
   1174.5327
   1174.5614
# Travel time at depth = 400.00 km.
     49.3175
     49.7587
     51.0500
     53.1329
     55.9130
     59.2871
     63.1554
     67.4270
     72.0245
     76.8840
     81.9536
     87.1912
     92.5632
     98.0424
    103.6069
    109.2383
    114.9218
    120.6449
    126.3976
    131.9739
    137.5188
    143.0574
    148.5885
    154.1105
    159.6222
    165.1220
    170.6085
    176.0801
    181.5355
    186.9732
    192.3918
    197.7899
    203.1662
    208.5193
    213.8483
    219.1518
    224.4287
    229.6779
    234.8985
    239.7571
    244.3349
    248.9046
    253.4655
    258.0166
    262.5576
    267.0879
    271.6072
    276.1138
    280.6051
    285.0773
    289.5343
    293.9807
    298.4181
    302.8477
    307.2698
    311.6844
    316.0916
    320.4908
    324.8812
    329.2616
    333.6304
    337.9861
    342.3278
    346.6550
    350.9677
    355.2660
    359.5497
    363.8187
    368.0728
    372.3118
    376.5355
    380.7436
    384.9357
    389.1117
    393.2712
    397.4145
    401.5413
    405.6519
    409.7461
    413.8238
    417.8848
    421.9290
    425.9561
    429.9663
    433.9593
    437.9352
    441.8937
    445.8350
    449.7589
    453.6656
    457.5548
    461.4266
    465.2809
    469.1177
    472.9370
    476.7387
    480.5228
    484.2892
    488.0381
    491.7697
    495.4841
    499.1814
    502.8614
    506.5239
    510.1688
    513.7959
    517.4050
    520.9964
    524.5699
    528.1259
    531.6642
    535.1850
    538.6884
    542.1741
    545.6423
    549.0928
    552.5254
    555.9402
    559.3372
    562.7165
    566.0782
    569.4225
    572.7493
    576.0589
    579.3511
    582.6260
    585.8835
    589.1237
    592.3463
    595.5513
    598.7388
    601.9086
    605.0610
    608.1957
    611.3127
    614.4122
    617.4940
    620.5582
    623.6048
    626.6338
    629.6451
    632.6389
    635.6148
    638.5727
    641.5125
    644.4340
    647.3373
    650.2226
    653.0900
    655.9396
    658.7716
    661.5861
    664.3829
    667.1620
    669.9236
    672.6674
    675.3932
    678.1008
    680.7897
    683.4597
    686.1111
    688.7440
    691.3585
    693.9550
    696.5330
    699.0919
    701.6312
    704.1503
    706.6502
    709.1320
    711.5967
    714.0439
    716.4695
    718.8628
    721.2313
    723.5877
    725.9349
    728.2742
    730.6066
    732.9329
    735.2534
    737.5692
    739.8808
    742.1888
    744.4935
    746.7946
    749.0916
    751.3835
    753.6694
    755.9492
    758.2228
    760.4901
    762.7507
    765.0045
    767.2510
    769.4902
    771.7216
    773.9459
    776.1687
    778.3915
    780.6144
    782.8372
    785.0601
    787.2829
    789.5057
    791.7286
    793.9514
    796.1742
    798.3970
    800.6199
    802.8427
    805.0656
    807.2884
    809.5112
    811.7341
    813.9569
    816.1797
    818.4026
    820.6254
    822.8483
    825.0711
    827.2939
    829.5167
    831.7396
    833.9624
    836.1852
    838.4081
     -1.0000
     -1.0000
     -1.0000
     -1.0000
     -1.0000
     -1.0000
     -1.0000
     -1.0000
     -1.0000
   1072.2006
   1074.1229
   1076.0471
   1077.9712
   1079.8948
   1081.8179
   1083.7401
   1085.6615
   1087.5815
   1089.5001
   1091.4169
   1093.3317
   1095.2439
   1097.1534
   1099.0597
   1100.9624
   1102.8608
   1104.7546
   1106.6432
   1108.5258
   1110.4015
   1112.2698
   1114.1295
   1115.9797
   1117.8195
   1119.6478
   1121.4634
   1123.2644
   1125.0494
   1126.8167
   1127.4235
   1130.2903
   1131.9923
   1133.6683
   1135.3162
   1136.9318
   1138.5107
   1140.0502
   1141.5503
   1143.0105
   1144.4288
   1145.8032
   1147.1322
   1148.4141
   1149.6477
   1150.8318
   1151.9653
   1153.0474
   1154.0778
   1155.0557
   1155.9796
   1156.8491
   1157.6642
   1158.4246
   1159.1298
   1159.7794
   1160.3733
   1160.9113
   1161.3929
   1161.8182
   1162.1873
   1162.4995
   1162.7551
   1162.9540
   1163.0961
   1163.1814
   1163.2098
# Travel time at depth = 500.00 km.
     59.8907
     60.2284
     61.2213
     62.8375
     65.0329
     67.7441
     70.9068
     74.4605
     78.3458
     82.5104
     86.9081
     91.4992
     96.2496
    101.1303
    106.1165
    111.1873
    116.3251
    121.5150
    126.7441
    132.0018
    137.2799
    142.5715
    147.8708
    153.1731
    158.4743
    163.7711
    169.0610
    174.3416
    179.6107
    184.8662
    190.1063
    195.3293
    200.5336
    205.7177
    210.8802
    215.6795
    220.2644
    224.8423
    229.4122
    233.9734
    238.5252
    243.0671
    247.5986
    252.1194
    256.6281
    261.1224
    265.5989
    270.0590
    274.5080
    278.9478
    283.3797
    287.8041
    292.2213
    296.6309
    301.0330
    305.4268
    309.8112
    314.1849
    318.5463
    322.8943
    327.2282
    331.5480
    335.8537
    340.1451
    344.4223
    348.6851
    352.9331
    357.1663
    361.3844
    365.5871
    369.7741
    373.9452
    378.1003
    382.2393
    386.3624
    390.4695
    394.5605
    398.6353
    402.6937
    406.7356
    410.7608
    414.7693
    418.7610
    422.7358
    426.6937
    430.6346
    434.5585
    438.4654
    442.3552
    446.2278
    450.0833
    453.9217
    457.7427
    461.5465
    465.3330
    469.1021
    472.8539
    476.5886
    480.3064
    484.0074
    487.6913
    491.3581
    495.0076
    498.6396
    502.2540
    505.8507
    509.4299
    512.9916
    516.5361
    520.0632
    523.5731
    527.0657
    530.5410
    533.9988
    537.4391
    540.8618
    544.2668
    547.6544
    551.0246
    554.3774
    557.7131
    561.0316
    564.3330
    567.6173
    570.8845
    574.1345
    577.3671
    580.5825
    583.7806
    586.9612
    590.1245
    593.2704
    596.3989
    599.5099
    602.6035
    605.6796
    608.7384
    611.7797
    614.8036
    617.8102
    620.7991
    623.7704
    626.7239
    629.6595
    632.5769
    635.4763
    638.3580
    641.2219
    644.0683
    646.8973
    649.7089
    652.5030
    655.2797
    658.0388
    660.7805
    663.5042
    666.2098
    668.8969
    671.5654
    674.2153
    676.8470
    679.4606
    682.0562
    684.6335
    687.1920
    689.7308
    692.2498
    694.7498
    697.2319
    699.6969
    702.1447
    704.5713
    706.9664
    709.3361
    711.6932
    714.0410
    716.3809
    718.7139
    721.0407
    723.3618
    725.6779
    727.9899
    730.2983
    732.6033
    734.9048
    737.2021
    739.4946
    741.7812
    744.0618
    746.3360
    748.6040
    750.8655
    753.1201
    755.3676
    757.6077
    759.8401
    762.0651
    764.2880
    766.5108
    768.7336
    770.9565
    773.1793
    775.4022
    777.6250
    779.8478
    782.0707
    784.2935
    786.5163
    788.7391
    790.9620
    793.1848
    795.4077
    797.6305
    799.8533
    802.0762
    804.2990
    806.5219
    808.7447
    810.9675
    813.1904
    815.4131
    817.6360
    819.8588
    822.0817
    824.3045
    826.5273
    828.7502
     -1.0000
     -1.0000
     -1.0000
     -1.0000
     -1.0000
     -1.0000
     -1.0000
     -1.0000
     -1.0000
   1061.7919
   1063.7150
   1065.6392
   1067.5631
   1069.4867
   1071.4097
   1073.3318
   1075.2529
   1077.1727
   1079.0911
   1081.0074
   1082.9219
   1084.8336
   1086.7427
   1088.6483
   1090.5503
   1092.4481
   1094.3411
   1096.2286
   1098.1100
   1099.9846
   1101.8516
   1103.7097
   1105.5582
   1107.3962
   1109.2225
   1111.0358
   1112.8344
   1114.6167
   1116.3810
   1117.3500
   1119.8478
   1121.5459
   1123.2179
   1124.8613
   1126.4719
   1128.0454
   1129.5793
   1131.0742
   1132.5291
   1133.9420
   1135.3109
   1136.6344
   1137.9109
   1139.1390
   1140.3179
   1141.4463
   1142.5234
   1143.5491
   1144.5223
   1145.4418
   1146.3071
   1147.1183
   1147.8750
   1148.5768
   1149.2233
   1149.8142
   1150.3494
   1150.8287
   1151.2520
   1151.6190
   1151.9298
   1152.1841
   1152.3820
   1152.5233
   1152.6083
   1152.6366
# Travel time at depth = 600.00 km.
     70.0650
     70.3348
     71.1306
     72.4310
     74.2127
     76.4412
     79.0726
     82.0629
     85.3724
     88.9616
     92.7925
     96.8318
    101.0497
    105.4198
    109.9188
    114.5267
    119.2257
    124.0005
    128.8382
    133.7275
    138.6583
    143.6219
    148.6110
    153.6194
    158.6415
    163.6726
    168.7084
    173.7452
    178.7796
    183.4632
    188.0607
    192.6528
    197.2390
    201.8184
    206.3903
    210.9540
    215.5087
    220.0540
    224.5895
    229.1147
    233.6291
    238.1309
    242.6175
    247.0864
    251.5421
    255.9879
    260.4251
    264.8548
    269.2773
    273.6926
    278.1005
    282.5009
    286.8931
    291.2758
    295.6479
    300.0080
    304.3550
    308.6884
    313.0081
    317.3141
    321.6064
    325.8848
    330.1492
    334.3994
    338.6352
    342.8564
    347.0627
    351.2540
    355.4298
    359.5900
    363.7347
    367.8638
    371.9774
    376.0754
    380.1577
    384.2240
    388.2744
    392.3085
    396.3264
    400.3280
    404.3132
    408.2818
    412.2339
    416.1695
    420.0884
    423.9906
    427.8762
    431.7450
    435.5970
    439.4322
    443.2505
    447.0518
    450.8362
    454.6036
    458.3540
    462.0877
    465.8048
    469.5054
    473.1893
    476.8564
    480.5065
    484.1394
    487.7550
    491.3533
    494.9344
    498.4983
    502.0451
    505.5750
    509.0879
    512.5838
    516.0627
    519.5244
    522.9688
    526.3960
    529.8058
    533.1984
    536.5738
    539.9321
    543.2734
    546.5978
    549.9053
    553.1960
    556.4698
    559.7267
    562.9666
    566.1894
    569.3951
    572.5837
    575.7551
    578.9094
    582.0465
    585.1664
    588.2690
    591.3546
    594.4228
    597.4739
    600.5078
    603.5244
    606.5239
    609.5060
    612.4705
    615.4175
    618.3466
    621.2578
    624.1513
    627.0273
    629.8858
    632.7271
    635.5511
    638.3578
    641.1474
    643.9197
    646.6746
    649.4122
    652.1320
    654.8337
    657.5172
    660.1823
    662.8290
    665.4577
    668.0685
    670.6616
    673.2365
    675.7925
    678.3292
    680.8463
    683.3447
    685.8254
    688.2892
    690.7360
    693.1614
    695.5555
    697.9249
    700.2819
    702.6297
    704.9696
    707.3027
    709.6295
    711.9506
    714.2667
    716.5788
    718.8873
    721.1923
    723.4939
    725.7914
    728.0840
    730.3708
    732.6515
    734.9260
    737.1942
    739.4559
    741.7109
    743.9587
    746.1992
    748.4321
    750.6575
    752.8803
    755.1031
    757.3260
    759.5488
    761.7716
    763.9944
    766.2173
    768.4401
    770.6630
    772.8858
    775.1086
    777.3315
    779.5543
    781.7772
    784.0000
    786.2228
    788.4457
    790.6685
    792.8913
    795.1141
    797.3370
    799.5598
    801.7827
    804.0055
    806.2283
    808.4512
    810.6740
    812.8969
    815.1197
    817.3425
    819.5653
     -1.0000
     -1.0000
     -1.0000
     -1.0000
     -1.0000
     -1.0000
     -1.0000
     -1.0000
     -1.0000
   1051.7948
   1053.7186
   1055.6428
   1057.5667
   1059.4901
   1061.4130
   1063.3350
   1065.2559
   1067.1754
   1069.0934
   1071.0095
   1072.9233
   1074.8347
   1076.7430
   1078.6482
   1080.5494
   1082.4463
   1084.3383
   1086.2249
   1088.1051
   1089.9783
   1091.8438
   1093.7002
   1095.5469
   1097.3829
   1099.2072
   1101.0179
   1102.8138
   1104.5931
   1106.3541
   1107.6750
   1109.8135
   1111.5076
   1113.1750
   1114.8136
   1116.4187
   1117.9863
   1119.5145
   1121.0038
   1122.4529
   1123.8599
   1125.2230
   1126.5406
   1127.8113
   1129.0337
   1130.2069
   1131.3298
   1132.4017
   1133.4222
   1134.3906
   1135.3053
   1136.1663
   1136.9733
   1137.7260
   1138.4241
   1139.0671
   1139.6550
   1140.1874
   1140.6641
   1141.0851
   1141.4502
   1141.7593
   1142.0123
   1142.2091
   1142.3497
   1142.4342
   1142.4624
# Travel time at depth = 700.00 km.
     79.6958
     79.9170
     80.5709
     81.6423
     83.1150
     84.9708
     87.1824
     89.7185
     92.5476
     95.6402
     98.9688
    102.5060
    106.2257
    110.1041
    114.1198
    118.2530
    122.4854
    126.8000
    131.1813
    135.6148
    140.0873
    144.5875
    149.1063
    153.6370
    158.1745
    162.7154
    167.2572
    171.7977
    176.3355
    180.8694
    185.3987
    189.9224
    194.4400
    198.9503
    203.4518
    207.9432
    212.4226
    216.8894
    221.3461
    225.7943
    230.2348
    234.6682
    239.0948
    243.5148
    247.9282
    252.3348
    256.7344
    261.1263
    265.5098
    269.8836
    274.2468
    278.5984
    282.9379
    287.2649
    291.5793
    295.8813
    300.1705
    304.4469
    308.7104
    312.9605
    317.1973
    321.4205
    325.6298
    329.8250
    334.0057
    338.1719
    342.3234
    346.4602
    350.5822
    354.6895
    358.7820
    362.8594
    366.9217
    370.9686
    375.0001
    379.0160
    383.0163
    387.0009
    390.9696
    394.9224
    398.8593
    402.7802
    406.6851
    410.5738
    414.4464
    418.3028
    422.1430
    425.9668
    429.7743
    433.5654
    437.3399
    441.0981
    444.8398
    448.5654
    452.2749
    455.9682
    459.6453
    463.3059
    466.9499
    470.5771
    474.1875
    477.7810
    481.3577
    484.9177
    488.4610
    491.9878
    495.4980
    498.9915
    502.4684
    505.9285
    509.3717
    512.7979
    516.2072
    519.5996
    522.9752
    526.3340
    529.6761
    533.0016
    536.3106
    539.6031
    542.8790
    546.1382
    549.3807
    552.6066
    555.8156
    559.0078
    562.1831
    565.3416
    568.4832
    571.6078
    574.7156
    577.8063
    580.8802
    583.9371
    586.9772
    590.0002
    593.0063
    595.9954
    598.9673
    601.9219
    604.8589
    607.7784
    610.6804
    613.5649
    616.4323
    619.2825
    622.1157
    624.9319
    627.7310
    630.5132
    633.2783
    636.0263
    638.7570
    641.4701
    644.1653
    646.8423
    649.5012
    652.1422
    654.7653
    657.3708
    659.9588
    662.5287
    665.0798
    667.6117
    670.1243
    672.6187
    675.0958
    677.5565
    679.9996
    682.4207
    684.8097
    687.1770
    689.5328
    691.8795
    694.2186
    696.5509
    698.8770
    701.1976
    703.5133
    705.8250
    708.1331
    710.4378
    712.7390
    715.0361
    717.3282
    719.6145
    721.8947
    724.1686
    726.4364
    728.6977
    730.9521
    733.1996
    735.4396
    737.6721
    739.8972
    742.1200
    744.3428
    746.5657
    748.7885
    751.0114
    753.2342
    755.4570
    757.6799
    759.9027
    762.1255
    764.3483
    766.5712
    768.7940
    771.0168
    773.2397
    775.4625
    777.6854
    779.9082
    782.1310
    784.3539
    786.5767
    788.7996
    791.0223
    793.2452
    795.4680
    797.6909
    799.9137
    802.1365
    804.3594
    806.5822
    808.8051
    811.0279
     -1.0000
     -1.0000
     -1.0000
     -1.0000
     -1.0000
     -1.0000
     -1.0000
     -1.0000
     -1.0000
   1042.3588
   1044.2828
   1046.2070
   1048.1309
   1050.0542
   1051.9769
   1053.8987
   1055.8193
   1057.7385
   1059.6561
   1061.5718
   1063.4852
   1065.3960
   1067.3037
   1069.2081
   1071.1085
   1073.0045
   1074.8954
   1076.7808
   1078.6597
   1080.5314
   1082.3951
   1084.2498
   1086.0945
   1087.9282
   1089.7500
   1091.5580
   1093.3508
   1095.1268
   1095.3601
   1098.5646
   1100.3354
   1102.0248
   1103.6875
   1105.3207
   1106.9196
   1108.4807
   1110.0027
   1111.4857
   1112.9286
   1114.3292
   1115.6859
   1116.9972
   1118.2615
   1119.4777
   1120.6448
   1121.7617
   1122.8278
   1123.8429
   1124.8059
   1125.7155
   1126.5715
   1127.3740
   1128.1226
   1128.8165
   1129.4559
   1130.0404
   1130.5697
   1131.0437
   1131.4623
   1131.8253
   1132.1326
   1132.3840
   1132.5797
   1132.7196
   1132.8035
   1132.8315
# Distance-dependent modelling error(s)
   35    2
	0.0	0.2	0.5	1.0	2.0	3.0	4.0	8.0
	12.0	15.0	17.0	19.0	25.0	33.0	37.0	49.0
	57.0	65.0	79.0	83.0	91.0	93.0	97.0	101.0
	104.0	109.0	114.0	119.0	121.0	129.0	137.0	139.0
	142.0	145.0	180.0
	0.0	200.0
#
	0.1
	0.5
	1.0
	1.5
	2.1
	2.4
	2.6
	2.7
	2.9
	3.6
	3.0
	2.1
	1.4
	1.4
	1.3
	1.3
	1.2
	1.1
	1.1
	1.2 
	1.3
	1.4
	1.4
	2.0
	2.3
	2.6
	1.4
	1.4
	1.3
	1.3
	2.3
	3.3
	3.7
	1.8
	1.8
#
        0.7
        0.7
        0.7
        1.0
        1.5
        1.7
        1.8
        1.9
        2.0
        2.5
        2.1
        1.4
        1.0
        1.0
        0.9 
        0.9
        0.8 
        0.8
        0.8
        0.9
        1.1
        1.2
        1.2
        1.9
        2.2
        2.4
        1.2
        1.2
        1.1
        1.1
        2.2
        3.3
        3.7
        1.5
        1.5
#@(#)        ak135.P     2.2     08/21/96
