# ak135 travel-time table for phase: PKKKPdf_B (P3KPdf back branch)     
  8   Number of depth samples at the following depths (km):
    0.00   20.00   50.00  100.00  200.00  350.00  500.00  700.00
 37   Number of distance samples at the following distances (deg):
    0.00    5.00   10.00   15.00   20.00   25.00   30.00   35.00   40.00   45.00
   50.00   55.00   60.00   65.00   70.00   75.00   80.00   85.00   90.00   95.00
  100.00  105.00  110.00  115.00  120.00  125.00  130.00  135.00  140.00  145.00
  150.00  155.00  160.00  165.00  170.00  175.00  180.00
# Travel time at depth =   0.00 km.
   2413.1035
   2422.4639
   2431.7590
   2440.9785
   2450.1108
   2459.1418
   2468.0549
   2476.8333
   2485.4592
   2493.9136
   2502.1797
   2510.2297
   2518.0349
   2525.5854
   2532.8792
   2539.9043
   2546.6487
   2553.1025
   2559.2573
   2565.1064
   2570.6433
   2575.8640
   2580.7654
   2585.3394
   2589.5837
   2593.4973
   2597.0774
   2600.3218
   2603.2285
   2605.7964
   2608.0239
   2609.9106
   2611.4553
   2612.6570
   2613.5159
   2614.0315
   2614.2034
# Travel time at depth =  20.00 km.
   2409.6719
   2419.0320
   2428.3269
   2437.5461
   2446.6782
   2455.7087
   2464.6213
   2473.3992
   2482.0247
   2490.4785
   2498.7439
   2506.7932
   2514.5979
   2522.1477
   2529.4407
   2536.4651
   2543.2087
   2549.6619
   2555.8159
   2561.6643
   2567.2004
   2572.4207
   2577.3215
   2581.8948
   2586.1384
   2590.0518
   2593.6313
   2596.8752
   2599.7817
   2602.3491
   2604.5767
   2606.4629
   2608.0073
   2609.2090
   2610.0676
   2610.5833
   2610.7551
# Travel time at depth =  50.00 km.
   2405.5303
   2414.8899
   2424.1846
   2433.4031
   2442.5347
   2451.5645
   2460.4763
   2469.2532
   2477.8777
   2486.3306
   2494.5947
   2502.6426
   2510.4458
   2517.9941
   2525.2859
   2532.3088
   2539.0510
   2545.5027
   2551.6555
   2557.5027
   2563.0376
   2568.2566
   2573.1562
   2577.7285
   2581.9712
   2585.8835
   2589.4624
   2592.7053
   2595.6113
   2598.1780
   2600.4048
   2602.2908
   2603.8347
   2605.0361
   2605.8945
   2606.4099
   2606.5820
# Travel time at depth = 100.00 km.
   2399.3740
   2408.7329
   2418.0266
   2427.2441
   2436.3745
   2445.4031
   2454.3132
   2463.0886
   2471.7112
   2480.1619
   2488.4238
   2496.4695
   2504.2698
   2511.8157
   2519.1047
   2526.1252
   2532.8650
   2539.3140
   2545.4644
   2551.3091
   2556.8416
   2562.0583
   2566.9561
   2571.5261
   2575.7671
   2579.6775
   2583.2549
   2586.4966
   2589.4009
   2591.9666
   2594.1924
   2596.0776
   2597.6208
   2598.8215
   2599.6797
   2600.1948
   2600.3667
# Travel time at depth = 200.00 km.
   2387.2085
   2396.5659
   2405.8577
   2415.0732
   2424.2012
   2433.2268
   2442.1340
   2450.9058
   2459.5244
   2467.9709
   2476.2283
   2484.2686
   2492.0635
   2499.6040
   2506.8879
   2513.9031
   2520.6375
   2527.0813
   2533.2263
   2539.0662
   2544.5938
   2549.8059
   2554.6992
   2559.2651
   2563.5022
   2567.4092
   2570.9832
   2574.2217
   2577.1235
   2579.6868
   2581.9104
   2583.7939
   2585.3357
   2586.5354
   2587.3926
   2587.9072
   2588.0791
# Travel time at depth = 350.00 km.
   2369.8330
   2379.1877
   2388.4766
   2397.6887
   2406.8127
   2415.8337
   2424.7358
   2433.5017
   2442.1140
   2450.5535
   2458.8035
   2466.8350
   2474.6211
   2482.1528
   2489.4280
   2496.4343
   2503.1599
   2509.5950
   2515.7317
   2521.5632
   2527.0830
   2532.2878
   2537.1738
   2541.7329
   2545.9639
   2549.8647
   2553.4333
   2556.6670
   2559.5645
   2562.1238
   2564.3440
   2566.2244
   2567.7639
   2568.9617
   2569.8176
   2570.3315
   2570.5029
# Travel time at depth = 500.00 km.
   2353.8718
   2363.2239
   2372.5090
   2381.7173
   2390.8367
   2399.8525
   2408.7485
   2417.5078
   2426.1128
   2434.5442
   2442.7854
   2450.8071
   2458.5828
   2466.1047
   2473.3699
   2480.3662
   2487.0818
   2493.5071
   2499.6343
   2505.4563
   2510.9670
   2516.1633
   2521.0413
   2525.5928
   2529.8162
   2533.7107
   2537.2729
   2540.5010
   2543.3933
   2545.9482
   2548.1646
   2550.0417
   2551.5784
   2552.7742
   2553.6287
   2554.1416
   2554.3127
# Travel time at depth = 700.00 km.
   2334.4211
   2343.7683
   2353.0481
   2362.2500
   2371.3625
   2380.3701
   2389.2568
   2398.0059
   2406.5991
   2415.0183
   2423.2458
   2431.2524
   2439.0122
   2446.5188
   2453.7686
   2460.7493
   2467.4495
   2473.8596
   2479.9717
   2485.7795
   2491.2766
   2496.4595
   2501.3250
   2505.8643
   2510.0769
   2513.9609
   2517.5139
   2520.7334
   2523.6179
   2526.1658
   2528.3762
   2530.2483
   2531.7808
   2532.9731
   2533.8254
   2534.3369
   2534.5076
# Modelling error(s)
   1   1
#
   3.500
#@(#)        ak135.P3KPdf_B     2.1     06 Jun 1996
