# ak135 travel-time table for phase: PKKKKPbc (P4KPbc)
  8   Number of depth samples at the following depths (km):
    0.00   20.00   50.00  100.00  200.00  350.00  500.00  700.00
 24   Number of distance samples at the following distances (deg):
   42.00   48.00   54.00   60.00   66.00   72.00   78.00   84.00   90.00   96.00
  102.00  108.00  114.00  120.00  126.00  132.00  138.00  144.00  150.00  156.00
  162.00  168.00  174.00  180.00
# Travel time at depth =   0.00 km.
   2755.3335
   2780.3604
   2804.5369
   2828.0090
   2850.8308
   2873.0405
   2894.6609
   2915.7151
   2936.2197
   2956.1738
   2975.5840
   2994.4666
   3012.8257
   3030.6633
   3047.9858
   3064.7908
   3081.0723
   3096.8435
   3112.1252
   3126.9429
   3141.3335
   3155.3301
   3168.9502
   3182.2146
# Travel time at depth =  20.00 km.
   2751.9719
   2776.9919
   2801.1636
   2824.6313
   2847.4495
   2869.6555
   2891.2727
   2912.3237
   2932.8252
   2952.7766
   2972.1841
   2991.0640
   3009.4207
   3027.2559
   3044.5759
   3061.3784
   3077.6577
   3093.4268
   3108.7068
   3123.5227
   3137.9116
   3151.9070
   3165.5256
   3178.7891
# Travel time at depth =  50.00 km.
   2747.9646
   2772.9709
   2797.1333
   2820.5930
   2843.4036
   2865.6033
   2887.2139
   2908.2590
   2928.7546
   2948.7007
   2968.1028
   2986.9775
   3005.3293
   3023.1599
   3040.4756
   3057.2734
   3073.5486
   3089.3137
   3104.5898
   3119.4026
   3133.7886
   3147.7812
   3161.3975
   3174.6584
# Travel time at depth = 100.00 km.
   2742.0593
   2767.0408
   2791.1858
   2814.6304
   2837.4270
   2859.6138
   2881.2124
   2902.2466
   2922.7314
   2942.6670
   2962.0591
   2980.9246
   2999.2673
   3017.0891
   3034.3962
   3051.1860
   3067.4531
   3083.2109
   3098.4802
   3113.2866
   3127.6670
   3141.6548
   3155.2661
   3168.5232
# Travel time at depth = 200.00 km.
   2730.4121
   2755.3428
   2779.4521
   2802.8652
   2825.6335
   2847.7939
   2869.3677
   2890.3789
   2910.8416
   2930.7551
   2950.1270
   2968.9729
   2987.2969
   3005.1006
   3022.3904
   3039.1628
   3055.4133
   3071.1558
   3086.4109
   3101.2043
   3115.5735
   3129.5508
   3143.1523
   3156.4006
# Travel time at depth = 350.00 km.
   2713.8818
   2738.7334
   2762.7844
   2786.1460
   2808.8677
   2830.9846
   2852.5178
   2873.4910
   2893.9170
   2913.7952
   2933.1335
   2951.9475
   2970.2405
   2988.0144
   3005.2756
   3022.0200
   3038.2437
   3053.9607
   3069.1926
   3083.9651
   3098.3157
   3112.2756
   3125.8616
   3139.0955
# Travel time at depth = 500.00 km.
   2698.8843
   2723.6484
   2747.6331
   2770.9358
   2793.6040
   2815.6711
   2837.1580
   2858.0876
   2878.4717
   2898.3091
   2917.6089
   2936.3865
   2954.6438
   2972.3838
   2989.6121
   3006.3240
   3022.5168
   3038.2051
   3053.4106
   3068.1592
   3082.4885
   3096.4290
   3109.9966
   3123.2146
# Travel time at depth = 700.00 km.
   2680.9189
   2705.5535
   2729.4360
   2752.6472
   2775.2327
   2797.2227
   2818.6370
   2839.4993
   2859.8179
   2879.5918
   2898.8323
   2917.5530
   2935.7554
   2953.4424
   2970.6199
   2987.2817
   3003.4268
   3019.0708
   3034.2354
   3048.9470
   3063.2437
   3077.1543
   3090.6936
   3103.8867
# Modelling error(s)
   1   1
#
   4.500
#@(#)        ak135.P4KPbc     2.1     06 Jun 1996
