# ak135 travel-time table for phase: PKKKKPdf (P4KPdf)
  8   Number of depth samples at the following depths (km):
    0.00   20.00   50.00  100.00  200.00  350.00  500.00  700.00
 29   Number of distance samples at the following distances (deg):
   40.00   45.00   50.00   55.00   60.00   65.00   70.00   75.00   80.00   85.00
   90.00   95.00  100.00  105.00  110.00  115.00  120.00  125.00  130.00  135.00
  140.00  145.00  150.00  155.00  160.00  165.00  170.00  175.00  180.00
# Travel time at depth =   0.00 km.
   2900.5818
   2910.2024
   2919.8213
   2929.4368
   2939.0474
   2948.6514
   2958.2468
   2967.8315
   2977.4036
   2986.9602
   2996.4988
   3006.0161
   3015.5088
   3024.9729
   3034.4045
   3043.7986
   3053.1499
   3062.4529
   3071.7007
   3080.8887
   3090.0098
   3099.0557
   3108.0176
   3116.8867
   3125.6538
   3134.3093
   3142.8430
   3151.2454
   3159.5076
# Travel time at depth =  20.00 km.
   2897.1509
   2906.7717
   2916.3906
   2926.0061
   2935.6165
   2945.2205
   2954.8159
   2964.4006
   2973.9727
   2983.5293
   2993.0676
   3002.5850
   3012.0774
   3021.5415
   3030.9729
   3040.3669
   3049.7180
   3059.0208
   3068.2686
   3077.4563
   3086.5771
   3095.6228
   3104.5845
   3113.4531
   3122.2197
   3130.8750
   3139.4082
   3147.8101
   3156.0720
# Travel time at depth =  50.00 km.
   2893.0110
   2902.6316
   2912.2505
   2921.8660
   2931.4766
   2941.0803
   2950.6755
   2960.2603
   2969.8323
   2979.3887
   2988.9275
   2998.4441
   3007.9365
   3017.4004
   3026.8315
   3036.2251
   3045.5762
   3054.8784
   3064.1257
   3073.3132
   3082.4336
   3091.4785
   3100.4397
   3109.3079
   3118.0737
   3126.7283
   3135.2607
   3143.6619
   3151.9229
# Travel time at depth = 100.00 km.
   2886.8577
   2896.4783
   2906.0972
   2915.7126
   2925.3230
   2934.9268
   2944.5220
   2954.1064
   2963.6782
   2973.2344
   2982.7725
   2992.2893
   3001.7815
   3011.2449
   3020.6755
   3030.0686
   3039.4192
   3048.7207
   3057.9675
   3067.1541
   3076.2734
   3085.3176
   3094.2776
   3103.1445
   3111.9094
   3120.5623
   3129.0935
   3137.4929
   3145.7524
# Travel time at depth = 200.00 km.
   2874.6982
   2884.3191
   2893.9377
   2903.5530
   2913.1633
   2922.7668
   2932.3618
   2941.9460
   2951.5173
   2961.0732
   2970.6108
   2980.1270
   2989.6184
   2999.0811
   3008.5107
   3017.9028
   3027.2520
   3036.5522
   3045.7976
   3054.9824
   3064.1001
   3073.1423
   3082.1001
   3090.9646
   3099.7268
   3108.3770
   3116.9050
   3125.3015
   3133.5574
# Travel time at depth = 350.00 km.
   2857.3330
   2866.9539
   2876.5725
   2886.1875
   2895.7976
   2905.4006
   2914.9951
   2924.5789
   2934.1497
   2943.7048
   2953.2415
   2962.7566
   2972.2468
   2981.7080
   2991.1365
   3000.5266
   3009.8740
   3019.1721
   3028.4148
   3037.5972
   3046.7117
   3055.7505
   3064.7046
   3073.5652
   3082.3232
   3090.9688
   3099.4917
   3107.8831
   3116.1335
# Travel time at depth = 500.00 km.
   2841.3840
   2851.0046
   2860.6230
   2870.2380
   2879.8477
   2889.4504
   2899.0444
   2908.6277
   2918.1975
   2927.7517
   2937.2874
   2946.8015
   2956.2903
   2965.7502
   2975.1765
   2984.5649
   2993.9099
   3003.2053
   3012.4453
   3021.6245
   3030.7358
   3039.7708
   3048.7207
   3057.5769
   3066.3298
   3074.9700
   3083.4875
   3091.8728
   3100.1169
# Travel time at depth = 700.00 km.
   2821.9519
   2831.5723
   2841.1907
   2850.8052
   2860.4143
   2870.0166
   2879.6099
   2889.1921
   2898.7607
   2908.3137
   2917.8479
   2927.3601
   2936.8469
   2946.3042
   2955.7280
   2965.1133
   2974.4546
   2983.7461
   2992.9817
   3002.1562
   3011.2620
   3020.2910
   3029.2346
   3038.0835
   3046.8289
   3055.4607
   3063.9692
   3072.3452
   3080.5796
# Modelling error(s)
   1   1
#
   4.200
#@(#)        ak135.P4KPdf     2.1     06 Jun 1996
