# ak135 travel-time table for phase: PKKKKPdf_B (P4KPdf back branch)
  8   Number of depth samples at the following depths (km):
    0.00   20.00   50.00  100.00  200.00  350.00  500.00  700.00
 37   Number of distance samples at the following distances (deg):
    0.00    5.00   10.00   15.00   20.00   25.00   30.00   35.00   40.00   45.00
   50.00   55.00   60.00   65.00   70.00   75.00   80.00   85.00   90.00   95.00
  100.00  105.00  110.00  115.00  120.00  125.00  130.00  135.00  140.00  145.00
  150.00  155.00  160.00  165.00  170.00  175.00  180.00
# Travel time at depth =   0.00 km.
   3315.0415
   3314.9167
   3314.5435
   3313.9214
   3313.0508
   3311.9319
   3310.5647
   3308.9492
   3307.0864
   3304.9763
   3302.6196
   3300.0168
   3297.1685
   3294.0754
   3290.7385
   3287.1584
   3283.3367
   3279.2747
   3274.9734
   3270.4336
   3265.6555
   3260.6426
   3255.3997
   3249.9275
   3244.2273
   3238.3025
   3232.1562
   3225.7922
   3219.2146
   3212.4275
   3205.4363
   3198.2473
   3190.8672
   3183.3015
   3175.5500
   3167.6150
   3159.5076
# Travel time at depth =  20.00 km.
   3311.5933
   3311.4688
   3311.0952
   3310.4731
   3309.6028
   3308.4839
   3307.1167
   3305.5017
   3303.6389
   3301.5291
   3299.1726
   3296.5701
   3293.7219
   3290.6292
   3287.2925
   3283.7129
   3279.8914
   3275.8296
   3271.5288
   3266.9895
   3262.2117
   3257.1992
   3251.9568
   3246.4851
   3240.7854
   3234.8611
   3228.7153
   3222.3521
   3215.7747
   3208.9883
   3201.9976
   3194.8091
   3187.4294
   3179.8643
   3172.1133
   3164.1787
   3156.0720
# Travel time at depth =  50.00 km.
   3307.4202
   3307.2954
   3306.9221
   3306.3003
   3305.4299
   3304.3113
   3302.9443
   3301.3296
   3299.4670
   3297.3574
   3295.0015
   3292.3994
   3289.5520
   3286.4597
   3283.1235
   3279.5447
   3275.7236
   3271.6626
   3267.3625
   3262.8240
   3258.0471
   3253.0354
   3247.7937
   3242.3230
   3236.6243
   3230.7009
   3224.5562
   3218.1938
   3211.6174
   3204.8320
   3197.8423
   3190.6548
   3183.2761
   3175.7122
   3167.9622
   3160.0286
   3151.9229
# Travel time at depth = 100.00 km.
   3301.2048
   3301.0803
   3300.7070
   3300.0854
   3299.2153
   3298.0969
   3296.7307
   3295.1162
   3293.2544
   3291.1455
   3288.7903
   3286.1892
   3283.3425
   3280.2512
   3276.9163
   3273.3384
   3269.5188
   3265.4590
   3261.1604
   3256.6233
   3251.8479
   3246.8376
   3241.5977
   3236.1287
   3230.4316
   3224.5100
   3218.3672
   3212.0063
   3205.4321
   3198.6484
   3191.6606
   3184.4751
   3177.0981
   3169.5359
   3161.7881
   3153.8564
   3145.7524
# Travel time at depth = 200.00 km.
   3288.9170
   3288.7925
   3288.4197
   3287.7983
   3286.9290
   3285.8113
   3284.4458
   3282.8328
   3280.9722
   3278.8647
   3276.5110
   3273.9116
   3271.0669
   3267.9778
   3264.6450
   3261.0696
   3257.2524
   3253.1953
   3248.8997
   3244.3655
   3239.5933
   3234.5862
   3229.3496
   3223.8838
   3218.1904
   3212.2725
   3206.1333
   3199.7766
   3193.2061
   3186.4263
   3179.4424
   3172.2607
   3164.8877
   3157.3293
   3149.5854
   3141.6577
   3133.5574
# Travel time at depth = 350.00 km.
   3271.3411
   3271.2168
   3270.8440
   3270.2236
   3269.3552
   3268.2388
   3266.8750
   3265.2634
   3263.4050
   3261.3000
   3258.9490
   3256.3523
   3253.5107
   3250.4250
   3247.0959
   3243.5244
   3239.7114
   3235.6589
   3231.3677
   3226.8384
   3222.0713
   3217.0696
   3211.8384
   3206.3784
   3200.6909
   3194.7788
   3188.6460
   3182.2952
   3175.7310
   3168.9578
   3161.9802
   3154.8049
   3147.4382
   3139.8862
   3132.1489
   3124.2278
   3116.1335
# Travel time at depth = 500.00 km.
   3255.1509
   3255.0266
   3254.6545
   3254.0347
   3253.1675
   3252.0525
   3250.6904
   3249.0811
   3247.2249
   3245.1226
   3242.7744
   3240.1812
   3237.3433
   3234.2615
   3230.9365
   3227.3694
   3223.5613
   3219.5137
   3215.2278
   3210.7041
   3205.9429
   3200.9473
   3195.7222
   3190.2686
   3184.5876
   3178.6826
   3172.5566
   3166.2131
   3159.6560
   3152.8899
   3145.9199
   3138.7517
   3131.3923
   3123.8477
   3116.1177
   3108.2039
   3100.1169
# Travel time at depth = 700.00 km.
   3235.3457
   3235.2217
   3234.8503
   3234.2319
   3233.3662
   3232.2534
   3230.8940
   3229.2878
   3227.4353
   3225.3372
   3222.9937
   3220.4055
   3217.5732
   3214.4973
   3211.1787
   3207.6187
   3203.8176
   3199.7778
   3195.5000
   3190.9849
   3186.2329
   3181.2463
   3176.0310
   3170.5874
   3164.9167
   3159.0222
   3152.9070
   3146.5745
   3140.0286
   3133.2739
   3126.3149
   3119.1582
   3111.8098
   3104.2764
   3096.5581
   3088.6558
   3080.5796
# Modelling error(s)
   1   1
#
   4.200
#@(#)        ak135.P4KPdf_B     2.1     06 Jun 1996
