# ak135 travel-time table for phase: PKKKKKPbc_B (P5KPbc back branch)
  8   Number of depth samples at the following depths (km):
    0.00   20.00   50.00  100.00  200.00  350.00  500.00  700.00
 30   Number of distance samples at the following distances (deg):
   35.00   40.00   45.00   50.00   55.00   60.00   65.00   70.00   75.00   80.00
   85.00   90.00   95.00  100.00  105.00  110.00  115.00  120.00  125.00  130.00
  135.00  140.00  145.00  150.00  155.00  160.00  165.00  170.00  175.00  180.00
# Travel time at depth =   0.00 km.
   3877.2197
   3866.7742
   3856.1504
   3845.3577
   3834.3933
   3823.2456
   3811.9021
   3800.3567
   3788.6042
   3776.6387
   3764.4492
   3752.0212
   3739.3435
   3726.4087
   3713.2078
   3699.7356
   3685.9863
   3671.9580
   3657.6541
   3643.0776
   3628.2275
   3613.1018
   3597.6990
   3582.0200
   3566.0649
   3549.8296
   3533.3088
   3516.4995
   3499.4031
   3482.0208
# Travel time at depth =  20.00 km.
   3873.7917
   3863.3469
   3852.7236
   3841.9319
   3830.9683
   3819.8213
   3808.4788
   3796.9341
   3785.1824
   3773.2180
   3761.0295
   3748.6028
   3735.9263
   3722.9927
   3709.7932
   3696.3223
   3682.5745
   3668.5479
   3654.2454
   3639.6704
   3624.8218
   3609.6975
   3594.2966
   3578.6191
   3562.6658
   3546.4321
   3529.9131
   3513.1060
   3496.0112
   3478.6306
# Travel time at depth =  50.00 km.
   3869.6570
   3859.2134
   3848.5916
   3837.8010
   3826.8389
   3815.6934
   3804.3525
   3792.8096
   3781.0598
   3769.0972
   3756.9106
   3744.4861
   3731.8120
   3718.8809
   3705.6841
   3692.2158
   3678.4707
   3664.4468
   3650.1472
   3635.5752
   3620.7295
   3605.6084
   3590.2104
   3574.5364
   3558.5859
   3542.3557
   3525.8403
   3509.0366
   3491.9456
   3474.5686
# Travel time at depth = 100.00 km.
   3863.5134
   3853.0725
   3842.4531
   3831.6650
   3820.7056
   3809.5630
   3798.2251
   3786.6853
   3774.9387
   3762.9797
   3750.7971
   3738.3767
   3725.7070
   3712.7803
   3699.5884
   3686.1250
   3672.3853
   3658.3667
   3644.0725
   3629.5056
   3614.6658
   3599.5503
   3584.1582
   3568.4897
   3552.5457
   3536.3218
   3519.8127
   3503.0156
   3485.9314
   3468.5613
# Travel time at depth = 200.00 km.
   3851.3743
   3840.9390
   3830.3247
   3819.5415
   3808.5874
   3797.4507
   3786.1191
   3774.5859
   3762.8464
   3750.8945
   3738.7200
   3726.3079
   3713.6472
   3700.7300
   3687.5481
   3674.0952
   3660.3662
   3646.3586
   3632.0754
   3617.5200
   3602.6914
   3587.5879
   3572.2078
   3556.5518
   3540.6201
   3524.4092
   3507.9138
   3491.1304
   3474.0601
   3456.7041
# Travel time at depth = 350.00 km.
   3834.0420
   3823.6152
   3813.0095
   3802.2349
   3791.2893
   3780.1624
   3768.8413
   3757.3188
   3745.5906
   3733.6506
   3721.4888
   3709.0908
   3696.4448
   3683.5432
   3670.3777
   3656.9419
   3643.2305
   3629.2410
   3614.9758
   3600.4390
   3585.6294
   3570.5452
   3555.1848
   3539.5491
   3523.6379
   3507.4485
   3490.9751
   3474.2146
   3457.1672
   3439.8345
# Travel time at depth = 500.00 km.
     -1.0000
   3807.7134
   3797.1172
   3786.3521
   3775.4167
   3764.3008
   3752.9915
   3741.4814
   3729.7661
   3717.8398
   3705.6926
   3693.3105
   3680.6814
   3667.7976
   3654.6506
   3641.2344
   3627.5432
   3613.5745
   3599.3303
   3584.8142
   3570.0264
   3554.9646
   3539.6270
   3524.0144
   3508.1270
   3491.9619
   3475.5142
   3458.7795
   3441.7588
   3424.4529
# Travel time at depth = 700.00 km.
     -1.0000
   3788.3533
   3777.7725
   3767.0217
   3756.1021
   3745.0032
   3733.7119
   3722.2212
   3710.5256
   3698.6204
   3686.4958
   3674.1384
   3661.5354
   3648.6790
   3635.5610
   3622.1748
   3608.5154
   3594.5784
   3580.3667
   3565.8835
   3551.1294
   3536.1021
   3520.8000
   3505.2234
   3489.3726
   3473.2456
   3456.8376
   3440.1436
   3423.1638
   3405.8999
# Modelling error(s)
   1   1
#
   5.000
#@(#)        ak135.P5KPbc_B     2.1     06 Jun 1996
