# ak135 travel-time table for phase: PKKKKKPdf_C (P5KPdf 2nd back branch)
  8   Number of depth samples at the following depths (km):
    0.00   20.00   50.00  100.00  200.00  350.00  500.00  700.00
 31   Number of distance samples at the following distances (deg):
    0.00    6.00   12.00   18.00   24.00   30.00   36.00   42.00   48.00   54.00
   60.00   66.00   72.00   78.00   84.00   90.00   96.00  102.00  108.00  114.00
  120.00  126.00  132.00  138.00  144.00  150.00  156.00  162.00  168.00  174.00
  180.00
# Travel time at depth =   0.00 km.
   3891.7617
   3899.7192
   3907.4365
   3914.9089
   3922.1328
   3929.1047
   3935.8210
   3942.2786
   3948.4775
   3954.4155
   3960.0867
   3965.4888
   3970.6216
   3975.4844
   3980.0759
   3984.3948
   3988.4392
   3992.2085
   3995.7019
   3998.9185
   4001.8572
   4004.5181
   4006.9001
   4009.0032
   4010.8264
   4012.3696
   4013.6328
   4014.6152
   4015.3174
   4015.7388
   4015.8796
# Travel time at depth =  20.00 km.
   3888.3220
   3896.2791
   3903.9958
   3911.4678
   3918.6912
   3925.6626
   3932.3784
   3938.8357
   3945.0342
   3950.9717
   3956.6423
   3962.0442
   3967.1765
   3972.0391
   3976.6304
   3980.9487
   3984.9929
   3988.7620
   3992.2551
   3995.4714
   3998.4099
   4001.0706
   4003.4526
   4005.5557
   4007.3787
   4008.9216
   4010.1846
   4011.1672
   4011.8691
   4012.2905
   4012.4314
# Travel time at depth =  50.00 km.
   3884.1650
   3892.1211
   3899.8369
   3907.3081
   3914.5305
   3921.5010
   3928.2161
   3934.6724
   3940.8701
   3946.8066
   3952.4768
   3957.8779
   3963.0095
   3967.8713
   3972.4622
   3976.7798
   3980.8235
   3984.5920
   3988.0847
   3991.3005
   3994.2388
   3996.8989
   3999.2808
   4001.3833
   4003.2061
   4004.7490
   4006.0117
   4006.9941
   4007.6960
   4008.1174
   4008.2581
# Travel time at depth = 100.00 km.
   3877.9800
   3885.9343
   3893.6484
   3901.1177
   3908.3386
   3915.3074
   3922.0208
   3928.4756
   3934.6719
   3940.6072
   3946.2759
   3951.6755
   3956.8059
   3961.6665
   3966.2561
   3970.5728
   3974.6152
   3978.3828
   3981.8748
   3985.0896
   3988.0271
   3990.6868
   3993.0679
   3995.1699
   3996.9922
   3998.5347
   3999.7971
   4000.7793
   4001.4810
   4001.9023
   4002.0430
# Travel time at depth = 200.00 km.
   3865.7549
   3873.7056
   3881.4160
   3888.8818
   3896.0991
   3903.0647
   3909.7747
   3916.2263
   3922.4194
   3928.3516
   3934.0173
   3939.4143
   3944.5420
   3949.4001
   3953.9873
   3958.3018
   3962.3420
   3966.1077
   3969.5977
   3972.8110
   3975.7468
   3978.4050
   3980.7849
   3982.8857
   3984.7070
   3986.2488
   3987.5105
   3988.4922
   3989.1934
   3989.6145
   3989.7551
# Travel time at depth = 350.00 km.
   3848.2815
   3856.2261
   3863.9307
   3871.3906
   3878.6023
   3885.5623
   3892.2668
   3898.7131
   3904.9011
   3910.8286
   3916.4895
   3921.8818
   3927.0054
   3931.8591
   3936.4424
   3940.7532
   3944.7900
   3948.5525
   3952.0393
   3955.2498
   3958.1831
   3960.8389
   3963.2168
   3965.3157
   3967.1355
   3968.6758
   3969.9365
   3970.9172
   3971.6179
   3972.0386
   3972.1790
# Travel time at depth = 500.00 km.
   3832.2083
   3840.1460
   3847.8440
   3855.2974
   3862.5024
   3869.4561
   3876.1543
   3882.5947
   3888.7769
   3894.6987
   3900.3542
   3905.7412
   3910.8596
   3915.7090
   3920.2876
   3924.5940
   3928.6270
   3932.3857
   3935.8691
   3939.0764
   3942.0068
   3944.6599
   3947.0354
   3949.1323
   3950.9504
   3952.4890
   3953.7485
   3954.7283
   3955.4282
   3955.8486
   3955.9888
# Travel time at depth = 700.00 km.
   3812.5837
   3820.5110
   3828.1982
   3835.6414
   3842.8364
   3849.7803
   3856.4690
   3862.9001
   3869.0735
   3874.9866
   3880.6335
   3886.0127
   3891.1235
   3895.9653
   3900.5374
   3904.8372
   3908.8640
   3912.6169
   3916.0952
   3919.2974
   3922.2234
   3924.8723
   3927.2441
   3929.3379
   3931.1531
   3932.6895
   3933.9468
   3934.9250
   3935.6240
   3936.0437
   3936.1838
# Modelling error(s)
   1   1
#
   4.700
#@(#)        ak135.P5KPdf_C     2.1     06 Jun 1996
