# ak135 travel-time table for phase: PKKKKKPdf_B (P5KPdf 1st back branch)
  8   Number of depth samples at the following depths (km):
    0.00   20.00   50.00  100.00  200.00  350.00  500.00  700.00
 31   Number of distance samples at the following distances (deg):
    0.00    6.00   12.00   18.00   24.00   30.00   36.00   42.00   48.00   54.00
   60.00   66.00   72.00   78.00   84.00   90.00   96.00  102.00  108.00  114.00
  120.00  126.00  132.00  138.00  144.00  150.00  156.00  162.00  168.00  174.00
  180.00
# Travel time at depth =   0.00 km.
   3891.7617
   3883.5688
   3875.1462
   3866.5005
   3857.6387 
   3848.5669 
   3839.2847 
   3829.7935 
   3820.1045 
   3810.2346 
   3800.2019 
   3790.0166 
   3779.6882 
   3769.2280 
   3758.6460 
   3747.9526 
   3737.1572 
   3726.2700 
   3715.2996 
   3704.2551 
   3693.1433 
   3681.9697 
   3670.7417 
   3659.4653 
   3648.1462 
   3636.7896 
   3625.4001 
   3613.9819 
   3602.5391 
   3591.0747 
   3579.5923 
# Travel time at depth =  20.00 km.
   3888.3220
   3880.1296 
   3871.7075 
   3863.0623 
   3854.2009 
   3845.1296 
   3835.8479 
   3826.3572 
   3816.6687 
   3806.7993 
   3796.7671 
   3786.5823 
   3776.2542 
   3765.7942 
   3755.2126 
   3744.5195 
   3733.7244 
   3722.8374 
   3711.8672 
   3700.8230 
   3689.7112 
   3678.5381 
   3667.3101 
   3656.0337 
   3644.7148
   3633.3584
   3621.9690
   3610.5510
   3599.1082
   3587.6438
   3576.1611
# Travel time at depth =  50.00 km.
   3884.1650
   3875.9736
   3867.5525
   3858.9080
   3850.0476
   3840.9773
   3831.6965
   3822.2070
   3812.5193
   3802.6506
   3792.6191
   3782.4351
   3772.1079
   3761.6487
   3751.0676
   3740.3750
   3729.5806
   3718.6938
   3707.7241
   3696.6802
   3685.5691
   3674.3960
   3663.1685
   3651.8923
   3640.5735
   3629.2173
   3617.8281
   3606.4102
   3594.9675
   3583.5034
   3572.0210
# Travel time at depth = 100.00 km.
   3877.9800
   3869.7903
   3861.3708
   3852.7283
   3843.8696
   3834.8010
   3825.5222
   3816.0344
   3806.3484
   3796.4814
   3786.4514
   3776.2688
   3765.9429
   3755.4849
   3744.9050
   3734.2134
   3723.4199
   3712.5342
   3701.5652
   3690.5220
   3679.4114
   3668.2393
   3657.0120
   3645.7363
   3634.4182
   3623.0623
   3611.6733
   3600.2556
   3588.8132
   3577.3494
   3565.8669
# Travel time at depth = 200.00 km.
   3865.7549
   3857.5688
   3849.1531
   3840.5142
   3831.6592
   3822.5942
   3813.3191
   3803.8350
   3794.1528
   3784.2891
   3774.2620
   3764.0823
   3753.7590
   3743.3035
   3732.7261
   3722.0369
   3711.2454
   3700.3613
   3689.3943
   3678.3525
   3667.2434
   3656.0723
   3644.8462
   3633.5718
   3622.2542
   3610.8992
   3599.5110
   3588.0940
   3576.6519
   3565.1885
   3553.7065
# Travel time at depth = 350.00 km.
   3848.2815
   3840.1016
   3831.6917
   3823.0588
   3814.2097
   3805.1509
   3795.8821
   3786.4041
   3776.7275
   3766.8691
   3756.8472
   3746.6721
   3736.3535
   3725.9023
   3715.3286
   3704.6431
   3693.8550
   3682.9741
   3672.0095
   3660.9705
   3649.8635
   3638.6946
   3627.4702
   3616.1975
   3604.8813
   3593.5276
   3582.1404
   3570.7244
   3559.2832
   3547.8206
   3536.3394
# Travel time at depth = 500.00 km.
   3832.2083
   3824.0352
   3815.6323
   3807.0063
   3798.1641
   3789.1118
   3779.8501
   3770.3792
   3760.7095
   3750.8572
   3740.8411
   3730.6716
   3720.3582
   3709.9116
   3699.3425
   3688.6611
   3677.8767
   3666.9995
   3656.0381
   3645.0017
   3633.8975
   3622.7310
   3611.5088
   3600.2378
   3588.9236
   3577.5710
   3566.1853
   3554.7705
   3543.3303
   3531.8684
   3520.3877
# Travel time at depth = 700.00 km.
   3812.5837
   3804.4211
   3796.0291
   3787.4136
   3778.5818
   3769.5403
   3760.2896
   3750.8293
   3741.1702
   3731.3274
   3721.3201
   3711.1592
   3700.8538
   3690.4148
   3679.8528
   3669.1777
   3658.3994
   3647.5276
   3636.5710
   3625.5393
   3614.4390
   3603.2761
   3592.0574
   3580.7893
   3569.4778
   3558.1274
   3546.7439
   3535.3306
   3523.8921
   3512.4314
   3500.9519
# Modelling error(s)
   1   1
#
   4.700
#@(#)        ak135.P5KPdf_B     2.1     06 Jun 1996
