# ak135 travel-time table for phase: PKKKKKKKPdf_B (P7KPdf 1st back branch) 
  8   Number of depth samples at the following depths (km):
    0.00   20.00   50.00  100.00  200.00  350.00  500.00  700.00
 37   Number of distance samples at the following distances (deg):
    0.00    5.00   10.00   15.00   20.00   25.00   30.00   35.00   40.00   45.00
   50.00   55.00   60.00   65.00   70.00   75.00   80.00   85.00   90.00   95.00
  100.00  105.00  110.00  115.00  120.00  125.00  130.00  135.00  140.00  145.00
  150.00  155.00  160.00  165.00  170.00  175.00  180.00
# Travel time at depth =   0.00 km.
   4745.5630
   4755.1680
   4764.7686
   4774.3638
   4783.9531
   4793.5361
   4803.1118
   4812.6792
   4822.2383
   4831.7871
   4841.3257
   4850.8521
   4860.3662
   4869.8662
   4879.3511
   4888.8198
   4898.2710
   4907.7026
   4917.1143
   4926.5034
   4935.8687
   4945.2085
   4954.5205
   4963.8027
   4973.0537
   4982.2715
   4991.4541
   5000.6001
   5009.7065
   5018.7705
   5027.7896
   5036.7612
   5045.6821
   5054.5498
   5063.3613
   5072.1143
   5080.8052
# Travel time at depth =  20.00 km.
   4742.1323
   4751.7373
   4761.3374
   4770.9326
   4780.5220
   4790.1050
   4799.6807
   4809.2485
   4818.8071
   4828.3560
   4837.8945
   4847.4209
   4856.9351
   4866.4351
   4875.9199
   4885.3887
   4894.8394
   4904.2715
   4913.6826
   4923.0718
   4932.4370
   4941.7764
   4951.0884
   4960.3706
   4969.6216
   4978.8389
   4988.0220
   4997.1675
   5006.2739
   5015.3379
   5024.3564
   5033.3276
   5042.2485
   5051.1162
   5059.9277
   5068.6802
   5077.3706
# Travel time at depth =  50.00 km.
   4737.9922
   4747.5972
   4757.1973
   4766.7925
   4776.3818
   4785.9648
   4795.5405
   4805.1079
   4814.6665
   4824.2158
   4833.7539
   4843.2803
   4852.7939
   4862.2939
   4871.7788
   4881.2476
   4890.6982
   4900.1299
   4909.5410
   4918.9297
   4928.2949
   4937.6343
   4946.9463
   4956.2280
   4965.4785
   4974.6963
   4983.8789
   4993.0244
   5002.1304
   5011.1938
   5020.2124
   5029.1831
   5038.1040
   5046.9712
   5055.7822
   5064.5342
   5073.2246
# Travel time at depth = 100.00 km.
   4731.8389
   4741.4434
   4751.0439
   4760.6387
   4770.2280
   4779.8110
   4789.3862
   4798.9541
   4808.5127
   4818.0615
   4827.5996
   4837.1260
   4846.6392
   4856.1392
   4865.6235
   4875.0918
   4884.5425
   4893.9741
   4903.3848
   4912.7734
   4922.1382
   4931.4775
   4940.7886
   4950.0703
   4959.3203
   4968.5376
   4977.7197
   4986.8647
   4995.9702
   5005.0332
   5014.0513
   5023.0215
   5031.9414
   5040.8081
   5049.6187
   5058.3696
   5067.0596
# Travel time at depth = 200.00 km.
   4719.6792
   4729.2837
   4738.8838
   4748.4790
   4758.0679
   4767.6504
   4777.2261
   4786.7930
   4796.3516
   4805.8999
   4815.4380
   4824.9639
   4834.4771
   4843.9766
   4853.4604
   4862.9282
   4872.3784
   4881.8096
   4891.2197
   4900.6079
   4909.9717
   4919.3101
   4928.6211
   4937.9019
   4947.1509
   4956.3672
   4965.5483
   4974.6924
   4983.7969
   4992.8589
   5001.8760
   5010.8447
   5019.7632
   5028.6284
   5037.4375
   5046.1875
   5054.8755
# Travel time at depth = 350.00 km.
   4702.3135
   4711.9175
   4721.5176
   4731.1123
   4740.7012
   4750.2837
   4759.8584
   4769.4253
   4778.9834
   4788.5312
   4798.0688
   4807.5942
   4817.1069
   4826.6055
   4836.0889
   4845.5562
   4855.0054
   4864.4355
   4873.8447
   4883.2319
   4892.5947
   4901.9321
   4911.2417
   4920.5210
   4929.7690
   4938.9839
   4948.1636
   4957.3062
   4966.4087
   4975.4688
   4984.4839
   4993.4507
   5002.3672
   5011.2305
   5020.0371
   5028.7847
   5037.4697
# Travel time at depth = 500.00 km.
   4686.3633
   4695.9678
   4705.5674
   4715.1616
   4724.7500
   4734.3320
   4743.9067
   4753.4731
   4763.0308
   4772.5781
   4782.1147
   4791.6396
   4801.1519
   4810.6499
   4820.1323
   4829.5986
   4839.0474
   4848.4761
   4857.8848
   4867.2705
   4876.6323
   4885.9683
   4895.2764
   4904.5542
   4913.8008
   4923.0137
   4932.1919
   4941.3325
   4950.4331
   4959.4912
   4968.5039
   4977.4688
   4986.3823
   4995.2432
   5004.0469
   5012.7915
   5021.4741
# Travel time at depth = 700.00 km.
   4666.9302
   4676.5342
   4686.1333
   4695.7271
   4705.3154
   4714.8965
   4724.4707
   4734.0366
   4743.5933
   4753.1401
   4762.6758
   4772.1997
   4781.7109
   4791.2075
   4800.6890
   4810.1538
   4819.6011
   4829.0283
   4838.4351
   4847.8193
   4857.1792
   4866.5132
   4875.8188
   4885.0947
   4894.3384
   4903.5488
   4912.7241
   4921.8618
   4930.9595
   4940.0146
   4949.0239
   4957.9849
   4966.8950
   4975.7515
   4984.5518
   4993.2920
   5001.9702
# Modelling error(s)
   1   1
#
   5.600
#@(#)        ak135.P7KPdf_B     2.1     06 Jun 1996
