# ak135 travel-time table for phase: PKKKKKKKPbc_B (P7KPbc 1st back branch) 
  8   Number of depth samples at the following depths (km):
    0.00   20.00   50.00  100.00  200.00  350.00  500.00  700.00
 31   Number of distance samples at the following distances (deg):
    0.00    6.00   12.00   18.00   24.00   30.00   36.00   42.00   48.00   54.00
   60.00   66.00   72.00   78.00   84.00   90.00   96.00  102.00  108.00  114.00
  120.00  126.00  132.00  138.00  144.00  150.00  156.00  162.00  168.00  174.00
  180.00
# Travel time at depth =   0.00 km.
   4571.2661
   4592.9746
   4614.3994
   4635.5454
   4656.4165
   4677.0122
   4697.3320
   4717.3745
   4737.1382
   4756.6260
   4775.8418
   4794.7886
   4813.4663
   4831.8750
   4850.0137
   4867.8828
   4885.4844
   4902.8188
   4919.8853
   4936.6816
   4953.2036
   4969.4536
   4985.4346
   5001.1514
   5016.6079
   5031.8120
   5046.7686
   5061.4858
   5075.9751
   5090.2471
   5104.3086
# Travel time at depth =  20.00 km.
   4567.8809
   4589.5879
   4611.0112
   4632.1558
   4653.0249
   4673.6191
   4693.9375
   4713.9785
   4733.7407
   4753.2271
   4772.4414
   4791.3867
   4810.0635
   4828.4707
   4846.6079
   4864.4761
   4882.0762
   4899.4092
   4916.4751
   4933.2695
   4949.7910
   4966.0396
   4982.0195
   4997.7349
   5013.1904
   5028.3936
   5043.3491
   5058.0654
   5072.5537
   5086.8252
   5100.8857
# Travel time at depth =  50.00 km.
   4563.8281
   4585.5312
   4606.9517
   4628.0933
   4648.9595
   4669.5513
   4689.8667
   4709.9043
   4729.6641
   4749.1479
   4768.3594
   4787.3022
   4805.9766
   4824.3813
   4842.5161
   4860.3813
   4877.9790
   4895.3101
   4912.3735
   4929.1660
   4945.6846
   4961.9312
   4977.9092
   4993.6221
   5009.0762
   5024.2769
   5039.2310
   5053.9453
   5068.4321
   5082.7017
   5096.7612
# Travel time at depth = 100.00 km.
   4557.8374
   4579.5352
   4600.9497
   4622.0854
   4642.9463
   4663.5322
   4683.8423
   4703.8750
   4723.6294
   4743.1084
   4762.3149
   4781.2529
   4799.9224
   4818.3223
   4836.4526
   4854.3135
   4871.9067
   4889.2334
   4906.2920
   4923.0801
   4939.5947
   4955.8369
   4971.8110
   4987.5205
   5002.9707
   5018.1680
   5033.1182
   5047.8296
   5062.3135
   5076.5801
   5090.6367
# Travel time at depth = 200.00 km.
   4546.0156
   4567.7012
   4589.1035
   4610.2280
   4631.0771
   4651.6523
   4671.9512
   4691.9727
   4711.7163
   4731.1846
   4750.3809
   4769.3086
   4787.9683
   4806.3584
   4824.4790
   4842.3306
   4859.9146
   4877.2319
   4894.2822
   4911.0610
   4927.5669
   4943.8008
   4959.7661
   4975.4673
   4990.9097
   5006.0996
   5021.0430
   5035.7476
   5050.2251
   5064.4858
   5078.5371
# Travel time at depth = 350.00 km.
   4529.2046
   4550.8696
   4572.2524
   4593.3579
   4614.1885
   4634.7446
   4655.0254
   4675.0288
   4694.7549
   4714.2056
   4733.3853
   4752.2964
   4770.9399
   4789.3140
   4807.4189
   4825.2549
   4842.8237
   4860.1260
   4877.1611
   4893.9258
   4910.4170
   4926.6362
   4942.5884
   4958.2764
   4973.7061
   4988.8838
   5003.8159
   5018.5093
   5032.9766
   5047.2275
   5061.2695
# Travel time at depth = 500.00 km.
   4513.8911
   4535.5327
   4556.8931
   4577.9761
   4598.7856
   4619.3203
   4639.5801
   4659.5625
   4679.2681
   4698.6987
   4717.8589
   4736.7515
   4755.3760
   4773.7319
   4791.8184
   4809.6367
   4827.1880
   4844.4736
   4861.4917
   4878.2393
   4894.7139
   4910.9170
   4926.8535
   4942.5264
   4957.9414
   4973.1055
   4988.0239
   5002.7051
   5017.1602
   5031.4004
   5045.4316
# Travel time at depth = 700.00 km.
   4495.4463
   4517.0518
   4538.3765
   4559.4253
   4580.2007
   4600.7026
   4620.9292
   4640.8794
   4660.5527
   4679.9526
   4699.0825
   4717.9458
   4736.5410
   4754.8682
   4772.9263
   4790.7173
   4808.2412
   4825.5005
   4842.4917
   4859.2134
   4875.6616
   4891.8403
   4907.7520
   4923.4019
   4938.7944
   4953.9370
   4968.8345
   4983.4961
   4997.9336
   5012.1562
   5026.1709
# Modelling error(s)
   1   1
#
   5.900
#@(#)        ak135.P7KPbc_B     2.1     06 Jun 1996
