# ak135 travel-time table for phase: PKKKKKKKPdf_C (P7KPdf 2nd back branch) 
  8   Number of depth samples at the following depths (km):
    0.00   20.00   50.00  100.00  200.00  350.00  500.00  700.00
 37   Number of distance samples at the following distances (deg):
    0.00    5.00   10.00   15.00   20.00   25.00   30.00   35.00   40.00   45.00
   50.00   55.00   60.00   65.00   70.00   75.00   80.00   85.00   90.00   95.00
  100.00  105.00  110.00  115.00  120.00  125.00  130.00  135.00  140.00  145.00
  150.00  155.00  160.00  165.00  170.00  175.00  180.00
# Travel time at depth =   0.00 km.
   5329.9849
   5325.0952
   5320.0771
   5314.9336
   5309.6641
   5304.2690
   5298.7485
   5293.1025
   5287.3330
   5281.4404
   5275.4258
   5269.2905
   5263.0347
   5256.6597
   5250.1675
   5243.5586
   5236.8345
   5229.9966
   5223.0464
   5215.9863
   5208.8174
   5201.5420
   5194.1621
   5186.6802
   5179.0962
   5171.4097
   5163.6206
   5155.7300
   5147.7407
   5139.6567
   5131.4829
   5123.2251
   5114.8882
   5106.4756
   5097.9888
   5089.4307
   5080.8052
# Travel time at depth =  20.00 km.
   5326.5410
   5321.6514
   5316.6338
   5311.4902
   5306.2212
   5300.8262
   5295.3062
   5289.6606
   5283.8911
   5277.9990
   5271.9849
   5265.8491
   5259.5938
   5253.2192
   5246.7271
   5240.1187
   5233.3945
   5226.5571
   5219.6074
   5212.5474
   5205.3789
   5198.1040
   5190.7246
   5183.2422
   5175.6587
   5167.9727
   5160.1841
   5152.2935
   5144.3047
   5136.2207
   5128.0474
   5119.7900
   5111.4536
   5103.0405
   5094.5542
   5085.9966
   5077.3706
# Travel time at depth =  50.00 km.
   5322.3760
   5317.4868
   5312.4697
   5307.3267
   5302.0581
   5296.6641
   5291.1440
   5285.4990
   5279.7305
   5273.8384
   5267.8247
   5261.6899
   5255.4351
   5249.0610
   5242.5693
   5235.9614
   5229.2378
   5222.4009
   5215.4517
   5208.3926
   5201.2246
   5193.9502
   5186.5708
   5179.0894
   5171.5063
   5163.8213
   5156.0327
   5148.1426
   5140.1543
   5132.0713
   5123.8984
   5115.6411
   5107.3052
   5098.8931
   5090.4072
   5081.8496
   5073.2246
# Travel time at depth = 100.00 km.
   5316.1763
   5311.2881
   5306.2720
   5301.1294
   5295.8618
   5290.4683
   5284.9497
   5279.3057
   5273.5376
   5267.6470
   5261.6343
   5255.5000
   5249.2461
   5242.8735
   5236.3828
   5229.7759
   5223.0537
   5216.2178
   5209.2695
   5202.2109
   5195.0439
   5187.7705
   5180.3926
   5172.9121
   5165.3301
   5157.6460
   5149.8584
   5141.9697
   5133.9824
   5125.9004
   5117.7280
   5109.4722
   5101.1372
   5092.7256
   5084.2402
   5075.6841
   5067.0596
# Travel time at depth = 200.00 km.
   5303.9209
   5299.0342
   5294.0200
   5288.8794
   5283.6133
   5278.2217
   5272.7051
   5267.0630
   5261.2969
   5255.4082
   5249.3975
   5243.2656
   5237.0137
   5230.6431
   5224.1543
   5217.5493
   5210.8291
   5203.9956
   5197.0493
   5189.9932
   5182.8286
   5175.5571
   5168.1812
   5160.7031
   5153.1230
   5145.4409
   5137.6558
   5129.7690
   5121.7842
   5113.7041
   5105.5337
   5097.2798
   5088.9463
   5080.5366
   5072.0532
   5063.4985
   5054.8755
# Travel time at depth = 350.00 km.
   5286.3975
   5281.5137
   5276.5024
   5271.3647
   5266.1016
   5260.7134
   5255.1992
   5249.5605
   5243.7979
   5237.9121
   5231.9048
   5225.7764
   5219.5278
   5213.1606
   5206.6758
   5200.0742
   5193.3574
   5186.5273
   5179.5850
   5172.5317
   5165.3706
   5158.1030
   5150.7305
   5143.2559
   5135.6792
   5128.0010
   5120.2192
   5112.3364
   5104.3545
   5096.2778
   5088.1113
   5079.8599
   5071.5298
   5063.1230
   5054.6421
   5046.0903
   5037.4697
# Travel time at depth = 500.00 km.
   5270.2676
   5265.3867
   5260.3784
   5255.2441
   5249.9849
   5244.6001
   5239.0898
   5233.4546
   5227.6953
   5221.8135
   5215.8101
   5209.6855
   5203.4409
   5197.0776
   5190.5962
   5183.9990
   5177.2861
   5170.4600
   5163.5215
   5156.4727
   5149.3154
   5142.0518
   5134.6831
   5127.2124
   5119.6401
   5111.9658
   5104.1885
   5096.3096
   5088.3320
   5080.2593
   5072.0962
   5063.8486
   5055.5215
   5047.1182
   5038.6406
   5030.0918
   5021.4741
# Travel time at depth = 700.00 km.
   5250.5552
   5245.6797
   5240.6763
   5235.5474
   5230.2930
   5224.9136
   5219.4087
   5213.7793
   5208.0259
   5202.1499
   5196.1523
   5190.0337
   5183.7949
   5177.4375
   5170.9624
   5164.3711
   5157.6646
   5150.8447
   5143.9126
   5136.8701
   5129.7188
   5122.4614
   5115.0991
   5107.6343
   5100.0679
   5092.3999
   5084.6294
   5076.7568
   5068.7852
   5060.7188
   5052.5615
   5044.3193
   5035.9976
   5027.5991
   5019.1270
   5010.5825
   5001.9702
# Modelling error(s)
   1   1
#
   5.600
#@(#)        ak135.P7KPdf_C     2.1     06 Jun 1996
