# ak135 travel-time table for phase: PKKKKKKKPdf_D (P7KPdf 3rd back branch) 
  8   Number of depth samples at the following depths (km):
    0.00   20.00   50.00  100.00  200.00  350.00  500.00  700.00
 37   Number of distance samples at the following distances (deg):
    0.00    5.00   10.00   15.00   20.00   25.00   30.00   35.00   40.00   45.00
   50.00   55.00   60.00   65.00   70.00   75.00   80.00   85.00   90.00   95.00
  100.00  105.00  110.00  115.00  120.00  125.00  130.00  135.00  140.00  145.00
  150.00  155.00  160.00  165.00  170.00  175.00  180.00
# Travel time at depth =   0.00 km.
   5329.9849
   5334.7451
   5339.3750
   5343.8745
   5348.2432
   5352.4810
   5356.5884
   5360.5645
   5364.4087
   5368.1211
   5371.7012
   5375.1479
   5378.4619
   5381.6421
   5384.6890
   5387.6016
   5390.3804
   5393.0249
   5395.5347
   5397.9097
   5400.1499
   5402.2549
   5404.2251
   5406.0601
   5407.7593
   5409.3228
   5410.7510
   5412.0430
   5413.1992
   5414.2197
   5415.1045
   5415.8530
   5416.4658
   5416.9424
   5417.2827
   5417.4873
   5417.5557
# Travel time at depth =  20.00 km.
   5326.5410
   5331.3013
   5335.9307
   5340.4297
   5344.7983
   5349.0361
   5353.1431
   5357.1191
   5360.9634
   5364.6758
   5368.2554
   5371.7017
   5375.0156
   5378.1958
   5381.2422
   5384.1553
   5386.9336
   5389.5776
   5392.0874
   5394.4624
   5396.7021
   5398.8076
   5400.7773
   5402.6123
   5404.3115
   5405.8750
   5407.3032
   5408.5952
   5409.7515
   5410.7720
   5411.6562
   5412.4048
   5413.0176
   5413.4941
   5413.8345
   5414.0391
   5414.1074
# Travel time at depth =  50.00 km.
   5322.3760
   5327.1357
   5331.7651
   5336.2637
   5340.6318
   5344.8691
   5348.9756
   5352.9512
   5356.7954
   5360.5073
   5364.0864
   5367.5327
   5370.8462
   5374.0259
   5377.0723
   5379.9849
   5382.7632
   5385.4067
   5387.9165
   5390.2910
   5392.5308
   5394.6357
   5396.6055
   5398.4404
   5400.1392
   5401.7026
   5403.1304
   5404.4224
   5405.5786
   5406.5991
   5407.4834
   5408.2319
   5408.8442
   5409.3208
   5409.6616
   5409.8662
   5409.9341
# Travel time at depth = 100.00 km.
   5316.1763
   5320.9351
   5325.5635
   5330.0615
   5334.4287
   5338.6655
   5342.7715
   5346.7461
   5350.5894
   5354.3008
   5357.8794
   5361.3252
   5364.6377
   5367.8174
   5370.8628
   5373.7749
   5376.5527
   5379.1963
   5381.7051
   5384.0791
   5386.3188
   5388.4233
   5390.3926
   5392.2271
   5393.9258
   5395.4888
   5396.9165
   5398.2080
   5399.3643
   5400.3843
   5401.2686
   5402.0171
   5402.6294
   5403.1060
   5403.4463
   5403.6509
   5403.7188
# Travel time at depth = 200.00 km.
   5303.9209
   5308.6777
   5313.3047
   5317.8008
   5322.1665
   5326.4019
   5330.5063
   5334.4795
   5338.3213
   5342.0312
   5345.6084
   5349.0532
   5352.3647
   5355.5430
   5358.5874
   5361.4985
   5364.2749
   5366.9175
   5369.4253
   5371.7988
   5374.0376
   5376.1411
   5378.1099
   5379.9434
   5381.6416
   5383.2041
   5384.6313
   5385.9224
   5387.0781
   5388.0977
   5388.9819
   5389.7300
   5390.3418
   5390.8184
   5391.1587
   5391.3628
   5391.4312
# Travel time at depth = 350.00 km.
   5286.3975
   5291.1519
   5295.7759
   5300.2695
   5304.6323
   5308.8652
   5312.9673
   5316.9380
   5320.7778
   5324.4854
   5328.0605
   5331.5029
   5334.8125
   5337.9888
   5341.0317
   5343.9404
   5346.7158
   5349.3564
   5351.8628
   5354.2349
   5356.4722
   5358.5747
   5360.5420
   5362.3745
   5364.0718
   5365.6333
   5367.0596
   5368.3496
   5369.5049
   5370.5239
   5371.4072
   5372.1548
   5372.7666
   5373.2427
   5373.5830
   5373.7871
   5373.8550
# Travel time at depth = 500.00 km.
   5270.2676
   5275.0186
   5279.6392
   5284.1299
   5288.4902
   5292.7197
   5296.8188
   5300.7871
   5304.6245
   5308.3296
   5311.9019
   5315.3423
   5318.6494
   5321.8232
   5324.8643
   5327.7710
   5330.5444
   5333.1836
   5335.6880
   5338.0581
   5340.2939
   5342.3950
   5344.3613
   5346.1924
   5347.8882
   5349.4487
   5350.8740
   5352.1636
   5353.3174
   5354.3359
   5355.2188
   5355.9658
   5356.5771
   5357.0527
   5357.3926
   5357.5967
   5357.6650
# Travel time at depth = 700.00 km.
   5250.5552
   5255.3013
   5259.9170
   5264.4028
   5268.7588
   5272.9839
   5277.0791
   5281.0430
   5284.8760
   5288.5771
   5292.1460
   5295.5825
   5298.8862
   5302.0566
   5305.0942
   5307.9985
   5310.7686
   5313.4048
   5315.9067
   5318.2744
   5320.5078
   5322.6064
   5324.5703
   5326.3999
   5328.0938
   5329.6528
   5331.0762
   5332.3643
   5333.5171
   5334.5347
   5335.4165
   5336.1626
   5336.7734
   5337.2485
   5337.5879
   5337.7920
   5337.8599
# Modelling error(s)
   1   1
#
   5.600
#@(#)        ak135.P7KPdf_D     2.1     06 Jun 1996
