# ak135 travel-time table for phase: PcP         
 14   Number of depth samples at the following depths (km):
    0.00   15.00   35.00   50.00   75.00  100.00  150.00  200.00  250.00  300.00
  400.00  500.00  600.00  700.00
100   Number of distance samples at the following distances (deg):
    0.00    1.00    2.00    3.00    4.00    5.00    6.00    7.00    8.00    9.00
   10.00   11.00   12.00   13.00   14.00   15.00   16.00   17.00   18.00   19.00
   20.00   21.00   22.00   23.00   24.00   25.00   26.00   27.00   28.00   29.00
   30.00   31.00   32.00   33.00   34.00   35.00   36.00   37.00   38.00   39.00
   40.00   41.00   42.00   43.00   44.00   45.00   46.00   47.00   48.00   49.00
   50.00   51.00   52.00   53.00   54.00   55.00   56.00   57.00   58.00   59.00
   60.00   61.00   62.00   63.00   64.00   65.00   66.00   67.00   68.00   69.00
   70.00   71.00   72.00   73.00   74.00   75.00   76.00   77.00   78.00   79.00
   80.00   81.00   82.00   83.00   84.00   85.00   86.00   87.00   88.00   89.00
   90.00   91.00   92.00   93.00   94.00   95.00   96.00   97.00   98.00   99.00
# Travel time at depth =   0.00 km.
    511.6893
    511.7373
    511.8813
    512.1212
    512.4567
    512.8878
    513.4138
    514.0345
    514.7495
    515.5582
    516.4598
    517.4539
    518.5396
    519.7161
    520.9825
    522.3380
    523.7815
    525.3120
    526.9285
    528.6298
    530.4148
    532.2822
    534.2308
    536.2592
    538.3663
    540.5507
    542.8109
    545.1455
    547.5533
    550.0327
    552.5822
    555.2004
    557.8860
    560.6372
    563.4528
    566.3311
    569.2708
    572.2701
    575.3279
    578.4424
    581.6124
    584.8361
    588.1123
    591.4395
    594.8161
    598.2408
    601.7122
    605.2289
    608.7895
    612.3926
    616.0369
    619.7209
    623.4436
    627.2035
    630.9993
    634.8299
    638.6940
    642.5903
    646.5177
    650.4750
    654.4611
    658.4749
    662.5152
    666.5809
    670.6711
    674.7847
    678.9206
    683.0779
    687.2556
    691.4528
    695.6684
    699.9017
    704.1519
    708.4178
    712.6989
    716.9941
    721.3029
    725.6243
    729.9576
    734.3021
    738.6572
    743.0220
    747.3959
    751.7784
    756.1687
    760.5662
    764.9705
    769.3808
    773.7966
    778.2175
    782.6429
    787.0723
    791.5051
    795.9411
    800.3796
    804.8204
    809.2629
    813.7068
    818.1516
    822.5970
# Travel time at depth =  15.00 km.
    509.1031
    509.1511
    509.2952
    509.5352
    509.8710
    510.3023
    510.8287
    511.4499
    512.1653
    512.9745
    513.8768
    514.8715
    515.9578
    517.1351
    518.4023
    519.7587
    521.2031
    522.7346
    524.3521
    526.0543
    527.8403
    529.7088
    531.6585
    533.6882
    535.7964
    537.9819
    540.2433
    542.5792
    544.9882
    547.4688
    550.0196
    552.6392
    555.3259
    558.0785
    560.8953
    563.7749
    566.7158
    569.7165
    572.7755
    575.8913
    579.0624
    582.2874
    585.5648
    588.8931
    592.2710
    595.6969
    599.1694
    602.6873
    606.2489
    609.8531
    613.4984
    617.1836
    620.9072
    624.6681
    628.4649
    632.2964
    636.1614
    640.0586
    643.9869
    647.9451
    651.9319
    655.9465
    659.9875
    664.0540
    668.1449
    672.2592
    676.3958
    680.5536
    684.7319
    688.9297
    693.1459
    697.3798
    701.6304
    705.8968
    710.1783
    714.4740
    718.7831
    723.1049
    727.4386
    731.7835
    736.1389
    740.5040
    744.8782
    749.2609
    753.6514
    758.0493
    762.4537
    766.8641
    771.2802
    775.7012
    780.1267
    784.5562
    788.9892
    793.4252
    797.8639
    802.3047
    806.7473
    811.1912
    815.6360
    820.0814
# Travel time at depth =  35.00 km.
    505.9334
    505.9815
    506.1257
    506.3660
    506.7021
    507.1338
    507.6608
    508.2825
    508.9987
    509.8086
    510.7118
    511.7074
    512.7948
    513.9731
    515.2416
    516.5991
    518.0449
    519.5777
    521.1966
    522.9004
    524.6880
    526.5580
    528.5093
    530.5406
    532.6506
    534.8378
    537.1010
    539.4387
    541.8495
    544.3320
    546.8846
    549.5060
    552.1947
    554.9491
    557.7678
    560.6492
    563.5920
    566.5945
    569.6554
    572.7730
    575.9460
    579.1728
    582.4520
    585.7820
    589.1616
    592.5892
    596.0634
    599.5829
    603.1462
    606.7520
    610.3989
    614.0855
    617.8107
    621.5730
    625.3712
    629.2041
    633.0704
    636.9689
    640.8985
    644.8578
    648.8459
    652.8616
    656.9038
    660.9714
    665.0633
    669.1785
    673.3160
    677.4749
    681.6541
    685.8527
    690.0697
    694.3043
    698.5557
    702.8228
    707.1050
    711.4013
    715.7110
    720.0334
    724.3676
    728.7130
    733.0688
    737.4343
    741.8090
    746.1921
    750.5830
    754.9811
    759.3858
    763.7966
    768.2128
    772.6341
    777.0598
    781.4895
    785.9226
    790.3588
    794.7975
    799.2385
    803.6811
    808.1251
    812.5699
    817.0154
# Travel time at depth =  50.00 km.
    504.0679
    504.1160
    504.2604
    504.5009
    504.8373
    505.2694
    505.7969
    506.4192
    507.1360
    507.9467
    508.8507
    509.8473
    510.9356
    512.1151
    513.3846
    514.7433
    516.1903
    517.7245
    519.3448
    521.0500
    522.8391
    524.7106
    526.6635
    528.6965
    530.8080
    532.9969
    535.2618
    537.6013
    540.0139
    542.4980
    545.0525
    547.6757
    550.3661
    553.1224
    555.9429
    558.8262
    561.7708
    564.7751
    567.8377
    570.9571
    574.1318
    577.3604
    580.6412
    583.9730
    587.3543
    590.7836
    594.2594
    597.7805
    601.3453
    604.9526
    608.6010
    612.2892
    616.0158
    619.7795
    623.5792
    627.4134
    631.2810
    635.1808
    639.1116
    643.0721
    647.0614
    651.0782
    655.1215
    659.1901
    663.2830
    667.3992
    671.5377
    675.6974
    679.8774
    684.0768
    688.2947
    692.5300
    696.7821
    701.0499
    705.3327
    709.6297
    713.9400
    718.2629
    722.5977
    726.9435
    731.2997
    735.6658
    740.0408
    744.4243
    748.8155
    753.2139
    757.6190
    762.0300
    766.4465
    770.8680
    775.2939
    779.7237
    784.1570
    788.5933
    793.0322
    797.4731
    801.9158
    806.3599
    810.8048
    815.2502
# Travel time at depth =  75.00 km.
    500.9597
    501.0079
    501.1525
    501.3934
    501.7303
    502.1631
    502.6914
    503.3148
    504.0327
    504.8447
    505.7500
    506.7481
    507.8381
    509.0193
    510.2908
    511.6516
    513.1006
    514.6370
    516.2596
    517.9673
    519.7588
    521.6330
    523.5885
    525.6241
    527.7385
    529.9302
    532.1980
    534.5403
    536.9559
    539.4431
    542.0005
    544.6267
    547.3202
    550.0794
    552.9030
    555.7893
    558.7369
    561.7443
    564.8099
    567.9323
    571.1099
    574.3414
    577.6252
    580.9598
    584.3439
    587.7759
    591.2545
    594.7783
    598.3458
    601.9557
    605.6066
    609.2972
    613.0262
    616.7924
    620.5943
    624.4308
    628.3006
    632.2025
    636.1354
    640.0980
    644.0892
    648.1078
    652.1529
    656.2233
    660.3179
    664.4357
    668.5757
    672.7370
    676.9185
    681.1193
    685.3384
    689.5751
    693.8283
    698.0973
    702.3812
    706.6791
    710.9904
    715.3143
    719.6498
    723.9965
    728.3536
    732.7203
    737.0960
    741.4800
    745.8719
    750.2708
    754.6763
    759.0878
    763.5047
    767.9266
    772.3528
    776.7829
    781.2164
    785.6530
    790.0920
    794.5331
    798.9760
    803.4200
    807.8651
    812.3105
# Travel time at depth = 100.00 km.
    497.8526
    497.9009
    498.0458
    498.2870
    498.6245
    499.0580
    499.5872
    500.2115
    500.9305
    501.7438
    502.6506
    503.6502
    504.7419
    505.9249
    507.1983
    508.5611
    510.0123
    511.5510
    513.1759
    514.8860
    516.6801
    518.5568
    520.5150
    522.5533
    524.6705
    526.8651
    529.1358
    531.4811
    533.8995
    536.3897
    538.9502
    541.5795
    544.2760
    547.0383
    549.8649
    552.7543
    555.7050
    558.7154
    561.7840
    564.9094
    568.0901
    571.3245
    574.6112
    577.9487
    581.3356
    584.7704
    588.2518
    591.7783
    595.3484
    598.9610
    602.6145
    606.3076
    610.0391
    613.8076
    617.6118
    621.4506
    625.3226
    629.2266
    633.1616
    637.1262
    641.1193
    645.1399
    649.1868
    653.2590
    657.3553
    661.4747
    665.6163
    669.7791
    673.9620
    678.1642
    682.3847
    686.6226
    690.8770
    695.1472
    699.4321
    703.7311
    708.0435
    712.3682
    716.7047
    721.0522
    725.4100
    729.7774
    734.1537
    738.5385
    742.9308
    747.3303
    751.7363
    756.1483
    760.5656
    764.9877
    769.4143
    773.8447
    778.2785
    782.7153
    787.1545
    791.5958
    796.0387
    800.4828
    804.9279
    809.3734
# Travel time at depth = 150.00 km.
    491.6607
    491.7091
    491.8544
    492.0965
    492.4351
    492.8700
    493.4008
    494.0272
    494.7486
    495.5645
    496.4741
    497.4769
    498.5721
    499.7587
    501.0360
    502.4030
    503.8586
    505.4018
    507.0315
    508.7466
    510.5457
    512.4278
    514.3915
    516.4354
    518.5583
    520.7587
    523.0352
    525.3865
    527.8110
    530.3074
    532.8740
    535.5095
    538.2122
    540.9808
    543.8137
    546.7093
    549.6661
    552.6827
    555.7576
    558.8891
    562.0758
    565.3162
    568.6088
    571.9523
    575.3450
    578.7855
    582.2725
    585.8044
    589.3800
    592.9978
    596.6565
    600.3547
    604.0911
    607.8645
    611.6735
    615.5168
    619.3933
    623.3018
    627.2409
    631.2096
    635.2067
    639.2311
    643.2817
    647.3574
    651.4572
    655.5800
    659.7248
    663.8906
    668.0765
    672.2814
    676.5046
    680.7451
    685.0020
    689.2745
    693.5616
    697.8627
    702.1770
    706.5036
    710.8419
    715.1910
    719.5504
    723.9193
    728.2970
    732.6829
    737.0765
    741.4771
    745.8840
    750.2968
    754.7149
    759.1378
    763.5651
    767.9960
    772.4303
    776.8675
    781.3071
    785.7487
    790.1918
    794.6361
    799.0812
    803.5269
# Travel time at depth = 200.00 km.
    485.5648
    485.6135
    485.7593
    486.0022
    486.3419
    486.7783
    487.3109
    487.9394
    488.6632
    489.4817
    490.3944
    491.4005
    492.4992
    493.6896
    494.9710
    496.3423
    497.8024
    499.3504
    500.9851
    502.7053
    504.5098
    506.3974
    508.3667
    510.4164
    512.5452
    514.7516
    517.0343
    519.3918
    521.8226
    524.3253
    526.8983
    529.5402
    532.2495
    535.0245
    537.8638
    540.7659
    543.7292
    546.7522
    549.8334
    552.9713
    556.1642
    559.4108
    562.7097
    566.0591
    569.4578
    572.9042
    576.3970
    579.9346
    583.5158
    587.1391
    590.8032
    594.5066
    598.2482
    602.0266
    605.8404
    609.6885
    613.5696
    617.4825
    621.4260
    625.3989
    629.4001
    633.4285
    637.4829
    641.5623
    645.6656
    649.7919
    653.9399
    658.1089
    662.2978
    666.5057
    670.7316
    674.9747
    679.2341
    683.5090
    687.7985
    692.1017
    696.4180
    700.7465
    705.0865
    709.4374
    713.7983
    718.1687
    722.5479
    726.9351
    731.3298
    735.7314
    740.1394
    744.5531
    748.9720
    753.3957
    757.8235
    762.2551
    766.6899
    771.1275
    775.5674
    780.0093
    784.4527
    788.8972
    793.3425
    797.7880
# Travel time at depth = 250.00 km.
    479.5804
    479.6292
    479.7755
    480.0193
    480.3603
    480.7982
    481.3327
    481.9633
    482.6896
    483.5110
    484.4268
    485.4363
    486.5387
    487.7331
    489.0187
    490.3945
    491.8594
    493.4123
    495.0522
    496.7777
    498.5878
    500.4811
    502.4563
    504.5120
    506.6469
    508.8596
    511.1487
    513.5127
    515.9500
    518.4593
    521.0390
    523.6876
    526.4035
    529.1852
    532.0313
    534.9401
    537.9101
    540.9398
    544.0276
    547.1720
    550.3715
    553.6246
    556.9297
    560.2855
    563.6904
    567.1429
    570.6417
    574.1852
    577.7722
    581.4012
    585.0708
    588.7797
    592.5266
    596.3101
    600.1290
    603.9821
    607.8679
    611.7855
    615.7335
    619.7108
    623.7162
    627.7487
    631.8071
    635.8903
    639.9973
    644.1270
    648.2784
    652.4507
    656.6427
    660.8536
    665.0823
    669.3282
    673.5902
    677.8675
    682.1593
    686.4648
    690.7831
    695.1136
    699.4556
    703.8082
    708.1707
    712.5426
    716.9232
    721.3117
    725.7076
    730.1104
    734.5193
    738.9340
    743.3538
    747.7783
    752.2067
    756.6389
    761.0742
    765.5123
    769.9525
    774.3947
    778.8383
    783.2830
    787.7283
     -1.0000
# Travel time at depth = 300.00 km.
    473.7233
    473.7723
    473.9192
    474.1638
    474.5060
    474.9455
    475.4820
    476.1149
    476.8439
    477.6682
    478.5872
    479.6003
    480.7066
    481.9052
    483.1952
    484.5757
    486.0455
    487.6036
    489.2489
    490.9801
    492.7959
    494.6952
    496.6765
    498.7386
    500.8799
    503.0992
    505.3949
    507.7656
    510.2098
    512.7260
    515.3126
    517.9681
    520.6910
    523.4798
    526.3329
    529.2487
    532.2256
    535.2623
    538.3569
    541.5082
    544.7145
    547.9743
    551.2861
    554.6484
    558.0598
    561.5187
    565.0237
    568.5734
    572.1664
    575.8013
    579.4767
    583.1912
    586.9436
    590.7325
    594.5567
    598.4148
    602.3057
    606.2281
    610.1807
    614.1626
    618.1724
    622.2091
    626.2716
    630.3588
    634.4695
    638.6029
    642.7579
    646.9335
    651.1288
    655.3427
    659.5745
    663.8231
    668.0878
    672.3676
    676.6619
    680.9696
    685.2902
    689.6227
    693.9666
    698.3209
    702.6852
    707.0587
    711.4406
    715.8305
    720.2277
    724.6316
    729.0416
    733.4573
    737.8779
    742.3031
    746.7323
    751.1650
    755.6009
    760.0394
    764.4800
    768.9224
    773.3663
    777.8110
    782.2565
     -1.0000
# Travel time at depth = 400.00 km.
    462.3719
    462.4212
    462.5692
    462.8158
    463.1607
    463.6036
    464.1443
    464.7821
    465.5167
    466.3473
    467.2733
    468.2941
    469.4086
    470.6161
    471.9156
    473.3061
    474.7865
    476.3557
    478.0125
    479.7557
    481.5839
    483.4960
    485.4904
    487.5659
    489.7210
    491.9542
    494.2641
    496.6492
    499.1080
    501.6388
    504.2402
    506.9106
    509.6485
    512.4522
    515.3202
    518.2509
    521.2427
    524.2941
    527.4035
    530.5693
    533.7900
    537.0641
    540.3900
    543.7662
    547.1913
    550.6637
    554.1820
    557.7448
    561.3505
    564.9980
    568.6856
    572.4122
    576.1763
    579.9766
    583.8119
    587.6808
    591.5822
    595.5148
    599.4774
    603.4688
    607.4879
    611.5336
    615.6047
    619.7002
    623.8190
    627.9601
    632.1226
    636.3052
    640.5073
    644.7278
    648.9658
    653.2203
    657.4906
    661.7758
    666.0751
    670.3877
    674.7128
    679.0496
    683.3975
    687.7556
    692.1234
    696.5001
    700.8851
    705.2779
    709.6777
    714.0840
    718.4962
    722.9138
    727.3362
    731.7629
    736.1935
    740.6276
    745.0645
    749.5038
    753.9452
    758.3882
    762.8324
    767.2775
    771.7230
     -1.0000
# Travel time at depth = 500.00 km.
    451.7986
    451.8484
    451.9977
    452.2464
    452.5944
    453.0412
    453.5865
    454.2299
    454.9708
    455.8086
    456.7425
    457.7719
    458.8958
    460.1133
    461.4235
    462.8253
    464.3177
    465.8993
    467.5691
    469.3258
    471.1680
    473.0944
    475.1037
    477.1943
    479.3648
    481.6138
    483.9397
    486.3410
    488.8161
    491.3634
    493.9815
    496.6686
    499.4232
    502.2437
    505.1285
    508.0759
    511.0844
    514.1524
    517.2783
    520.4604
    523.6973
    526.9874
    530.3292
    533.7209
    537.1614
    540.6489
    544.1821
    547.7595
    551.3795
    555.0410
    558.7424
    562.4823
    566.2595
    570.0725
    573.9202
    577.8013
    581.7144
    585.6583
    589.6320
    593.6341
    597.6635
    601.7192
    605.7999
    609.9047
    614.0325
    618.1822
    622.3528
    626.5434
    630.7531
    634.9807
    639.2256
    643.4867
    647.7632
    652.0544
    656.3593
    660.6771
    665.0072
    669.3488
    673.7010
    678.0634
    682.4350
    686.8153
    691.2037
    695.5995
    700.0021
    704.4110
    708.8256
    713.2453
    717.6697
    722.0981
    726.5303
    730.9655
    735.4036
    739.8438
    744.2859
    748.7296
    753.1742
    757.6195
     -1.0000
     -1.0000
# Travel time at depth = 600.00 km.
    441.6243
    441.6746
    441.8253
    442.0764
    442.4277
    442.8788
    443.4293
    444.0787
    444.8265
    445.6721
    446.6147
    447.6535
    448.7876
    450.0161
    451.3380
    452.7522
    454.2575
    455.8528
    457.5368
    459.3083
    461.1657
    463.1078
    465.1332
    467.2403
    469.4277
    471.6938
    474.0372
    476.4561
    478.9490
    481.5143
    484.1505
    486.8558
    489.6286
    492.4673
    495.3703
    498.3359
    501.3625
    504.4485
    507.5923
    510.7921
    514.0466
    517.3540
    520.7128
    524.1216
    527.5786
    531.0825
    534.6317
    538.2249
    541.8604
    545.5370
    549.2531
    553.0075
    556.7988
    560.6256
    564.4866
    568.3807
    572.3064
    576.2626
    580.2481
    584.2617
    588.3022
    592.3686
    596.4597
    600.5744
    604.7117
    608.8706
    613.0500
    617.2491
    621.4668
    625.7021
    629.9543
    634.2225
    638.5057
    642.8031
    647.1140
    651.4374
    655.7728
    660.1194
    664.4763
    668.8430
    673.2187
    677.6028
    681.9947
    686.3937
    690.7994
    695.2109
    699.6280
    704.0499
    708.4763
    712.9065
    717.3401
    721.7768
    726.2159
    730.6571
    735.1000
    739.5441
    743.9891
    748.4346
     -1.0000
     -1.0000
# Travel time at depth = 700.00 km.
    431.9935
    432.0443
    432.1967
    432.4504
    432.8054
    433.2612
    433.8174
    434.4737
    435.2292
    436.0835
    437.0357
    438.0851
    439.2306
    440.4714
    441.8063
    443.2343
    444.7542
    446.3647
    448.0645
    449.8524
    451.7268
    453.6865
    455.7298
    457.8553
    460.0614
    462.3466
    464.7094
    467.1479
    469.6606
    472.2460
    474.9022
    477.6277
    480.4208
    483.2798
    486.2030
    489.1888
    492.2355
    495.3414
    498.5049
    501.7245
    504.9984
    508.3250
    511.7028
    515.1302
    518.6057
    522.1276
    525.6946
    529.3052
    532.9578
    536.6511
    540.3835
    544.1539
    547.9607
    551.8027
    555.6785
    559.5868
    563.5264
    567.4961
    571.4946
    575.5208
    579.5735
    583.6517
    587.7541
    591.8798
    596.0275
    600.1965
    604.3856
    608.5939
    612.8203
    617.0641
    621.3243
    625.6001
    629.8905
    634.1948
    638.5121
    642.8417
    647.1829
    651.5348
    655.8968
    660.2682
    664.6483
    669.0365
    673.4321
    677.8347
    682.2434
    686.6579
    691.0776
    695.5019
    699.9303
    704.3624
    708.7977
    713.2356
    717.6759
    722.1180
    726.5616
    731.0062
    735.4515
     -1.0000
     -1.0000
     -1.0000
# Modelling error(s)
   2   2
	0.0	90.0
	0.0	200.0
#
   1.4
   1.4
#
   1.1
   1.1
#@(#)        ak135.PcP     2.1     06 Jun 1996
