# ak135 travel-time table for phase: PcS         
 14   Number of depth samples at the following depths (km):
    0.00   15.00   35.00   50.00   75.00  100.00  150.00  200.00  250.00  300.00
  400.00  500.00  600.00  700.00
 64   Number of distance samples at the following distances (deg):
    0.00    1.00    2.00    3.00    4.00    5.00    6.00    7.00    8.00    9.00
   10.00   11.00   12.00   13.00   14.00   15.00   16.00   17.00   18.00   19.00
   20.00   21.00   22.00   23.00   24.00   25.00   26.00   27.00   28.00   29.00
   30.00   31.00   32.00   33.00   34.00   35.00   36.00   37.00   38.00   39.00
   40.00   41.00   42.00   43.00   44.00   45.00   46.00   47.00   48.00   49.00
   50.00   51.00   52.00   53.00   54.00   55.00   56.00   57.00   58.00   59.00
   60.00   61.00   62.00   63.00
# Travel time at depth =   0.00 km.
    723.7369
    723.7992
    723.9859
    724.2969
    724.7319
    725.2903
    725.9719
    726.7757
    727.7010
    728.7471
    729.9128
    731.1970
    732.5984
    734.1159
    735.7479
    737.4929
    739.3492
    741.3153
    743.3892
    745.5692
    747.8531
    750.2391
    752.7249
    755.3085
    757.9876
    760.7599
    763.6231
    766.5747
    769.6124
    772.7336
    775.9360
    779.2168
    782.5735
    786.0035
    789.5043
    793.0731
    796.7073
    800.4042
    804.1611
    807.9755
    811.8444
    815.7654
    819.7357
    823.7526
    827.8136
    831.9159
    836.0570
    840.2343
    844.4452
    848.6872
    852.9578
    857.2546
    861.5753
    865.9174
    870.2787
    874.6572
    879.0504
    883.4566
    887.8736
    892.2996
    896.7328
    901.1715
    905.6141
    910.0588
# Travel time at depth =  15.00 km.
    721.1507
    721.2130
    721.3999
    721.7111
    722.1465
    722.7055
    723.3876
    724.1921
    725.1182
    726.1652
    727.3318
    728.6171
    730.0197
    731.5385
    733.1718
    734.9181
    736.7759
    738.7435
    740.8190
    743.0006
    745.2862
    747.6739
    750.1615
    752.7468
    755.4277
    758.2018
    761.0668
    764.0203
    767.0599
    770.1830
    773.3871
    776.6697
    780.0283
    783.4601
    786.9625
    790.5331
    794.1689
    797.8674
    801.6260
    805.4418
    809.3123
    813.2347
    817.2064
    821.2246
    825.2868
    829.3903
    833.5325
    837.7109
    841.9227
    846.1656
    850.4371
    854.7347
    859.0561
    863.3989
    867.7608
    872.1397
    876.5334
    880.9399
    885.3573
    889.7836
    894.2170
    898.6558
    903.0984
    907.5433
# Travel time at depth =  35.00 km.
    717.9810
    718.0434
    718.2305
    718.5422
    718.9781
    719.5378
    720.2208
    721.0263
    721.9536
    723.0018
    724.1699
    725.4568
    726.8611
    728.3816
    730.0168
    731.7653
    733.6252
    735.5950
    737.6729
    739.8568
    742.1448
    744.5350
    747.0252
    749.6132
    752.2967
    755.0735
    757.9412
    760.8974
    763.9396
    767.0654
    770.2722
    773.5575
    776.9186
    780.3531
    783.8581
    787.4311
    791.0695
    794.7704
    798.5312
    802.3493
    806.2220
    810.1465
    814.1201
    818.1403
    822.2043
    826.3096
    830.4535
    834.6334
    838.8467
    843.0909
    847.3636
    851.6624
    855.9848
    860.3285
    864.6912
    869.0709
    873.4653
    877.8723
    882.2901
    886.7168
    891.1505
    895.5895
    900.0323
    904.4772
# Travel time at depth =  50.00 km.
    716.1155
    716.1780
    716.3653
    716.6774
    717.1138
    717.6742
    718.3580
    719.1645
    720.0929
    721.1424
    722.3119
    723.6002
    725.0062
    726.5284
    728.1655
    729.9159
    731.7780
    733.7499
    735.8299
    738.0162
    740.3066
    742.6992
    745.1919
    747.7823
    750.4684
    753.2478
    756.1181
    759.0769
    762.1218
    765.2501
    768.4595
    771.7474
    775.1111
    778.5481
    782.0556
    785.6310
    789.2717
    792.9750
    796.7382
    800.5584
    804.4332
    808.3597
    812.3354
    816.3574
    820.4233
    824.5302
    828.6757
    832.8571
    837.0718
    841.3174
    845.5913
    849.8911
    854.2145
    858.5591
    862.9227
    867.3031
    871.6981
    876.1057
    880.5239
    884.9509
    889.3849
    893.8242
    898.2671
    902.7121
# Travel time at depth =  75.00 km.
    713.0073
    713.0699
    713.2576
    713.5703
    714.0076
    714.5692
    715.2544
    716.0626
    716.9929
    718.0444
    719.2162
    720.5071
    721.9159
    723.4410
    725.0813
    726.8350
    728.7004
    730.6760
    732.7598
    734.9499
    737.2443
    739.6410
    742.1378
    744.7325
    747.4229
    750.2067
    753.0813
    756.0445
    759.0938
    762.2265
    765.4403
    768.7325
    772.1005
    775.5417
    779.0534
    782.6329
    786.2776
    789.9848
    793.7517
    797.5757
    801.4540
    805.3840
    809.3629
    813.3881
    817.4570
    821.5667
    825.7148
    829.8987
    834.1158
    838.3636
    842.6395
    846.9412
    851.2663
    855.6125
    859.9774
    864.3589
    868.7550
    873.1635
    877.5825
    882.0101
    886.4446
    890.8842
    895.3273
    899.7723
# Travel time at depth = 100.00 km.
    709.9002
    709.9630
    710.1511
    710.4645
    710.9027
    711.4654
    712.1520
    712.9619
    713.8940
    714.9478
    716.1219
    717.4154
    718.8269
    720.3551
    721.9985
    723.7555
    725.6245
    727.6036
    729.6912
    731.8853
    734.1837
    736.5845
    739.0856
    741.6846
    744.3793
    747.1674
    750.0465
    753.0141
    756.0678
    759.2050
    762.4232
    765.7198
    769.0921
    772.5376
    776.0535
    779.6371
    783.2859
    786.9969
    790.7677
    794.5954
    798.4773
    802.4107
    806.3929
    810.4213
    814.4932
    818.6058
    822.7567
    826.9431
    831.1625
    835.4125
    839.6904
    843.9940
    848.3207
    852.6684
    857.0347
    861.4174
    865.8145
    870.2239
    874.6436
    879.0718
    883.5068
    887.9467
    892.3901
    896.8352
# Travel time at depth = 150.00 km.
    703.7083
    703.7713
    703.9602
    704.2749
    704.7150
    705.2801
    705.9696
    706.7828
    707.7189
    708.7770
    709.9560
    711.2548
    712.6719
    714.2062
    715.8560
    717.6199
    719.4960
    721.4827
    723.5779
    725.7800
    728.0867
    730.4958
    733.0055
    735.6132
    738.3168
    741.1138
    744.0020
    746.9786
    750.0413
    753.1876
    756.4147
    759.7203
    763.1014
    766.5555
    770.0800
    773.6721
    777.3290
    781.0481
    784.8266
    788.6618
    792.5510
    796.4914
    800.4803
    804.5151
    808.5931
    812.7115
    816.8677
    821.0593
    825.2835
    829.5378
    833.8199
    838.1272
    842.4574
    846.8081
    851.1771
    855.5623
    859.9614
    864.3726
    868.7938
    873.2231
    877.6590
    882.0996
    886.5433
    890.9886
# Travel time at depth = 200.00 km.
    697.6124
    697.6757
    697.8655
    698.1816
    698.6237
    699.1912
    699.8837
    700.7005
    701.6407
    702.7033
    703.8873
    705.1915
    706.6146
    708.1552
    709.8117
    711.5826
    713.4662
    715.4606
    717.5640
    719.7743
    722.0895
    724.5074
    727.0260
    729.6428
    732.3556
    735.1619
    738.0593
    741.0454
    744.1175
    747.2731
    750.5096
    753.8243
    757.2146
    760.6777
    764.2110
    767.8118
    771.4772
    775.2045
    778.9910
    782.8340
    786.7307
    790.6783
    794.6742
    798.7156
    802.7997
    806.9241
    811.0859
    815.2827
    819.5118
    823.7708
    828.0569
    832.3681
    836.7017
    841.0555
    845.4273
    849.8149
    854.2161
    858.6291
    863.0518
    867.4824
    871.9191
    876.3603
    880.8044
     -1.0000
# Travel time at depth = 250.00 km.
    691.6281
    691.6916
    691.8823
    692.1998
    692.6439
    693.2141
    693.9097
    694.7302
    695.6746
    696.7419
    697.9312
    699.2411
    700.6703
    702.2175
    703.8811
    705.6594
    707.5507
    709.5532
    711.6650
    713.8840
    716.2081
    718.6352
    721.1630
    723.7892
    726.5116
    729.3276
    732.2347
    735.2305
    738.3124
    741.4777
    744.7239
    748.0482
    751.4479
    754.9204
    758.4629
    762.0726
    765.7468
    769.4827
    773.2776
    777.1286
    781.0330
    784.9882
    788.9911
    793.0393
    797.1299
    801.2604
    805.4280
    809.6302
    813.8643
    818.1279
    822.4184
    826.7335
    831.0706
    835.4276
    839.8022
    844.1923
    848.5956
    853.0104
    857.4345
    861.8663
    866.3039
    870.7457
    875.1901
     -1.0000
# Travel time at depth = 300.00 km.
    685.7709
    685.8348
    686.0264
    686.3455
    686.7916
    687.3646
    688.0635
    688.8879
    689.8367
    690.9090
    692.1037
    693.4196
    694.8553
    696.4095
    698.0804
    699.8665
    701.7659
    703.7769
    705.8973
    708.1254
    710.4588
    712.8954
    715.4330
    718.0692
    720.8015
    723.6276
    726.5449
    729.5508
    732.6429
    735.8184
    739.0746
    742.4089
    745.8186
    749.3008
    752.8528
    756.4719
    760.1553
    763.9001
    767.7036
    771.5629
    775.4754
    779.4382
    783.4486
    787.5038
    791.6012
    795.7380
    799.9116
    804.1193
    808.3586
    812.6270
    816.9219
    821.2409
    825.5817
    829.9420
    834.3195
    838.7120
    843.1176
    847.5341
    851.9597
    856.3927
    860.8312
    865.2736
    869.7183
     -1.0000
# Travel time at depth = 400.00 km.
    674.4194
    674.4840
    674.6776
    674.9999
    675.4506
    676.0294
    676.7355
    677.5681
    678.5264
    679.6094
    680.8159
    682.1447
    683.5943
    685.1632
    686.8499
    688.6526
    690.5694
    692.5985
    694.7379
    696.9853
    699.3386
    701.7957
    704.3541
    707.0114
    709.7651
    712.6127
    715.5517
    718.5794
    721.6932
    724.8903
    728.1681
    731.5237
    734.9543
    738.4573
    742.0297
    745.6686
    749.3713
    753.1351
    756.9568
    760.8339
    764.7634
    768.7426
    772.7686
    776.8386
    780.9501
    785.1002
    789.2862
    793.5056
    797.7557
    802.0341
    806.3382
    810.6655
    815.0139
    819.3808
    823.7642
    828.1619
    832.5718
    836.9921
    841.4207
    845.8560
    850.2961
    854.7396
    859.1849
     -1.0000
# Travel time at depth = 500.00 km.
    663.8462
    663.9114
    664.1072
    664.4333
    664.8893
    665.4746
    666.1888
    667.0308
    667.9999
    669.0950
    670.3149
    671.6583
    673.1235
    674.7094
    676.4139
    678.2354
    680.1719
    682.2216
    684.3821
    686.6516
    689.0275
    691.5076
    694.0894
    696.7706
    699.5485
    702.4205
    705.3839
    708.4362
    711.5744
    714.7959
    718.0978
    721.4774
    724.9317
    728.4579
    732.0530
    735.7143
    739.4387
    743.2235
    747.0657
    750.9625
    754.9109
    758.9083
    762.9516
    767.0382
    771.1652
    775.3300
    779.5298
    783.7620
    788.0240
    792.3133
    796.6274
    800.9638
    805.3203
    809.6944
    814.0841
    818.4873
    822.9019
    827.3259
    831.7576
    836.1952
    840.6370
    845.0814
     -1.0000
     -1.0000
# Travel time at depth = 600.00 km.
    653.6719
    653.7380
    653.9363
    654.2664
    654.7281
    655.3207
    656.0437
    656.8962
    657.8772
    658.9856
    660.2202
    661.5795
    663.0621
    664.6663
    666.3905
    668.2326
    670.1908
    672.2630
    674.4469
    676.7404
    679.1410
    681.6464
    684.2540
    686.9612
    689.7655
    692.6641
    695.6542
    698.7332
    701.8981
    705.1461
    708.4744
    711.8799
    715.3598
    718.9112
    722.5310
    726.2164
    729.9642
    733.7718
    737.6360
    741.5540
    745.5228
    749.5396
    753.6014
    757.7055
    761.8492
    766.0295
    770.2439
    774.4896
    778.7642
    783.0649
    787.3894
    791.7352
    796.1001
    800.4817
    804.8779
    809.2866
    813.7059
    818.1337
    822.5684
    827.0081
    831.4513
    835.8964
     -1.0000
     -1.0000
# Travel time at depth = 700.00 km.
    644.0411
    644.1081
    644.3091
    644.6439
    645.1120
    645.7128
    646.4458
    647.3099
    648.3043
    649.4276
    650.6786
    652.0560
    653.5580
    655.1830
    656.9291
    658.7945
    660.7769
    662.8744
    665.0845
    667.4049
    669.8332
    672.3668
    675.0032
    677.7396
    680.5733
    683.5016
    686.5215
    689.6303
    692.8249
    696.1025
    699.4600
    702.8944
    706.4028
    709.9820
    713.6292
    717.3411
    721.1149
    724.9476
    728.8360
    732.7773
    736.7684
    740.8065
    744.8885
    749.0119
    753.1735
    757.3708
    761.6010
    765.8613
    770.1492
    774.4623
    778.7979
    783.1537
    787.5275
    791.9169
    796.3198
    800.7342
    805.1581
    809.5897
    814.0273
    818.4690
    822.9135
     -1.0000
     -1.0000
     -1.0000
# Modelling error(s)
   1   1
#
   2.000
#@(#)        ak135.PcS     2.1     06 Jun 1996
