# ak135 travel-time table for phase: Pdiff       
 14   Number of depth samples at the following depths (km):
    0.00   15.00   35.00   50.00   75.00  100.00  150.00  200.00  250.00  300.00
  400.00  500.00  600.00  700.00
 23   Number of distance samples at the following distances (deg):
  100.00  102.00  104.00  106.00  108.00  110.00  112.00  114.00  116.00  118.00
  120.00  122.00  124.00  126.00  128.00  130.00  132.00  134.00  136.00  138.00
  140.00  142.00  144.00
# Travel time at depth =   0.00 km.
    827.0427
    835.9340
    844.8254
    853.7167
    862.6080
    871.4994
    880.3907
    889.2820
    898.1734
    907.0647
    915.9561
    924.8474
    933.7387
    942.6301
    951.5214
    960.4128
    969.3041
    978.1954
    987.0868
    995.9781
   1004.8694
   1013.7608
   1022.6521
# Travel time at depth =  15.00 km.
    824.5271
    833.4185
    842.3098
    851.2011
    860.0925
    868.9838
    877.8751
    886.7665
    895.6578
    904.5491
    913.4405
    922.3318
    931.2231
    940.1145
    949.0059
    957.8972
    966.7885
    975.6799
    984.5712
    993.4625
   1002.3539
   1011.2452
   1020.1365
# Travel time at depth =  35.00 km.
    821.4611
    830.3524
    839.2437
    848.1351
    857.0264
    865.9177
    874.8091
    883.7004
    892.5917
    901.4831
    910.3745
    919.2657
    928.1571
    937.0485
    945.9398
    954.8311
    963.7225
    972.6138
    981.5051
    990.3965
    999.2878
   1008.1791
   1017.0705
# Travel time at depth =  50.00 km.
    819.6959
    828.5873
    837.4786
    846.3699
    855.2613
    864.1526
    873.0439
    881.9353
    890.8266
    899.7180
    908.6093
    917.5007
    926.3920
    935.2833
    944.1747
    953.0660
    961.9573
    970.8487
    979.7400
    988.6313
    997.5227
   1006.4141
   1015.3054
# Travel time at depth =  75.00 km.
    816.7562
    825.6475
    834.5389
    843.4302
    852.3215
    861.2129
    870.1042
    878.9956
    887.8869
    896.7783
    905.6696
    914.5609
    923.4523
    932.3436
    941.2349
    950.1263
    959.0176
    967.9090
    976.8003
    985.6917
    994.5830
   1003.4743
   1012.3657
# Travel time at depth = 100.00 km.
    813.8191
    822.7104
    831.6017
    840.4931
    849.3845
    858.2758
    867.1671
    876.0585
    884.9498
    893.8411
    902.7325
    911.6238
    920.5151
    929.4065
    938.2979
    947.1891
    956.0805
    964.9719
    973.8632
    982.7545
    991.6459
   1000.5372
   1009.4285
# Travel time at depth = 150.00 km.
    807.9725
    816.8638
    825.7552
    834.6465
    843.5378
    852.4292
    861.3206
    870.2119
    879.1032
    887.9946
    896.8859
    905.7772
    914.6686
    923.5599
    932.4512
    941.3426
    950.2339
    959.1252
    968.0166
    976.9080
    985.7993
    994.6906
   1003.5820
# Travel time at depth = 200.00 km.
    802.2337
    811.1251
    820.0164
    828.9077
    837.7991
    846.6904
    855.5817
    864.4731
    873.3644
    882.2557
    891.1471
    900.0385
    908.9298
    917.8211
    926.7125
    935.6038
    944.4951
    953.3865
    962.2778
    971.1691
    980.0605
    988.9518
    997.8431
# Travel time at depth = 250.00 km.
    796.6196
    805.5109
    814.4022
    823.2936
    832.1849
    841.0762
    849.9676
    858.8589
    867.7503
    876.6416
    885.5330
    894.4243
    903.3156
    912.2070
    921.0983
    929.9896
    938.8810
    947.7723
    956.6636
    965.5550
    974.4464
    983.3377
    992.2290
# Travel time at depth = 300.00 km.
    791.1478
    800.0391
    808.9305
    817.8218
    826.7131
    835.6045
    844.4958
    853.3871
    862.2785
    871.1699
    880.0612
    888.9525
    897.8439
    906.7352
    915.6265
    924.5179
    933.4092
    942.3005
    951.1919
    960.0833
    968.9745
    977.8659
    986.7573
# Travel time at depth = 400.00 km.
    780.6144
    789.5057
    798.3970
    807.2884
    816.1797
    825.0711
    833.9624
    842.8538
    851.7451
    860.6364
    869.5278
    878.4191
    887.3104
    896.2018
    905.0931
    913.9844
    922.8758
    931.7672
    940.6585
    949.5498
    958.4412
    967.3325
    976.2238
# Travel time at depth = 500.00 km.
    770.9565
    779.8478
    788.7391
    797.6305
    806.5219
    815.4131
    824.3045
    833.1959
    842.0872
    850.9785
    859.8699
    868.7612
    877.6525
    886.5439
    895.4352
    904.3265
    913.2179
    922.1093
    931.0006
    939.8919
    948.7833
    957.6746
    966.5659
# Travel time at depth = 600.00 km.
    761.7716
    770.6630
    779.5543
    788.4457
    797.3370
    806.2283
    815.1197
    824.0110
    832.9023
    841.7937
    850.6850
    859.5764
    868.4677
    877.3591
    886.2504
    895.1417
    904.0331
    912.9244
    921.8157
    930.7071
    939.5984
    948.4897
    957.3811
# Travel time at depth = 700.00 km.
    753.2342
    762.1255
    771.0168
    779.9082
    788.7996
    797.6909
    806.5822
    815.4736
    824.3649
    833.2562
    842.1476
    851.0389
    859.9302
    868.8216
    877.7130
    886.6042
    895.4956
    904.3870
    913.2783
    922.1696
    931.0610
    939.9523
    948.8436
# Distance-dependent modelling error(s)   
   4   1
   98.00   102.0  110.00  144.00
#
   1.300
   2.400
   4.000
  10.000
#@(#)        ak135.Pdiff     2.1     06 Jun 1996
