# ak135 travel-time table for phase: PKiKP       
 14   Number of depth samples at the following depths (km):
    0.00   15.00   35.00   50.00   75.00  100.00  150.00  200.00  250.00  300.00
  400.00  500.00  600.00  700.00
 32   Number of distance samples at the following distances (deg):
    0.00    5.00   10.00   15.00   20.00   25.00   30.00   35.00   40.00   45.00
   50.00   55.00   60.00   65.00   70.00   75.00   80.00   85.00   90.00   95.00
  100.00  105.00  110.00  115.00  120.00  125.00  130.00  135.00  140.00  145.00
  150.00  155.00
# Travel time at depth =   0.00 km.
    994.8231
    995.1028
    995.9410
    997.3346
    999.2790
   1001.7673
   1004.7911
   1008.3401
   1012.4024
   1016.9644
   1022.0112
   1027.5264
   1033.4922
   1039.8901
   1046.7003
   1053.9019
   1061.4736
   1069.3931
   1077.6377
   1086.1841
   1095.0088
   1104.0878
   1113.3972
   1122.9130
   1132.6108
   1142.4669
   1152.4576
   1162.5593
   1172.7491
   1183.0046
   1193.3038
   1203.6256
# Travel time at depth =  15.00 km.
    992.2369
    992.5166
    993.3549
    994.7488
    996.6934
    999.1822
   1002.2064
   1005.7560
   1009.8188
   1014.3815
   1019.4289
   1024.9447
   1030.9114
   1037.3101
   1044.1210
   1051.3234
   1058.8959
   1066.8160
   1075.0614
   1083.6085
   1092.4338
   1101.5135
   1110.8236
   1120.3397
   1130.0381
   1139.8947
   1149.8856
   1159.9877
   1170.1777
   1180.4333
   1190.7327
   1201.0544
# Travel time at depth =  35.00 km.
    989.0672
    989.3470
    990.1855
    991.5797
    993.5248
    996.0141
    999.0390
   1002.5893
   1006.6530
   1011.2166
   1016.2650
   1021.7819
   1027.7496
   1034.1494
   1040.9614
   1048.1650
   1055.7385
   1063.6599
   1071.9062
   1080.4545
   1089.2808
   1098.3613
   1107.6722
   1117.1892
   1126.8883
   1136.7454
   1146.7369
   1156.8394
   1167.0297
   1177.2855
   1187.5850
   1197.9069
# Travel time at depth =  50.00 km.
    987.2017
    987.4816
    988.3202
    989.7147
    991.6602
    994.1500
    997.1756
   1000.7266
   1004.7911
   1009.3556
   1014.4050
   1019.9229
   1025.8917
   1032.2926
   1039.1057
   1046.3103
   1053.8850
   1061.8074
   1070.0548
   1078.6039
   1087.4312
   1096.5127
   1105.8243
   1115.3420
   1125.0417
   1134.8994
   1144.8915
   1154.9943
   1165.1849
   1175.4410
   1185.7406
   1196.0625
# Travel time at depth =  75.00 km.
    984.0934
    984.3735
    985.2124
    986.6074
    988.5536
    991.0444
    994.0710
    997.6233
   1001.6891
   1006.2551
   1011.3061
   1016.8257
   1022.7962
   1029.1989
   1036.0138
   1043.2203
   1050.7968
   1058.7209
   1066.9701
   1075.5209
   1084.3497
   1093.4327
   1102.7457
   1112.2646
   1121.9655
   1131.8241
   1141.8169
   1151.9204
   1162.1117
   1172.3680
   1182.6678
   1192.9899
# Travel time at depth = 100.00 km.
    980.9865
    981.2665
    982.1058
    983.5013
    985.4482
    987.9399
    990.9676
    994.5211
    998.5884
   1003.1558
   1008.2084
   1013.7297
   1019.7020
   1026.1066
   1032.9233
   1040.1316
   1047.7100
   1055.6359
   1063.8867
   1072.4392
   1081.2697
   1090.3541
   1099.6685
   1109.1887
   1118.8906
   1128.7502
   1138.7439
   1148.8480
   1159.0398
   1169.2966
   1179.5967
   1189.9187
# Travel time at depth = 150.00 km.
    974.7944
    975.0748
    975.9147
    977.3113
    979.2596
    981.7531
    984.7830
    988.3390
    992.4091
    996.9796
   1002.0355
   1007.5603
   1013.5362
   1019.9443
   1026.7649
   1033.9769
   1041.5590
   1049.4886
   1057.7430
   1066.2990
   1075.1326
   1084.2200
   1093.5371
   1103.0599
   1112.7640
   1122.6257
   1132.6210
   1142.7266
   1152.9193
   1163.1769
   1173.4774
   1183.7996
# Travel time at depth = 200.00 km.
    968.6986
    968.9792
    969.8197
    971.2174
    973.1673
    975.6627
    978.6948
    982.2534
    986.3264
    990.9001
    995.9594
   1001.4877
   1007.4673
   1013.8793
   1020.7037
   1027.9197
   1035.5055
   1043.4390
   1051.6970
   1060.2563
   1069.0934
   1078.1840
   1087.5040
   1097.0293
   1106.7358
   1116.5995
   1126.5964
   1136.7035
   1146.8973
   1157.1558
   1167.4567
   1177.7791
# Travel time at depth = 250.00 km.
    962.7142
    962.9950
    963.8362
    965.2350
    967.1865
    969.6838
    972.7183
    976.2796
    980.3556
    984.9326
    989.9954
    995.5275
   1001.5109
   1007.9269
   1014.7553
   1021.9753
   1029.5651
   1037.5024
   1045.7643
   1054.3273
   1063.1676
   1072.2615
   1081.5845
   1091.1125
   1100.8214
   1110.6871
   1120.6860
   1130.7944
   1140.9894
   1151.2485
   1161.5500
   1171.8726
# Travel time at depth = 300.00 km.
    956.8571
    957.1381
    957.9800
    959.3801
    961.3331
    963.8325
    966.8694
    970.4335
    974.5126
    979.0931
    984.1595
    989.6954
    995.6829
   1002.1030
   1008.9356
   1016.1597
   1023.7537
   1031.6951
   1039.9608
   1048.5276
   1057.3716
   1066.4688
   1075.7948
   1085.3257
   1095.0371
   1104.9050
   1114.9056
   1125.0156
   1135.2118
   1145.4718
   1155.7737
   1166.0964
# Travel time at depth = 400.00 km.
    945.5056
    945.7871
    946.6306
    948.0331
    949.9896
    952.4933
    955.5354
    959.1055
    963.1912
    967.7789
    972.8531
    978.3972
    984.3932
    990.8220
    997.6634
   1004.8964
   1012.4991
   1020.4491
   1028.7231
   1037.2980
   1046.1495
   1055.2537
   1064.5863
   1074.1232
   1083.8398
   1093.7124
   1103.7169
   1113.8301
   1124.0287
   1134.2904
   1144.5934
     -1.0000
# Travel time at depth = 500.00 km.
    934.9324
    935.2144
    936.0596
    937.4648
    939.4252
    941.9337
    944.9816
    948.5582
    952.6514
    957.2471
    962.3300
    967.8832
    973.8887
    980.3272
    987.1785
    994.4213
   1002.0338
   1009.9933
   1018.2767
   1026.8604
   1035.7203
   1044.8324
   1054.1722
   1063.7156
   1073.4382
   1083.3158
   1093.3247
   1103.4414
   1113.6427
   1123.9064
   1134.2104
     -1.0000
# Travel time at depth = 600.00 km.
    924.7581
    925.0408
    925.8878
    927.2960
    929.2604
    931.7742
    934.8283
    938.4121
    942.5133
    947.1177
    952.2100
    957.7730
    963.7887
    970.2376
    977.0995
    984.3530
    991.9760
    999.9458
   1008.2391
   1016.8323
   1025.7013
   1034.8219
   1044.1696
   1053.7200
   1063.4489
   1073.3319
   1083.3455
   1093.4658
   1103.6702
   1113.9358
   1124.2411
     -1.0000
# Travel time at depth = 700.00 km.
    915.1273
    915.4106
    916.2596
    917.6711
    919.6401
    922.1596
    925.2206
    928.8123
    932.9222
    937.5363
    942.6387
    948.2126
    954.2395
    960.7000
    967.5734
    974.8386
    982.4731
    990.4542
    998.7585
   1007.3622
   1016.2411
   1025.3710
   1034.7272
   1044.2854
   1054.0211
   1063.9102
   1073.9287
   1084.0532
   1094.2606
   1104.5284
   1114.8350
     -1.0000
# Modelling error(s)
   2   2
	0.0	154.0
	0.0	200.0
#
	1.8
	1.8
#
	1.5
	1.5
#@(#)        ak135.PKiKP     2.1     06 Jun 1996
