# ak135 travel-time table for phase: PKKPdf      
 14   Number of depth samples at the following depths (km):
    0.00   15.00   35.00   50.00   75.00  100.00  150.00  200.00  250.00  300.00
  400.00  500.00  600.00  700.00
 31   Number of distance samples at the following distances (deg):
    0.00    5.00   10.00   15.00   20.00   25.00   30.00   35.00   40.00   45.00
   50.00   55.00   60.00   65.00   70.00   75.00   80.00   85.00   90.00   95.00
  100.00  105.00  110.00  115.00  120.00  125.00  130.00  135.00  140.00  145.00
  150.00
# Travel time at depth =   0.00 km.
   1913.3654
   1913.0875
   1912.2550
   1910.8684
   1908.9290
   1906.4393
   1903.4021
   1899.8218
   1895.7043
   1891.0547
   1885.8837
   1880.2043
   1874.0304
   1867.3812
   1860.2823
   1852.7654
   1844.8457
   1836.5725
   1828.0118
   1819.2103
   1810.2120
   1801.0569
   1791.7776
   1782.3998
   1772.9469
   1763.4374
   1753.8861
   1744.3049
   1734.7034
   1725.0892
   1715.4690
# Travel time at depth =  15.00 km.
   1910.7792
   1910.5013
   1909.6689
   1908.2826
   1906.3435
   1903.8541
   1900.8174
   1897.2377
   1893.1208
   1888.4719
   1883.3016
   1877.6232
   1871.4500
   1864.8018
   1857.7036
   1850.1875
   1842.2687
   1833.9963
   1825.4363
   1816.6354
   1807.6375
   1798.4827
   1789.2036
   1779.8260
   1770.3734
   1760.8640
   1751.3129
   1741.7318
   1732.1302
   1722.5161
   1712.8959
# Travel time at depth =  35.00 km.
   1907.6095
   1907.3318
   1906.4995
   1905.1135
   1903.1748
   1900.6860
   1897.6500
   1894.0710
   1889.9551
   1885.3073
   1880.1381
   1874.4607
   1868.2888
   1861.6418
   1854.5450
   1847.0302
   1839.1127
   1830.8413
   1822.2822
   1813.4821
   1804.4849
   1795.3306
   1786.0520
   1776.6748
   1767.2223
   1757.7131
   1748.1621
   1738.5812
   1728.9796
   1719.3656
   1709.7454
# Travel time at depth =  50.00 km.
   1905.7440
   1905.4663
   1904.6343
   1903.2485
   1901.3102
   1898.8220
   1895.7866
   1892.2084
   1888.0934
   1883.4464
   1878.2783
   1872.6022
   1866.4314
   1859.7856
   1852.6901
   1845.1764
   1837.2601
   1828.9899
   1820.4316
   1811.6323
   1802.6357
   1793.4819
   1784.2037
   1774.8269
   1765.3746
   1755.8657
   1746.3148
   1736.7339
   1727.1324
   1717.5184
   1707.8982
# Travel time at depth =  75.00 km.
   1902.6357
   1902.3582
   1901.5265
   1900.1412
   1898.2036
   1895.7164
   1892.6821
   1889.1051
   1884.9916
   1880.3463
   1875.1799
   1869.5056
   1863.3369
   1856.6932
   1849.5997
   1842.0880
   1834.1738
   1825.9053
   1817.3486
   1808.5505
   1799.5549
   1790.4020
   1781.1246
   1771.7483
   1762.2964
   1752.7877
   1743.2372
   1733.6564
   1724.0551
   1714.4410
   1704.8209
# Travel time at depth = 100.00 km.
   1899.5287
   1899.2512
   1898.4199
   1897.0352
   1895.0983
   1892.6119
   1889.5787
   1886.0031
   1881.8909
   1877.2473
   1872.0826
   1866.4103
   1860.2437
   1853.6019
   1846.5105
   1839.0010
   1831.0889
   1822.8220
   1814.2670
   1805.4701
   1796.4756
   1787.3235
   1778.0468
   1768.6710
   1759.2196
   1749.7113
   1740.1609
   1730.5802
   1720.9790
   1711.3651
   1701.7450
# Travel time at depth = 150.00 km.
   1893.3368
   1893.0596
   1892.2288
   1890.8451
   1888.9097
   1886.4250
   1883.3942
   1879.8212
   1875.7120
   1871.0717
   1865.9106
   1860.2422
   1854.0796
   1847.4421
   1840.3550
   1832.8495
   1824.9417
   1816.6783
   1808.1263
   1799.3322
   1790.3400
   1781.1896
   1771.9143
   1762.5396
   1753.0890
   1743.5813
   1734.0314
   1724.4512
   1714.8501
   1705.2363
   1695.6162
# Travel time at depth = 200.00 km.
   1887.2410
   1886.9639
   1886.1338
   1884.7511
   1882.8173
   1880.3346
   1877.3060
   1873.7356
   1869.6296
   1864.9928
   1859.8354
   1854.1710
   1848.0126
   1841.3795
   1834.2966
   1826.7955
   1818.8920
   1810.6324
   1802.0836
   1793.2922
   1784.3021
   1775.1537
   1765.8798
   1756.5062
   1747.0566
   1737.5496
   1728.0001
   1718.4202
   1708.8195
   1699.2057
   1689.5857
# Travel time at depth = 250.00 km.
   1881.2565
   1880.9797
   1880.1503
   1878.7688
   1876.8363
   1874.3557
   1871.3295
   1867.7620
   1863.6591
   1859.0258
   1853.8723
   1848.2120
   1842.0580
   1835.4293
   1828.3510
   1820.8542
   1812.9553
   1804.6996
   1796.1542
   1787.3655
   1778.3778
   1769.2312
   1759.9589
   1750.5865
   1741.1378
   1731.6315
   1722.0825
   1712.5029
   1702.9025
   1693.2889
   1683.6688
# Travel time at depth = 300.00 km.
   1875.3994
   1875.1228
   1874.2941
   1872.9137
   1870.9829
   1868.5043
   1865.4806
   1861.9159
   1857.8164
   1853.1868
   1848.0374
   1842.3813
   1836.2318
   1829.6078
   1822.5341
   1815.0420
   1807.1477
   1798.8960
   1790.3540
   1781.5684
   1772.5831
   1763.4385
   1754.1677
   1744.7966
   1735.3489
   1725.8433
   1716.2948
   1706.7157
   1697.1154
   1687.5020
   1677.8820
# Travel time at depth = 400.00 km.
   1864.0480
   1863.7719
   1862.9445
   1861.5667
   1859.6392
   1857.1649
   1854.1464
   1850.5879
   1846.4952
   1841.8735
   1836.7324
   1831.0856
   1824.9456
   1818.3314
   1811.2676
   1803.7853
   1795.9010
   1787.6577
   1779.1232
   1770.3438
   1761.3638
   1752.2231
   1742.9559
   1733.5874
   1724.1417
   1714.6376
   1705.0903
   1695.5120
   1685.9122
   1676.2991
   1666.6792
# Travel time at depth = 500.00 km.
   1853.4746
   1853.1991
   1852.3734
   1850.9982
   1849.0745
   1846.6050
   1843.5923
   1840.0405
   1835.9557
   1831.3425
   1826.2108
   1820.5740
   1814.4446
   1807.8413
   1800.7885
   1793.3170
   1785.4438
   1777.2100
   1768.6836
   1759.9113
   1750.9370
   1741.8013
   1732.5377
   1723.1722
   1713.7289
   1704.2264
   1694.6804
   1685.1029
   1675.5038
   1665.8910
   1656.2712
# Travel time at depth = 600.00 km.
   1843.3004
   1843.0254
   1842.2014
   1840.8291
   1838.9094
   1836.4451
   1833.4386
   1829.8940
   1825.8174
   1821.2136
   1816.0918
   1810.4658
   1804.3478
   1797.7562
   1790.7152
   1783.2554
   1775.3940
   1767.1705
   1758.6531
   1749.8882
   1740.9203
   1731.7896
   1722.5302
   1713.1680
   1703.7271
   1694.2266
   1684.6819
   1675.1053
   1665.5068
   1655.8945
   1646.2749
# Travel time at depth = 700.00 km.
   1833.6696
   1833.3953
   1832.5731
   1831.2039
   1829.2886
   1826.8298
   1823.8301
   1820.2936
   1816.2258
   1811.6322
   1806.5212
   1800.9071
   1794.8015
   1788.2228
   1781.1946
   1773.7476
   1765.8994
   1757.6871
   1749.1794
   1740.4230
   1731.4620
   1722.3369
   1713.0820
   1703.7235
   1694.2853
   1684.7869
   1675.2438
   1665.6683
   1656.0706
   1646.4586
   1636.8392
# Modelling error(s)
   1   1
#
   2.700
#@(#)        ak135.PKKPdf     2.1     06 Jun 1996
