# ak135 travel-time table for phase: PKKPbc      
 14   Number of depth samples at the following depths (km):
    0.00   15.00   35.00   50.00   75.00  100.00  150.00  200.00  250.00  300.00
  400.00  500.00  600.00  700.00
 27   Number of distance samples at the following distances (deg):
   72.00   74.00   76.00   78.00   80.00   82.00   84.00   86.00   88.00   90.00
   92.00   94.00   96.00   98.00  100.00  102.00  104.00  106.00  108.00  110.00
  112.00  114.00  116.00  118.00  120.00  122.00  124.00
# Travel time at depth =   0.00 km.
   1873.0571
   1868.8806
   1864.6218
   1860.2854
   1855.8674
   1851.3599
   1846.7566
   1842.0542
   1837.2476
   1832.3278
   1827.2837
   1822.1079
   1816.7925
   1811.3311
   1805.7192
   1799.9584
   1794.0483
   1787.9854
   1781.7664
   1775.3894
   1768.8475
   1762.1310
   1755.2354
   1748.1536
   1740.8663
   1733.3424
   1725.5081
# Travel time at depth =  15.00 km.
   1870.4860
   1866.3102
   1862.0519
   1857.7162
   1853.2988
   1848.7920
   1844.1896
   1839.4879
   1834.6823
   1829.7634
   1824.7206
   1819.5460
   1814.2319
   1808.7720
   1803.1617
   1797.4023
   1791.4939
   1785.4325
   1779.2153
   1772.8402
   1766.3003
   1759.5859
   1752.6925
   1745.6132
   1738.3287
   1730.8083
   1722.9797
# Travel time at depth =  35.00 km.
   1867.3384
   1863.1635
   1858.9061
   1854.5713
   1850.1549
   1845.6492
   1841.0479
   1836.3475
   1831.5432
   1826.6259
   1821.5847
   1816.4120
   1811.0999
   1805.6420
   1800.0339
   1794.2769
   1788.3707
   1782.3118
   1776.0972
   1769.7247
   1763.1876
   1756.4764
   1749.5863
   1742.5106
   1735.2303
   1727.7151
   1719.8948
# Travel time at depth =  50.00 km.
     -1.0000
   1861.3201
   1857.0636
   1852.7295
   1848.3141
   1843.8094
   1839.2092
   1834.5100
   1829.7070
   1824.7913
   1819.7517
   1814.5807
   1809.2705
   1803.8147
   1798.2087
   1792.4539
   1786.5499
   1780.4934
   1774.2812
   1767.9114
   1761.3772
   1754.6689
   1747.7820
   1740.7097
   1733.4336
   1725.9233
   1718.1107
# Travel time at depth =  75.00 km.
     -1.0000
   1858.2489
   1853.9939
   1849.6613
   1845.2474
   1840.7445
   1836.1462
   1831.4490
   1826.6482
   1821.7347
   1816.6980
   1811.5299
   1806.2229
   1800.7705
   1795.1682
   1789.4169
   1783.5167
   1777.4641
   1771.2561
   1764.8906
   1758.3611
   1751.6580
   1744.7764
   1737.7100
   1730.4406
   1722.9385
   1715.1388
# Travel time at depth = 100.00 km.
     -1.0000
   1855.1792
   1850.9255
   1846.5944
   1842.1821
   1837.6810
   1833.0846
   1828.3894
   1823.5907
   1818.6799
   1813.6458
   1808.4807
   1803.1769
   1797.7280
   1792.1293
   1786.3815
   1780.4851
   1774.4366
   1768.2328
   1761.8716
   1755.3468
   1748.6488
   1741.7726
   1734.7120
   1727.4493
   1719.9556
   1712.1685
# Travel time at depth = 150.00 km.
     -1.0000
   1849.0631
   1844.8124
   1840.4840
   1836.0750
   1831.5774
   1826.9849
   1822.2937
   1817.4995
   1812.5936
   1807.5651
   1802.4060
   1797.1088
   1791.6667
   1786.0753
   1780.3350
   1774.4463
   1768.4059
   1762.2106
   1755.8582
   1749.3430
   1742.6554
   1735.7899
   1728.7412
   1721.4922
   1714.0150
   1706.2522
# Travel time at depth = 200.00 km.
     -1.0000
   1843.0454
   1838.7976
   1834.4723
   1830.0667
   1825.5728
   1820.9841
   1816.2972
   1811.5076
   1806.6068
   1801.5839
   1796.4310
   1791.1404
   1785.7057
   1780.1217
   1774.3890
   1768.5083
   1762.4762
   1756.2896
   1749.9463
   1743.4409
   1736.7639
   1729.9097
   1722.8730
   1715.6381
   1708.1776
   1700.4390
# Travel time at depth = 250.00 km.
     -1.0000
   1837.1418
   1832.8972
   1828.5750
   1824.1726
   1819.6826
   1815.0980
   1810.4154
   1805.6305
   1800.7350
   1795.7179
   1790.5714
   1785.2877
   1779.8605
   1774.2843
   1768.5594
   1762.6869
   1756.6635
   1750.4857
   1744.1519
   1737.6566
   1730.9906
   1724.1478
   1717.1237
   1709.9030
   1702.4596
   1694.7449
# Travel time at depth = 300.00 km.
     -1.0000
   1831.3687
   1827.1272
   1822.8081
   1818.4093
   1813.9232
   1809.3429
   1804.6648
   1799.8846
   1794.9946
   1789.9836
   1784.8438
   1779.5671
   1774.1476
   1768.5795
   1762.8628
   1756.9987
   1750.9841
   1744.8157
   1738.4916
   1732.0070
   1725.3522
   1718.5215
   1711.5100
   1704.3041
   1696.8783
   1689.1874
# Travel time at depth = 400.00 km.
     -1.0000
   1820.1942
   1815.9597
   1811.6473
   1807.2560
   1802.7782
   1798.2068
   1793.5381
   1788.7681
   1783.8894
   1778.8912
   1773.7651
   1768.5037
   1763.1002
   1757.5491
   1751.8497
   1746.0034
   1740.0078
   1733.8590
   1727.5553
   1721.0927
   1714.4619
   1707.6562
   1700.6718
   1693.4963
   1686.1067
   1678.4637
# Travel time at depth = 500.00 km.
     -1.0000
   1809.8173
   1805.5905
   1801.2855
   1796.9022
   1792.4336
   1787.8721
   1783.2139
   1778.4551
   1773.5889
   1768.6047
   1763.4940
   1758.2491
   1752.8634
   1747.3312
   1741.6510
   1735.8245
   1729.8496
   1723.7227
   1717.4415
   1711.0031
   1704.3988
   1697.6210
   1690.6660
   1683.5239
   1676.1735
   1668.5807
# Travel time at depth = 600.00 km.
     -1.0000
   1799.8533
   1795.6349
   1791.3379
   1786.9633
   1782.5043
   1777.9534
   1773.3063
   1768.5594
   1763.7065
   1758.7374
   1753.6428
   1748.4156
   1743.0490
   1737.5369
   1731.8773
   1726.0719
   1720.1193
   1714.0155
   1707.7587
   1701.3459
   1694.7698
   1688.0217
   1681.0981
   1673.9911
   1666.6815
   1659.1394
# Travel time at depth = 700.00 km.
     -1.0000
   1790.4523
   1786.2430
   1781.9548
   1777.5896
   1773.1411
   1768.6016
   1763.9667
   1759.2328
   1754.3943
   1749.4414
   1744.3644
   1739.1564
   1733.8103
   1728.3203
   1722.6833
   1716.9009
   1710.9724
   1704.8942
   1698.6638
   1692.2791
   1685.7333
   1679.0177
   1672.1282
   1665.0588
   1657.7927
   1650.3035
# Modelling error(s)
   1   1
#
   3.000
#@(#)        ak135.PKKPbc     2.1     06 Jun 1996
