# ak135 travel-time table for phase: PKKPab      
 14   Number of depth samples at the following depths (km):
    0.00   15.00   35.00   50.00   75.00  100.00  150.00  200.00  250.00  300.00
  400.00  500.00  600.00  700.00
 21   Number of distance samples at the following distances (deg):
  104.00  105.00  106.00  107.00  108.00  109.00  110.00  111.00  112.00  113.00
  114.00  115.00  116.00  117.00  118.00  119.00  120.00  121.00  122.00  123.00
  124.00
# Travel time at depth =   0.00 km.
   1813.3562
   1808.9109
   1804.4661
   1800.0223
   1795.5802
   1791.1400
   1786.7025
   1782.2683
   1777.8380
   1773.4124
   1768.9924
   1764.5791
   1760.1736
   1755.7773
   1751.3920
   1747.0199
   1742.6639
   1738.3279
   1734.0176
   1729.7424
   1725.5260
# Travel time at depth =  15.00 km.
   1810.8407
   1806.3953
   1801.9504
   1797.5067
   1793.0645
   1788.6243
   1784.1866
   1779.7523
   1775.3218
   1770.8961
   1766.4760
   1762.0624
   1757.6566
   1753.2600
   1748.8743
   1744.5017
   1740.1451
   1735.8085
   1731.4972
   1727.2208
   1723.0018
# Travel time at depth =  35.00 km.
   1807.7747
   1803.3292
   1798.8843
   1794.4406
   1789.9982
   1785.5579
   1781.1201
   1776.6855
   1772.2550
   1767.8290
   1763.4086
   1758.9946
   1754.5885
   1750.1914
   1745.8052
   1741.4319
   1737.0746
   1732.7368
   1728.4242
   1724.1459
   1719.9233
# Travel time at depth =  50.00 km.
   1806.0095
   1801.5640
   1797.1191
   1792.6753
   1788.2329
   1783.7925
   1779.3546
   1774.9199
   1770.4890
   1766.0629
   1761.6421
   1757.2279
   1752.8213
   1748.4238
   1744.0370
   1739.6631
   1735.3049
   1730.9663
   1726.6523
   1722.3722
   1718.1464
# Travel time at depth =  75.00 km.
   1803.0697
   1798.6243
   1794.1793
   1789.7354
   1785.2928
   1780.8523
   1776.4142
   1771.9791
   1767.5480
   1763.1215
   1758.7002
   1754.2855
   1749.8783
   1745.4800
   1741.0923
   1736.7173
   1732.3579
   1728.0176
   1723.7015
   1719.4185
   1715.1871
# Travel time at depth = 100.00 km.
   1800.1327
   1795.6871
   1791.2421
   1786.7981
   1782.3555
   1777.9147
   1773.4763
   1769.0411
   1764.6096
   1760.1826
   1755.7610
   1751.3457
   1746.9379
   1742.5388
   1738.1503
   1733.7742
   1729.4135
   1725.0714
   1720.7533
   1716.4673
   1712.2310
# Travel time at depth = 150.00 km.
   1794.2860
   1789.8405
   1785.3954
   1780.9512
   1776.5083
   1772.0671
   1767.6284
   1763.1926
   1758.7605
   1754.3328
   1749.9102
   1745.4938
   1741.0847
   1736.6842
   1732.2938
   1727.9156
   1723.5522
   1719.2070
   1714.8849
   1710.5931
   1706.3472
# Travel time at depth = 200.00 km.
   1788.5472
   1784.1017
   1779.6565
   1775.2120
   1770.7689
   1766.3274
   1761.8883
   1757.4519
   1753.0192
   1748.5906
   1744.1671
   1739.7498
   1735.3394
   1730.9373
   1726.5452
   1722.1648
   1717.7988
   1713.4504
   1709.1241
   1704.8269
   1700.5719
# Travel time at depth = 250.00 km.
     -1.0000
   1778.4874
   1774.0422
   1769.5977
   1765.1542
   1760.7124
   1756.2728
   1751.8359
   1747.4025
   1742.9731
   1738.5488
   1734.1302
   1729.7186
   1725.3151
   1720.9210
   1716.5386
   1712.1699
   1707.8184
   1703.4880
   1699.1852
   1694.9219
# Travel time at depth = 300.00 km.
     -1.0000
   1773.0156
   1768.5703
   1764.1256
   1759.6819
   1755.2397
   1750.7998
   1746.3624
   1741.9282
   1737.4982
   1733.0729
   1728.6532
   1724.2402
   1719.8351
   1715.4393
   1711.0547
   1706.6833
   1702.3285
   1697.9940
   1693.6859
   1689.4144
# Travel time at depth = 400.00 km.
     -1.0000
   1762.4823
   1758.0367
   1753.5917
   1749.1476
   1744.7048
   1740.2639
   1735.8254
   1731.3900
   1726.9583
   1722.5310
   1718.1091
   1713.6935
   1709.2853
   1704.8857
   1700.4967
   1696.1201
   1691.7587
   1687.4160
   1683.0973
   1678.8107
# Travel time at depth = 500.00 km.
     -1.0000
     -1.0000
   1748.3788
   1743.9335
   1739.4889
   1735.0454
   1730.6038
   1726.1642
   1721.7273
   1717.2939
   1712.8646
   1708.4403
   1704.0219
   1699.6104
   1695.2069
   1690.8131
   1686.4309
   1682.0627
   1677.7118
   1673.3822
   1669.0809
# Travel time at depth = 600.00 km.
     -1.0000
     -1.0000
   1739.1938
   1734.7483
   1730.3033
   1725.8594
   1721.4167
   1716.9761
   1712.5380
   1708.1028
   1703.6715
   1699.2448
   1694.8235
   1690.4086
   1686.0012
   1681.6028
   1677.2150
   1672.8401
   1668.4807
   1664.1407
   1659.8257
# Travel time at depth = 700.00 km.
     -1.0000
     -1.0000
     -1.0000
   1726.2108
   1721.7655
   1717.3209
   1712.8776
   1708.4358
   1703.9962
   1699.5594
   1695.1261
   1690.6968
   1686.2726
   1681.8542
   1677.4427
   1673.0396
   1668.6460
   1664.2642
   1659.8965
   1655.5460
   1651.2175
# Modelling error(s)
   1   1
#
   3.000
#@(#)        ak135.PKKPab     2.1     06 Jun 1996
