# ak135 travel-time table for phase: PKKSdf      
 14   Number of depth samples at the following depths (km):
    0.00   15.00   35.00   50.00   75.00  100.00  150.00  200.00  250.00  300.00
  400.00  500.00  600.00  700.00
 32   Number of distance samples at the following distances (deg):
    0.00    5.00   10.00   15.00   20.00   25.00   30.00   35.00   40.00   45.00
   50.00   55.00   60.00   65.00   70.00   75.00   80.00   85.00   90.00   95.00
  100.00  105.00  110.00  115.00  120.00  125.00  130.00  135.00  140.00  145.00
  150.00  155.00
# Travel time at depth =   0.00 km.
   2125.4131
   2125.1492
   2124.3584
   2123.0415
   2121.1992
   2118.8342
   2115.9485
   2112.5459
   2108.6313
   2104.2104
   2099.2878
   2093.8779
   2087.9900
   2081.6387
   2074.8425
   2067.6265
   2060.0171
   2052.0266
   2043.7084
   2035.1183
   2026.2985
   2017.2894
   2008.1284
   1998.8461
   1989.4670
   1980.0138
   1970.5044
   1960.9534
   1951.3724
   1941.7711
   1932.1571
   1922.5370
# Travel time at depth =  15.00 km.
   2122.8267
   2122.5630
   2121.7725
   2120.4556
   2118.6138
   2116.2490
   2113.3638
   2109.9617
   2106.0476
   2101.6272
   2096.7053
   2091.2964
   2085.4089
   2079.0583
   2072.2632
   2065.0481
   2057.4395
   2049.4497
   2041.1323
   2032.5428
   2023.7235
   2014.7148
   2005.5542
   1996.2722
   1986.8933
   1977.4403
   1967.9310
   1958.3801
   1948.7993
   1939.1980
   1929.5840
   1919.9637
# Travel time at depth =  35.00 km.
   2119.6570
   2119.3933
   2118.6030
   2117.2864
   2115.4448
   2113.0806
   2110.1960
   2106.7947
   2102.8816
   2098.4622
   2093.5410
   2088.1333
   2082.2471
   2075.8977
   2069.1038
   2061.8899
   2054.2825
   2046.2938
   2037.9774
   2029.3888
   2020.5703
   2011.5623
   2002.4021
   1993.1205
   1983.7421
   1974.2892
   1964.7802
   1955.2294
   1945.6487
   1936.0474
   1926.4335
   1916.8132
# Travel time at depth =  50.00 km.
   2117.7915
   2117.5278
   2116.7375
   2115.4214
   2113.5803
   2111.2166
   2108.3325
   2104.9319
   2101.0193
   2096.6008
   2091.6809
   2086.2739
   2080.3889
   2074.0408
   2067.2480
   2060.0352
   2052.4290
   2044.4415
   2036.1261
   2027.5383
   2018.7206
   2009.7131
   2000.5535
   1991.2723
   1981.8942
   1972.4415
   1962.9326
   1953.3821
   1943.8014
   1934.2002
   1924.5863
   1914.9662
# Travel time at depth =  75.00 km.
   2114.6833
   2114.4197
   2113.6299
   2112.3140
   2110.4736
   2108.1106
   2105.2275
   2101.8281
   2097.9170
   2093.5000
   2088.5815
   2083.1765
   2077.2932
   2070.9470
   2064.1560
   2056.9453
   2049.3411
   2041.3556
   2033.0417
   2024.4554
   2015.6388
   2006.6324
   1997.4736
   1988.1931
   1978.8156
   1969.3633
   1959.8547
   1950.3043
   1940.7239
   1931.1228
   1921.5089
   1911.8888
# Travel time at depth = 100.00 km.
   2111.5764
   2111.3127
   2110.5232
   2109.2078
   2107.3679
   2105.0059
   2102.1238
   2098.7256
   2094.8157
   2090.4001
   2085.4834
   2080.0801
   2074.1987
   2067.8542
   2061.0654
   2053.8567
   2046.2544
   2038.2709
   2029.9587
   2021.3738
   2012.5585
   2003.5532
   1994.3951
   1985.1154
   1975.7383
   1966.2865
   1956.7782
   1947.2280
   1937.6477
   1928.0468
   1918.4330
   1908.8129
# Travel time at depth = 150.00 km.
   2105.3843
   2105.1211
   2104.3318
   2103.0176
   2101.1790
   2098.8186
   2095.9385
   2092.5427
   2088.6355
   2084.2231
   2079.3096
   2073.9097
   2068.0322
   2061.6919
   2054.9070
   2047.7020
   2040.1038
   2032.1243
   2023.8154
   2015.2336
   2006.4208
   1997.4176
   1988.2612
   1978.9829
   1969.6068
   1960.1560
   1950.6483
   1941.0986
   1931.5187
   1921.9178
   1912.3042
   1902.6842
# Travel time at depth = 200.00 km.
   2099.2886
   2099.0254
   2098.2368
   2096.9236
   2095.0862
   2092.7275
   2089.8496
   2086.4563
   2082.5518
   2078.1426
   2073.2324
   2067.8362
   2061.9626
   2055.6262
   2048.8457
   2041.6448
   2034.0507
   2026.0753
   2017.7699
   2009.1912
   2000.3810
   1991.3799
   1982.2253
   1972.9485
   1963.5736
   1954.1235
   1944.6166
   1935.0674
   1925.4877
   1915.8872
   1906.2737
   1896.6536
# Travel time at depth = 250.00 km.
   2093.3042
   2093.0413
   2092.2532
   2090.9409
   2089.1050
   2086.7480
   2083.8723
   2080.4814
   2076.5801
   2072.1738
   2067.2673
   2061.8750
   2056.0054
   2049.6731
   2042.8969
   2035.7003
   2028.1105
   2020.1394
   2011.8375
   2003.2620
   1994.4545
   1985.4557
   1976.3030
   1967.0276
   1957.6538
   1948.2047
   1938.6985
   1929.1498
   1919.5704
   1909.9702
   1900.3568
   1890.7368
# Travel time at depth = 300.00 km.
   2087.4470
   2087.1843
   2086.3970
   2085.0857
   2083.2512
   2080.8962
   2078.0227
   2074.6343
   2070.7358
   2066.3333
   2061.4302
   2056.0417
   2050.1763
   2043.8485
   2037.0767
   2029.8845
   2022.2992
   2014.3325
   2006.0345
   1997.4622
   1988.6575
   1979.6611
   1970.5104
   1961.2365
   1951.8640
   1942.4158
   1932.9103
   1923.3621
   1913.7832
   1904.1831
   1894.5698
   1884.9500
# Travel time at depth = 400.00 km.
   2076.0955
   2075.8333
   2075.0471
   2073.7380
   2071.9067
   2069.5557
   2066.6868
   2063.3042
   2059.4119
   2055.0161
   2050.1211
   2044.7410
   2038.8843
   2032.5657
   2025.8032
   2018.6205
   2011.0446
   2003.0873
   1994.7972
   1986.2319
   1977.4333
   1968.4419
   1959.2952
   1950.0247
   1940.6548
   1931.2086
   1921.7046
   1912.1576
   1902.5795
   1892.9799
   1883.3669
   1873.7472
# Travel time at depth = 500.00 km.
   2065.5222
   2065.2605
   2064.4758
   2063.1692
   2061.3413
   2058.9944
   2056.1309
   2052.7542
   2048.8691
   2044.4812
   2039.5946
   2034.2238
   2028.3768
   2022.0685
   2015.3164
   2008.1442
   2000.5787
   1992.6318
   1984.3507
   1975.7932
   1967.0013
   1958.0155
   1948.8733
   1939.6066
   1930.2396
   1920.7958
   1911.2935
   1901.7477
   1892.1704
   1882.5715
   1872.9589
   1863.3392
# Travel time at depth = 600.00 km.
   2055.3479
   2055.0867
   2054.3037
   2052.9995
   2051.1753
   2048.8330
   2045.9751
   2042.6051
   2038.7274
   2034.3479
   2029.4706
   2024.1095
   2018.2732
   2011.9757
   2005.2350
   1998.0739
   1990.5195
   1982.5840
   1974.3124
   1965.7634
   1956.9788
   1947.9991
   1938.8618
   1929.5991
   1920.2354
   1910.7939
   1901.2935
   1891.7491
   1882.1729
   1872.5746
   1862.9624
   1853.3429
# Travel time at depth = 700.00 km.
   2045.7172
   2045.4564
   2044.6752
   2043.3739
   2041.5535
   2039.2163
   2036.3645
   2033.0017
   2029.1322
   2024.7618
   2019.8945
   2014.5442
   2008.7194
   2002.4340
   1995.7054
   1988.5565
   1981.0146
   1973.0914
   1964.8303
   1956.2906
   1947.5142
   1938.5411
   1929.4093
   1920.1510
   1910.7909
   1901.3522
   1891.8539
   1882.3109
   1872.7358
   1863.1383
   1853.5265
   1843.9071
# Modelling error(s)
   1   1
#
   3.200
#@(#)        ak135.PKKSdf     2.1     06 Jun 1996
