# ak135 travel-time table for phase: P'P'ab (PKP2ab; PKPPKPab)
 14   Number of depth samples at the following depths (km):
    0.00   15.00   35.00   50.00   75.00  100.00  150.00  200.00  250.00  300.00
  400.00  500.00  600.00  700.00
 23   Number of distance samples at the following distances (deg):
    4.00    7.00   10.00   13.00   16.00   19.00   22.00   25.00   28.00   31.00
   34.00   37.00   40.00   43.00   46.00   49.00   52.00   55.00   58.00   61.00
   64.00   67.00   70.00
# Travel time at depth =   0.00 km.
   2640.3989
   2627.0625
   2613.7288
   2600.4006
   2587.0808
   2573.7732
   2560.4807
   2547.2080
   2533.9595
   2520.7400
   2507.5554
   2494.4121
   2481.3176
   2468.2820
   2455.3159
   2442.4319
   2429.6436
   2416.9734
   2404.4456
   2392.0938
   2379.9731
   2368.1760
   2356.9480
# Travel time at depth =  15.00 km.
   2637.8833
   2624.5469
   2611.2131
   2597.8848
   2584.5652
   2571.2571
   2557.9646
   2544.6917
   2531.4429
   2518.2229
   2505.0378
   2491.8943
   2478.7993
   2465.7627
   2452.7961
   2439.9111
   2427.1218
   2414.4502
   2401.9207
   2389.5671
   2377.4438
   2365.6431
   2354.4060
# Travel time at depth =  35.00 km.
   2634.8174
   2621.4807
   2608.1470
   2594.8186
   2581.4988
   2568.1904
   2554.8977
   2541.6245
   2528.3750
   2515.1548
   2501.9692
   2488.8247
   2475.7290
   2462.6917
   2449.7236
   2436.8374
   2424.0464
   2411.3728
   2398.8411
   2386.4846
   2374.3574
   2362.5513
   2351.3018
# Travel time at depth =  50.00 km.
   2633.0522
   2619.7156
   2606.3818
   2593.0532
   2579.7332
   2566.4248
   2553.1318
   2539.8582
   2526.6084
   2513.3877
   2500.2014
   2487.0564
   2473.9597
   2460.9214
   2447.9524
   2435.0647
   2422.2722
   2409.5969
   2397.0627
   2384.7034
   2372.5728
   2360.7612
   2349.5000
# Travel time at depth =  75.00 km.
   2630.1123
   2616.7759
   2603.4419
   2590.1133
   2576.7930
   2563.4841
   2550.1907
   2536.9165
   2523.6660
   2510.4446
   2497.2573
   2484.1111
   2471.0132
   2457.9731
   2445.0022
   2432.1125
   2419.3174
   2406.6387
   2394.1011
   2381.7371
   2369.6001
   2357.7798
   2346.4995
# Travel time at depth = 100.00 km.
   2627.1753
   2613.8386
   2600.5046
   2587.1758
   2573.8552
   2560.5461
   2547.2522
   2533.9775
   2520.7263
   2507.5039
   2494.3159
   2481.1685
   2468.0691
   2455.0276
   2442.0547
   2429.1626
   2416.3650
   2403.6833
   2391.1418
   2378.7729
   2366.6299
   2354.8008
   2343.5022
# Travel time at depth = 150.00 km.
     -1.0000
   2607.9922
   2594.6577
   2581.3286
   2568.0076
   2554.6978
   2541.4028
   2528.1270
   2514.8745
   2501.6504
   2488.4604
   2475.3108
   2462.2087
   2449.1638
   2436.1873
   2423.2908
   2410.4878
   2397.7996
   2385.2505
   2372.8721
   2360.7166
   2348.8699
   2337.5359
# Travel time at depth = 200.00 km.
     -1.0000
   2602.2532
   2588.9187
   2575.5891
   2562.2676
   2548.9570
   2535.6614
   2522.3843
   2509.1304
   2495.9045
   2482.7126
   2469.5605
   2456.4558
   2443.4075
   2430.4270
   2417.5259
   2404.7175
   2392.0227
   2379.4658
   2367.0776
   2354.9094
   2343.0449
   2331.6763
# Travel time at depth = 250.00 km.
     -1.0000
   2596.6389
   2583.3044
   2569.9744
   2556.6523
   2543.3411
   2530.0444
   2516.7661
   2503.5107
   2490.2832
   2477.0891
   2463.9346
   2450.8269
   2437.7751
   2424.7905
   2411.8848
   2399.0710
   2386.3694
   2373.8044
   2361.4065
   2349.2249
   2337.3423
   2325.9395
# Travel time at depth = 300.00 km.
     -1.0000
   2591.1672
   2577.8323
   2564.5020
   2551.1794
   2537.8674
   2524.5698
   2511.2903
   2498.0334
   2484.8042
   2471.6079
   2458.4507
   2445.3401
   2432.2849
   2419.2961
   2406.3855
   2393.5659
   2380.8572
   2368.2839
   2355.8757
   2343.6807
   2331.7795
   2320.3430
# Travel time at depth = 400.00 km.
     -1.0000
   2580.6338
   2567.2983
   2553.9675
   2540.6436
   2527.3301
   2514.0303
   2500.7483
   2487.4885
   2474.2554
   2461.0547
   2447.8923
   2434.7754
   2421.7126
   2408.7151
   2395.7939
   2382.9626
   2370.2393
   2357.6484
   2345.2188
   2332.9961
   2321.0562
   2309.5527
# Travel time at depth = 500.00 km.
     -1.0000
   2570.9758
   2557.6401
   2544.3083
   2530.9832
   2517.6680
   2504.3662
   2491.0813
   2477.8181
   2464.5808
   2451.3750
   2438.2068
   2425.0830
   2412.0122
   2399.0046
   2386.0725
   2373.2278
   2360.4883
   2347.8782
   2335.4250
   2323.1719
   2311.1904
   2299.6182
# Travel time at depth = 600.00 km.
     -1.0000
   2561.7908
   2548.4548
   2535.1223
   2521.7959
   2508.4790
   2495.1748
   2481.8870
   2468.6201
   2455.3784
   2442.1675
   2428.9932
   2415.8621
   2402.7825
   2389.7646
   2376.8201
   2363.9614
   2351.2051
   2338.5745
   2326.0964
   2313.8115
   2301.7866
   2290.1460
# Travel time at depth = 700.00 km.
     -1.0000
   2553.2534
   2539.9170
   2526.5837
   2513.2561
   2499.9373
   2486.6306
   2473.3396
   2460.0688
   2446.8225
   2433.6057
   2420.4246
   2407.2856
   2394.1965
   2381.1675
   2368.2097
   2355.3359
   2342.5610
   2329.9082
   2317.4033
   2305.0845
   2293.0134
   2281.3030
# Modelling error(s)
   1   1
#
   3.000
#@(#)        ak135.PKP2ab     2.1     06 Jun 1996
