# ak135 travel-time table for phase: P'P'df (PKP2df; PKPPKPdf)
 14   Number of depth samples at the following depths (km):
    0.00   15.00   35.00   50.00   75.00  100.00  150.00  200.00  250.00  300.00
  400.00  500.00  600.00  700.00
 44   Number of distance samples at the following distances (deg):
    0.00    3.00    6.00    9.00   12.00   15.00   18.00   21.00   24.00   27.00
   30.00   33.00   36.00   39.00   42.00   45.00   48.00   51.00   54.00   57.00
   60.00   63.00   66.00   69.00   72.00   75.00   78.00   81.00   84.00   87.00
   90.00   93.00   96.00   99.00  102.00  105.00  108.00  111.00  114.00  117.00
  120.00  123.00  126.00  129.00
# Travel time at depth =   0.00 km.
   2425.0547
   2424.9246
   2424.5344
   2423.8850
   2422.9758
   2421.8081
   2420.3826
   2418.7000
   2416.7622
   2414.5708
   2412.1287
   2409.4377
   2406.4998
   2403.3232
   2399.9114
   2396.2705
   2392.4084
   2388.3342
   2384.0596
   2379.5979
   2374.9565
   2370.1414
   2365.1787
   2360.0930
   2354.8992
   2349.6116
   2344.2437
   2338.8071
   2333.3123
   2327.7686
   2322.1821
   2316.5593
   2310.9065
   2305.2283
   2299.5291
   2293.8123
   2288.0813
   2282.3386
   2276.5864
   2270.8271
   2265.0623
   2259.2935
   2253.5222
   2247.7495
# Travel time at depth =  15.00 km.
   2422.4685
   2422.3384
   2421.9485
   2421.2988
   2420.3901
   2419.2224
   2417.7971
   2416.1150
   2414.1777
   2411.9868
   2409.5449
   2406.8547
   2403.9172
   2400.7412
   2397.3301
   2393.6899
   2389.8284
   2385.7549
   2381.4807
   2377.0200
   2372.3792
   2367.5645
   2362.6025
   2357.5173
   2352.3237
   2347.0366
   2341.6689
   2336.2324
   2330.7380
   2325.1946
   2319.6082
   2313.9856
   2308.3328
   2302.6548
   2296.9556
   2291.2390
   2285.5078
   2279.7651
   2274.0132
   2268.2539
   2262.4890
   2256.7205
   2250.9490
   2245.1765
# Travel time at depth =  35.00 km.
   2419.2988
   2419.1687
   2418.7788
   2418.1296
   2417.2209
   2416.0537
   2414.6289
   2412.9473
   2411.0105
   2408.8201
   2406.3792
   2403.6895
   2400.7529
   2397.5776
   2394.1675
   2390.5283
   2386.6677
   2382.5952
   2378.3220
   2373.8621
   2369.2224
   2364.4087
   2359.4473
   2354.3628
   2349.1697
   2343.8831
   2338.5159
   2333.0801
   2327.5859
   2322.0427
   2316.4565
   2310.8342
   2305.1816
   2299.5037
   2293.8047
   2288.0881
   2282.3572
   2276.6145
   2270.8625
   2265.1033
   2259.3386
   2253.5698
   2247.7986
   2242.0259
# Travel time at depth =  50.00 km.
   2417.4333
   2417.3032
   2416.9136
   2416.2644
   2415.3562
   2414.1892
   2412.7646
   2411.0835
   2409.1472
   2406.9575
   2404.5171
   2401.8284
   2398.8923
   2395.7183
   2392.3088
   2388.6704
   2384.8108
   2380.7393
   2376.4670
   2372.0081
   2367.3691
   2362.5564
   2357.5957
   2352.5117
   2347.3193
   2342.0332
   2336.6665
   2331.2310
   2325.7373
   2320.1941
   2314.6084
   2308.9863
   2303.3337
   2297.6560
   2291.9570
   2286.2407
   2280.5098
   2274.7673
   2269.0154
   2263.2561
   2257.4915
   2251.7227
   2245.9514
   2240.1787
# Travel time at depth =  75.00 km.
   2414.3252
   2414.1951
   2413.8057
   2413.1567
   2412.2490
   2411.0825
   2409.6587
   2407.9785
   2406.0430
   2403.8542
   2401.4150
   2398.7275
   2395.7930
   2392.6201
   2389.2122
   2385.5752
   2381.7170
   2377.6472
   2373.3765
   2368.9189
   2364.2817
   2359.4702
   2354.5107
   2349.4280
   2344.2366
   2338.9514
   2333.5854
   2328.1504
   2322.6572
   2317.1147
   2311.5293
   2305.9075
   2300.2554
   2294.5776
   2288.8789
   2283.1628
   2277.4321
   2271.6897
   2265.9380
   2260.1787
   2254.4141
   2248.6453
   2242.8740
   2237.1016
# Travel time at depth = 100.00 km.
   2411.2180
   2411.0881
   2410.6987
   2410.0503
   2409.1428
   2407.9771
   2406.5540
   2404.8745
   2402.9399
   2400.7522
   2398.3142
   2395.6277
   2392.6946
   2389.5229
   2386.1167
   2382.4812
   2378.6248
   2374.5562
   2370.2871
   2365.8311
   2361.1953
   2356.3855
   2351.4272
   2346.3457
   2341.1553
   2335.8708
   2330.5056
   2325.0713
   2319.5786
   2314.0366
   2308.4514
   2302.8301
   2297.1782
   2291.5010
   2285.8025
   2280.0864
   2274.3557
   2268.6135
   2262.8618
   2257.1028
   2251.3379
   2245.5693
   2239.7981
   2234.0256
# Travel time at depth = 150.00 km.
   2405.0261
   2404.8962
   2404.5073
   2403.8594
   2402.9529
   2401.7883
   2400.3665
   2398.6887
   2396.7559
   2394.5703
   2392.1345
   2389.4507
   2386.5203
   2383.3516
   2379.9480
   2376.3159
   2372.4624
   2368.3972
   2364.1313
   2359.6782
   2355.0457
   2350.2388
   2345.2832
   2340.2036
   2335.0151
   2329.7327
   2324.3689
   2318.9360
   2313.4443
   2307.9033
   2302.3191
   2296.6985
   2291.0471
   2285.3704
   2279.6721
   2273.9565
   2268.2263
   2262.4841
   2256.7327
   2250.9736
   2245.2092
   2239.4407
   2233.6694
   2227.8967
# Travel time at depth = 200.00 km.
   2398.9302
   2398.8005
   2398.4121
   2397.7649
   2396.8591
   2395.6956
   2394.2754
   2392.5991
   2390.6685
   2388.4849
   2386.0515
   2383.3701
   2380.4424
   2377.2769
   2373.8765
   2370.2473
   2366.3972
   2362.3352
   2358.0725
   2353.6228
   2348.9934
   2344.1897
   2339.2366
   2334.1594
   2328.9731
   2323.6924
   2318.3301
   2312.8984
   2307.4082
   2301.8682
   2296.2847
   2290.6648
   2285.0142
   2279.3379
   2273.6401
   2267.9248
   2262.1948
   2256.4531
   2250.7017
   2244.9429
   2239.1785
   2233.4099
   2227.6387
   2221.8662
# Travel time at depth = 250.00 km.
   2392.9458
   2392.8162
   2392.4282
   2391.7815
   2390.8770
   2389.7146
   2388.2959
   2386.6213
   2384.6926
   2382.5112
   2380.0803
   2377.4016
   2374.4768
   2371.3140
   2367.9170
   2364.2913
   2360.4446
   2356.3860
   2352.1267
   2347.6799
   2343.0542
   2338.2534
   2333.3032
   2328.2285
   2323.0442
   2317.7654
   2312.4048
   2306.9746
   2301.4854
   2295.9463
   2290.3640
   2284.7449
   2279.0947
   2273.4192
   2267.7219
   2262.0068
   2256.2771
   2250.5356
   2244.7844
   2239.0259
   2233.2615
   2227.4932
   2221.7219
   2215.9495
# Travel time at depth = 300.00 km.
   2387.0886
   2386.9592
   2386.5715
   2385.9258
   2385.0220
   2383.8611
   2382.4436
   2380.7710
   2378.8442
   2376.6653
   2374.2368
   2371.5610
   2368.6392
   2365.4795
   2362.0857
   2358.4634
   2354.6204
   2350.5652
   2346.3093
   2341.8662
   2337.2439
   2332.4465
   2327.4990
   2322.4268
   2317.2449
   2311.9678
   2306.6091
   2301.1804
   2295.6924
   2290.1545
   2284.5730
   2278.9546
   2273.3052
   2267.6301
   2261.9333
   2256.2188
   2250.4895
   2244.7480
   2238.9971
   2233.2388
   2227.4746
   2221.7061
   2215.9351
   2210.1626
# Travel time at depth = 400.00 km.
   2375.7373
   2375.6082
   2375.2212
   2374.5769
   2373.6753
   2372.5168
   2371.1028
   2369.4338
   2367.5115
   2365.3374
   2362.9143
   2360.2441
   2357.3286
   2354.1758
   2350.7888
   2347.1738
   2343.3381
   2339.2905
   2335.0420
   2330.6060
   2325.9910
   2321.2009
   2316.2593
   2311.1924
   2306.0151
   2300.7424
   2295.3872
   2289.9617
   2284.4766
   2278.9409
   2273.3613
   2267.7446
   2262.0969
   2256.4229
   2250.7271
   2245.0134
   2239.2847
   2233.5439
   2227.7935
   2222.0354
   2216.2715
   2210.5032
   2204.7322
   2198.9597
# Travel time at depth = 500.00 km.
   2365.1641
   2365.0352
   2364.6494
   2364.0066
   2363.1072
   2361.9517
   2360.5413
   2358.8765
   2356.9587
   2354.7900
   2352.3728
   2349.7095
   2346.8008
   2343.6550
   2340.2759
   2336.6689
   2332.8416
   2328.8022
   2324.5620
   2320.1338
   2315.5271
   2310.7449
   2305.8101
   2300.7490
   2295.5771
   2290.3091
   2284.9580
   2279.5359
   2274.0537
   2268.5208
   2262.9436
   2257.3289
   2251.6826
   2246.0100
   2240.3154
   2234.6025
   2228.8745
   2223.1345
   2217.3845
   2211.6267
   2205.8630
   2200.0952
   2194.3242
   2188.5518
# Travel time at depth = 600.00 km.
   2354.9897
   2354.8613
   2354.4766
   2353.8354
   2352.9385
   2351.7861
   2350.3794
   2348.7190
   2346.8066
   2344.6436
   2342.2327
   2339.5762
   2336.6750
   2333.5371
   2330.1665
   2326.5681
   2322.7493
   2318.7190
   2314.4873
   2310.0679
   2305.4700
   2300.6963
   2295.7688
   2290.7144
   2285.5481
   2280.2852
   2274.9385
   2269.5203
   2264.0413
   2258.5110
   2252.9363
   2247.3237
   2241.6792
   2236.0081
   2230.3147
   2224.6028
   2218.8760
   2213.1365
   2207.3870
   2201.6296
   2195.8662
   2190.0986
   2184.3279
   2178.5554
# Travel time at depth = 700.00 km.
   2345.3589
   2345.2307
   2344.8472
   2344.2080
   2343.3137
   2342.1648
   2340.7622
   2339.1067
   2337.1997
   2335.0430
   2332.6389
   2329.9900
   2327.0972
   2323.9678
   2320.6060
   2317.0171
   2313.2080
   2309.1873
   2304.9656
   2300.5554
   2295.9670
   2291.2029
   2286.2834
   2281.2358
   2276.0762
   2270.8186
   2265.4771
   2260.0630
   2254.5876
   2249.0605
   2243.4885
   2237.8782
   2232.2356
   2226.5662
   2220.8743
   2215.1636
   2209.4375
   2203.6987
   2197.9500
   2192.1931
   2186.4302
   2180.6626
   2174.8921
   2169.1199
# Modelling error(s)
   1   1
#
   2.700
#@(#)        ak135.PKP2df     2.1     06 Jun 1996
