# ak135 travel-time table for phase: P'P'P'df (PKP3df back branch)
 14   Number of depth samples at the following depths (km):
    0.00   15.00   35.00   50.00   75.00  100.00  150.00  200.00  250.00  300.00
  400.00  500.00  600.00  700.00
 37   Number of distance samples at the following distances (deg):
    0.00    5.00   10.00   15.00   20.00   25.00   30.00   35.00   40.00   45.00
   50.00   55.00   60.00   65.00   70.00   75.00   80.00   85.00   90.00   95.00
  100.00  105.00  110.00  115.00  120.00  125.00  130.00  135.00  140.00  145.00
  150.00  155.00  160.00  165.00  170.00  175.00  180.00
# Travel time at depth =   0.00 km.
   3397.5935
   3407.2012
   3416.7981
   3426.3809
   3435.9448
   3445.4854
   3454.9958
   3464.4700
   3473.8989
   3483.2729
   3492.5801
   3501.8069
   3510.9392
   3519.9578
   3528.8398
   3537.5596
   3546.0881
   3554.3950
   3562.4351
   3570.1538
   3577.5391
   3584.5728
   3591.2275
   3597.4817
   3603.3179
   3608.7212
   3613.6851
   3618.1929
   3622.2402
   3625.8223
   3628.9341
   3631.5718
   3633.7332
   3635.4160
   3636.6189
   3637.3411
   3637.5820
# Travel time at depth =  15.00 km.
   3395.0203
   3404.6279
   3414.2249
   3423.8076
   3433.3716
   3442.9119
   3452.4224
   3461.8965
   3471.3252
   3480.6992
   3490.0061
   3499.2324
   3508.3647
   3517.3828
   3526.2644
   3534.9839
   3543.5120
   3551.8181
   3559.8574
   3567.5757
   3574.9602
   3581.9932
   3588.6472
   3594.9006
   3600.7361
   3606.1389
   3611.1021
   3615.6094
   3619.6560
   3623.2375
   3626.3489
   3628.9863
   3631.1475
   3632.8301
   3634.0327
   3634.7549
   3634.9958
# Travel time at depth =  35.00 km.
   3391.8696
   3401.4773
   3411.0742
   3420.6567
   3430.2207
   3439.7610
   3449.2715
   3458.7451
   3468.1738
   3477.5476
   3486.8542
   3496.0803
   3505.2122
   3514.2297
   3523.1108
   3531.8296
   3540.3569
   3548.6624
   3556.7007
   3564.4177
   3571.8013
   3578.8333
   3585.4861
   3591.7385
   3597.5728
   3602.9749
   3607.9370
   3612.4434
   3616.4893
   3620.0703
   3623.1809
   3625.8179
   3627.9785
   3629.6609
   3630.8633
   3631.5852
   3631.8262
# Travel time at depth =  50.00 km.
   3390.0225
   3399.6301
   3409.2271
   3418.8096
   3428.3733
   3437.9136
   3447.4238
   3456.8975
   3466.3259
   3475.6992
   3485.0056
   3494.2314
   3503.3628
   3512.3801
   3521.2607
   3529.9788
   3538.5054
   3546.8101
   3554.8474
   3562.5635
   3569.9460
   3576.9768
   3583.6289
   3589.8801
   3595.7136
   3601.1145
   3606.0759
   3610.5815
   3614.6267
   3618.2070
   3621.3171
   3623.9534
   3626.1138
   3627.7959
   3628.9980
   3629.7197
   3629.9607
# Travel time at depth =  75.00 km.
   3386.9451
   3396.5527
   3406.1494
   3415.7319
   3425.2957
   3434.8354
   3444.3457
   3453.8191
   3463.2471
   3472.6201
   3481.9263
   3491.1514
   3500.2822
   3509.2988
   3518.1782
   3526.8953
   3535.4209
   3543.7241
   3551.7600
   3559.4744
   3566.8552
   3573.8843
   3580.5344
   3586.7842
   3592.6160
   3598.0151
   3602.9751
   3607.4792
   3611.5234
   3615.1025
   3618.2117
   3620.8472
   3623.0068
   3624.6882
   3625.8901
   3626.6116
   3626.8525
# Travel time at depth = 100.00 km.
   3383.8691
   3393.4766
   3403.0732
   3412.6558
   3422.2192
   3431.7590
   3441.2688
   3450.7419
   3460.1699
   3469.5425
   3478.8479
   3488.0728
   3497.2029
   3506.2185
   3515.0972
   3523.8132
   3532.3376
   3540.6396
   3548.6738
   3556.3865
   3563.7656
   3570.7930
   3577.4414
   3583.6892
   3589.5193
   3594.9172
   3599.8757
   3604.3784
   3608.4211
   3611.9993
   3615.1074
   3617.7422
   3619.9009
   3621.5820
   3622.7834
   3623.5046
   3623.7454
# Travel time at depth = 150.00 km.
   3377.7402
   3387.3477
   3396.9441
   3406.5264
   3416.0896
   3425.6289
   3435.1384
   3444.6111
   3454.0383
   3463.4102
   3472.7146
   3481.9382
   3491.0671
   3500.0813
   3508.9583
   3517.6721
   3526.1938
   3534.4934
   3542.5242
   3550.2332
   3557.6091
   3564.6328
   3571.2778
   3577.5222
   3583.3489
   3588.7434
   3593.6990
   3598.1990
   3602.2390
   3605.8147
   3608.9209
   3611.5540
   3613.7114
   3615.3914
   3616.5920
   3617.3127
   3617.5535
# Travel time at depth = 200.00 km.
   3371.7097
   3381.3169
   3390.9133
   3400.4951
   3410.0581
   3419.5972
   3429.1062
   3438.5781
   3448.0046
   3457.3757
   3466.6792
   3475.9019
   3485.0293
   3494.0420
   3502.9170
   3511.6287
   3520.1479
   3528.4446
   3536.4719
   3544.1775
   3551.5498
   3558.5698
   3565.2112
   3571.4519
   3577.2751
   3582.6665
   3587.6189
   3592.1157
   3596.1533
   3599.7268
   3602.8311
   3605.4622
   3607.6182
   3609.2971
   3610.4968
   3611.2170
   3611.4575
# Travel time at depth = 250.00 km.
   3365.7927
   3375.3997
   3384.9958
   3394.5776
   3404.1404
   3413.6790
   3423.1875
   3432.6589
   3442.0847
   3451.4551
   3460.7576
   3469.9788
   3479.1050
   3488.1160
   3496.9890
   3505.6985
   3514.2151
   3522.5088
   3530.5327
   3538.2344
   3545.6030
   3552.6194
   3559.2568
   3565.4939
   3571.3137
   3576.7014
   3581.6506
   3586.1448
   3590.1794
   3593.7505
   3596.8525
   3599.4819
   3601.6365
   3603.3142
   3604.5132
   3605.2329
   3605.4731
# Travel time at depth = 300.00 km.
   3360.0056
   3369.6125
   3379.2087
   3388.7900
   3398.3525
   3407.8906
   3417.3987
   3426.8696
   3436.2947
   3445.6641
   3454.9656
   3464.1855
   3473.3103
   3482.3196
   3491.1904
   3499.8977
   3508.4116
   3516.7021
   3524.7224
   3532.4202
   3539.7852
   3546.7976
   3553.4312
   3559.6643
   3565.4802
   3570.8645
   3575.8103
   3580.3013
   3584.3333
   3587.9019
   3591.0017
   3593.6292
   3595.7822
   3597.4585
   3598.6567
   3599.3760
   3599.6162
# Travel time at depth = 400.00 km.
   3348.8025
   3358.4092
   3368.0049
   3377.5857
   3387.1475
   3396.6848
   3406.1919
   3415.6616
   3425.0852
   3434.4526
   3443.7517
   3452.9692
   3462.0908
   3471.0964
   3479.9629
   3488.6650
   3497.1733
   3505.4575
   3513.4700
   3521.1597
   3528.5164
   3535.5208
   3542.1460
   3548.3708
   3554.1790
   3559.5557
   3564.4944
   3568.9788
   3573.0049
   3576.5681
   3579.6631
   3582.2869
   3584.4365
   3586.1104
   3587.3066
   3588.0249
   3588.2646
# Travel time at depth = 500.00 km.
   3338.3943
   3348.0005
   3357.5957
   3367.1760
   3376.7371
   3386.2737
   3395.7795
   3405.2476
   3414.6694
   3424.0349
   3433.3315
   3442.5461
   3451.6641
   3460.6655
   3469.5273
   3478.2241
   3486.7258
   3495.0029
   3503.0066
   3510.6870
   3518.0349
   3525.0300
   3531.6460
   3537.8621
   3543.6611
   3549.0295
   3553.9604
   3558.4375
   3562.4570
   3566.0144
   3569.1045
   3571.7236
   3573.8696
   3575.5408
   3576.7351
   3577.4519
   3577.6914
# Travel time at depth = 600.00 km.
   3328.3975
   3338.0034
   3347.5981
   3357.1780
   3366.7380
   3376.2734
   3385.7781
   3395.2449
   3404.6648
   3414.0278
   3423.3218
   3432.5332
   3441.6475
   3450.6445
   3459.5012
   3468.1917
   3476.6865
   3484.9558
   3492.9502
   3500.6208
   3507.9592
   3514.9443
   3521.5505
   3527.7566
   3533.5464
   3538.9060
   3543.8284
   3548.2976
   3552.3103
   3555.8611
   3558.9456
   3561.5601
   3563.7024
   3565.3704
   3566.5625
   3567.2781
   3567.5171
# Travel time at depth = 700.00 km.
   3318.9614
   3328.5669
   3338.1611
   3347.7400
   3357.2993
   3366.8337
   3376.3369
   3385.8018
   3395.2197
   3404.5806
   3413.8713
   3423.0793
   3432.1895
   3441.1814
   3450.0325
   3458.7163
   3467.2036
   3475.4641
   3483.4482
   3491.1082
   3498.4358
   3505.4104
   3512.0056
   3518.2012
   3523.9807
   3529.3303
   3534.2437
   3538.7043
   3542.7092
   3546.2534
   3549.3318
   3551.9412
   3554.0791
   3555.7439
   3556.9336
   3557.6477
   3557.8862
# Modelling error(s)
   1   1
#
   3.500
#@(#)        ak135.PKP3df_B     2.1     06 Jun 1996
