# ak135 travel-time table for phase: P'P'P'ab (PKP3ab)
 14   Number of depth samples at the following depths (km):
    0.00   15.00   35.00   50.00   75.00  100.00  150.00  200.00  250.00  300.00
  400.00  500.00  600.00  700.00
 20   Number of distance samples at the following distances (deg):
   75.00   80.00   85.00   90.00   95.00  100.00  105.00  110.00  115.00  120.00
  125.00  130.00  135.00  140.00  145.00  150.00  155.00  160.00  165.00  170.00
# Travel time at depth =   0.00 km.
   3535.4219
   3554.1995
   3573.9641
   3594.2830
   3614.9912
   3635.9946
   3657.2363
   3678.6680
   3700.2563
   3721.9766
   3743.8052
   3765.7229
   3787.7144
   3809.7666
   3831.8687
   3854.0107
   3876.1836
   3898.3801
   3920.5930
   3942.8162
# Travel time at depth =  15.00 km.
   3532.8799
   3551.6670
   3571.4353
   3591.7568
   3612.4670
   3633.4722
   3654.7153
   3676.1479
   3697.7371
   3719.4580
   3741.2874
   3763.2056
   3785.1975
   3807.2500
   3829.3525
   3851.4946
   3873.6680
   3895.8645
   3918.0774
   3940.3008
# Travel time at depth =  35.00 km.
   3529.7754
   3548.5759
   3568.3501
   3588.6755
   3609.3887
   3630.3960
   3651.6409
   3673.0752
   3694.6658
   3716.3879
   3738.2180
   3760.1370
   3782.1294
   3804.1826
   3826.2854
   3848.4280
   3870.6013
   3892.7981
   3915.0112
   3937.2346
# Travel time at depth =  50.00 km.
   3527.9731
   3546.7864
   3566.5662
   3586.8953
   3607.6113
   3628.6211
   3649.8679
   3671.3037
   3692.8955
   3714.6187
   3736.4497
   3758.3694
   3780.3623
   3802.4163
   3824.5193
   3846.6621
   3868.8359
   3891.0330
   3913.2461
   3935.4695
# Travel time at depth =  75.00 km.
   3524.9719
   3543.8062
   3563.5950
   3583.9304
   3604.6511
   3625.6648
   3646.9148
   3668.3530
   3689.9470
   3711.6721
   3733.5046
   3755.4255
   3777.4197
   3799.4741
   3821.5781
   3843.7214
   3865.8955
   3888.0928
   3910.3062
   3932.5298
# Travel time at depth = 100.00 km.
   3521.9736
   3540.8281
   3560.6260
   3580.9680
   3601.6936
   3622.7109
   3643.9641
   3665.4050
   3687.0012
   3708.7280
   3730.5620
   3752.4841
   3774.4792
   3796.5347
   3818.6392
   3840.7832
   3862.9578
   3885.1553
   3907.3689
   3929.5925
# Travel time at depth = 150.00 km.
   3516.0046
   3534.8989
   3554.7153
   3575.0703
   3595.8057
   3616.8308
   3638.0903
   3659.5364
   3681.1370
   3702.8674
   3724.7046
   3746.6292
   3768.6262
   3790.6836
   3812.7896
   3834.9346
   3857.1099
   3879.3081
   3901.5222
   3923.7458
# Travel time at depth = 200.00 km.
   3510.1416
   3529.0752
   3548.9106
   3569.2788
   3590.0242
   3611.0574
   3632.3235
   3653.7749
   3675.3799
   3697.1143
   3718.9543
   3740.8816
   3762.8811
   3784.9399
   3807.0474
   3829.1934
   3851.3699
   3873.5686
   3895.7830
   3918.0071
# Travel time at depth = 250.00 km.
   3504.4006
   3523.3735
   3543.2285
   3563.6104
   3584.3660
   3605.4075
   3626.6804
   3648.1372
   3669.7471
   3691.4854
   3713.3286
   3735.2585
   3757.2603
   3779.3208
   3801.4297
   3823.5771
   3845.7542
   3867.9536
   3890.1687
   3912.3928
# Travel time at depth = 300.00 km.
   3498.7993
   3517.8113
   3537.6865
   3558.0823
   3578.8486
   3599.8987
   3621.1787
   3642.6411
   3664.2559
   3685.9980
   3707.8450
   3729.7776
   3751.7815
   3773.8440
   3795.9543
   3818.1030
   3840.2810
   3862.4812
   3884.6965
   3906.9211
# Travel time at depth = 400.00 km.
   3487.9966
   3507.0879
   3527.0051
   3547.4304
   3568.2192
   3589.2874
   3610.5820
   3632.0566
   3653.6816
   3675.4324
   3697.2861
   3719.2246
   3741.2334
   3763.3000
   3785.4138
   3807.5647
   3829.7449
   3851.9463
   3874.1626
   3896.3875
# Travel time at depth = 500.00 km.
   3478.0459
   3497.2202
   3517.1833
   3537.6414
   3558.4546
   3579.5432
   3600.8542
   3622.3423
   3643.9785
   3665.7390
   3687.6003
   3709.5454
   3731.5596
   3753.6306
   3775.7478
   3797.9016
   3820.0840
   3842.2869
   3864.5042
   3886.7295
# Travel time at depth = 600.00 km.
   3468.5537
   3487.8123
   3507.8237
   3528.3162
   3549.1560
   3570.2661
   3591.5945
   3613.0969
   3634.7456
   3656.5161
   3678.3860
   3700.3379
   3722.3579
   3744.4336
   3766.5547
   3788.7114
   3810.8960
   3833.1006
   3855.3188
   3877.5447
# Travel time at depth = 700.00 km.
   3459.6858
   3479.0317
   3499.0955
   3519.6255
   3540.4941
   3561.6279
   3582.9753
   3604.4937
   3626.1558
   3647.9373
   3669.8162
   3691.7759
   3713.8020
   3735.8831
   3758.0081
   3780.1682
   3802.3552
   3824.5615
   3846.7808
   3869.0071
# Modelling error(s)
   1   1
#
   3.800
#@(#)        ak135.PKP3ab     2.1     06 Jun 1996
