# ak135 travel-time table for phase: PKPab       
 14   Number of depth samples at the following depths (km):
    0.00   15.00   35.00   50.00   75.00  100.00  150.00  200.00  250.00  300.00
  400.00  500.00  600.00  700.00
 34   Number of distance samples at the following distances (deg):
  145.00  146.00  147.00  148.00  149.00  150.00  151.00  152.00  153.00  154.00
  155.00  156.00  157.00  158.00  159.00  160.00  161.00  162.00  163.00  164.00
  165.00  166.00  167.00  168.00  169.00  170.00  171.00  172.00  173.00  174.00
  175.00  176.00  177.00  178.00
# Travel time at depth =   0.00 km.
   1178.4740
   1182.1722
   1186.0320
   1189.9866
   1194.0122
   1198.0944
   1202.2228
   1206.3901
   1210.5911
   1214.8218
   1219.0787
   1223.3584
   1227.6580
   1231.9758
   1236.3099
   1240.6588
   1245.0208
   1249.3940
   1253.7777
   1258.1704
   1262.5714
   1266.9797
   1271.3945
   1275.8149
   1280.2404
   1284.6702
   1289.1038
   1293.5404
   1297.9797
   1302.4213
   1306.8644
   1311.3087
   1315.7539
   1320.1995
# Travel time at depth =  15.00 km.
   1175.9321
   1179.6375
   1183.5004
   1187.4573
   1191.4846
   1195.5682
   1199.6980
   1203.8665
   1208.0684
   1212.2999
   1216.5576
   1220.8379
   1225.1381
   1229.4564
   1233.7911
   1238.1404
   1242.5027
   1246.8763
   1251.2603
   1255.6533
   1260.0546
   1264.4630
   1268.8781
   1273.2986
   1277.7242
   1282.1542
   1286.5879
   1291.0247
   1295.4640
   1299.9055
   1304.3488
   1308.7931
   1313.2383
   1317.6838
# Travel time at depth =  35.00 km.
   1172.8286
   1176.5433
   1180.4108
   1184.3710
   1188.4011
   1192.4869
   1196.6184
   1200.7885
   1204.9918
   1209.2246
   1213.4834
   1217.7646
   1222.0657
   1226.3849
   1230.7202
   1235.0702
   1239.4330
   1243.8071
   1248.1915
   1252.5850
   1256.9866
   1261.3954
   1265.8107
   1270.2316
   1274.6573
   1279.0875
   1283.5214
   1287.9583
   1292.3977
   1296.8394
   1301.2826
   1305.7271
   1310.1722
   1314.6178
# Travel time at depth =  50.00 km.
   1171.0276
   1174.7511
   1178.6229
   1182.5863
   1186.6190
   1190.7069
   1194.8402
   1199.0117
   1203.2164
   1207.4506
   1211.7103
   1215.9926
   1220.2944
   1224.6144
   1228.9504
   1233.3010
   1237.6643
   1242.0389
   1246.4238
   1250.8176
   1255.2196
   1259.6288
   1264.0442
   1268.4653
   1272.8915
   1277.3218
   1281.7557
   1286.1927
   1290.6324
   1295.0741
   1299.5173
   1303.9618
   1308.4071
   1312.8527
# Travel time at depth =  75.00 km.
   1168.0292
   1171.7662
   1175.6453
   1179.6140
   1183.6509
   1187.7423
   1191.8787
   1196.0527
   1200.2598
   1204.4958
   1208.7574
   1213.0411
   1217.3445
   1221.6656
   1226.0029
   1230.3545
   1234.7188
   1239.0942
   1243.4797
   1247.8743
   1252.2769
   1256.6865
   1261.1024
   1265.5239
   1269.9503
   1274.3810
   1278.8152
   1283.2524
   1287.6923
   1292.1342
   1296.5775
   1301.0221
   1305.4674
     -1.0000
# Travel time at depth = 100.00 km.
   1165.0343
   1168.7842
   1172.6703
   1176.6443
   1180.6855
   1184.7804
   1188.9197
   1193.0963
   1197.3055
   1201.5437
   1205.8071
   1210.0923
   1214.3971
   1218.7196
   1223.0580
   1227.4105
   1231.7758
   1236.1521
   1240.5383
   1244.9335
   1249.3367
   1253.7468
   1258.1632
   1262.5852
   1267.0120
   1271.4429
   1275.8773
   1280.3148
   1284.7548
   1289.1968
   1293.6403
   1298.0850
   1302.5303
     -1.0000
# Travel time at depth = 150.00 km.
   1159.0741
   1162.8479
   1166.7479
   1170.7325
   1174.7822
   1178.8840
   1183.0293
   1187.2111
   1191.4249
   1195.6671
   1199.9341
   1204.2224
   1208.5300
   1212.8551
   1217.1958
   1221.5504
   1225.9175
   1230.2954
   1234.6832
   1239.0796
   1243.4839
   1247.8951
   1252.3125
   1256.7352
   1261.1627
   1265.5942
   1270.0293
   1274.4672
   1278.9075
   1283.3497
   1287.7935
   1292.2383
   1296.6836
     -1.0000
# Travel time at depth = 200.00 km.
   1153.2225
   1157.0187
   1160.9325
   1164.9276
   1168.9858
   1173.0948
   1177.2460
   1181.4330
   1185.6515
   1189.8978
   1194.1683
   1198.4598
   1202.7704
   1207.0981
   1211.4412
   1215.7980
   1220.1669
   1224.5465
   1228.9357
   1233.3335
   1237.7390
   1242.1512
   1246.5696
   1250.9932
   1255.4214
   1259.8535
   1264.2889
   1268.7274
   1273.1681
   1277.6106
   1282.0544
   1286.4994
   1290.9448
     -1.0000
# Travel time at depth = 250.00 km.
   1147.4956
   1151.3130
   1155.2406
   1159.2463
   1163.3131
   1167.4292
   1171.5865
   1175.7788
   1180.0021
   1184.2527
   1188.5269
   1192.8217
   1197.1351
   1201.4655
   1205.8110
   1210.1699
   1214.5408
   1218.9220
   1223.3127
   1227.7120
   1232.1187
   1236.5321
   1240.9513
   1245.3757
   1249.8046
   1254.2373
   1258.6735
   1263.1122
   1267.5532
   1271.9960
   1276.4402
   1280.8851
   1285.3307
     -1.0000
# Travel time at depth = 300.00 km.
   1141.9105
   1145.7482
   1149.6896
   1153.7061
   1157.7815
   1161.9049
   1166.0685
   1170.2662
   1174.4944
   1178.7491
   1183.0271
   1187.3252
   1191.6418
   1195.9750
   1200.3229
   1204.6841
   1209.0568
   1213.4398
   1217.8322
   1222.2327
   1226.6406
   1231.0552
   1235.4753
   1239.9006
   1244.3302
   1248.7637
   1253.2002
   1257.6394
   1262.0808
   1266.5239
   1270.9681
   1275.4133
   1279.8589
     -1.0000
# Travel time at depth = 400.00 km.
   1131.1484
   1135.0248
   1138.9937
   1143.0319
   1147.1250
   1151.2633
   1155.4396
   1159.6487
   1163.8870
   1168.1505
   1172.4362
   1176.7412
   1181.0642
   1185.4030
   1189.7561
   1194.1217
   1198.4984
   1202.8851
   1207.2806
   1211.6842
   1216.0946
   1220.5114
   1224.9336
   1229.3606
   1233.7917
   1238.2264
   1242.6641
   1247.1041
   1251.5463
   1255.9899
   1260.4344
   1264.8799
     -1.0000
     -1.0000
# Travel time at depth = 500.00 km.
   1121.2504
   1125.1649
   1129.1621
   1133.2231
   1137.3351
   1141.4891
   1145.6791
   1149.9005
   1154.1495
   1158.4225
   1162.7164
   1167.0292
   1171.3590
   1175.7040
   1180.0626
   1184.4331
   1188.8142
   1193.2047
   1197.6038
   1202.0104
   1206.4236
   1210.8428
   1215.2671
   1219.6959
   1224.1287
   1228.5647
   1233.0035
   1237.4445
   1241.8873
   1246.3314
   1250.7764
   1255.2219
     -1.0000
     -1.0000
# Travel time at depth = 600.00 km.
   1111.8225
   1115.7737
   1119.7993
   1123.8831
   1128.0140
   1132.1844
   1136.3885
   1140.6227
   1144.8828
   1149.1655
   1153.4681
   1157.7888
   1162.1259
   1166.4773
   1170.8414
   1175.2169
   1179.6025
   1183.9972
   1188.3998
   1192.8096
   1197.2257
   1201.6473
   1206.0739
   1210.5046
   1214.9390
   1219.3763
   1223.8162
   1228.2581
   1232.7015
   1237.1461
   1241.5914
     -1.0000
     -1.0000
     -1.0000
# Travel time at depth = 700.00 km.
   1103.0333
   1107.0211
   1111.0756
   1115.1829
   1119.3335
   1123.5209
   1127.7401
   1131.9877
   1136.2594
   1140.5524
   1144.8643
   1149.1935
   1153.5380
   1157.8961
   1162.2662
   1166.6471
   1171.0375
   1175.4364
   1179.8428
   1184.2560
   1188.6750
   1193.0994
   1197.5282
   1201.9608
   1206.3969
   1210.8356
   1215.2766
   1219.7194
   1224.1635
   1228.6084
   1233.0540
     -1.0000
     -1.0000
     -1.0000
# Modelling error(s)
   2   2
	144.0	180.0
	0.0	200.0
#
   1.4
   1.4
#
   1.1
   1.1
#@(#)        ak135.PKPab     2.1     06 Jun 1996
