# ak135 travel-time table for phase: PKPdf       
 14   Number of depth samples at the following depths (km):
    0.00   15.00   35.00   50.00   75.00  100.00  150.00  200.00  250.00  300.00
  400.00  500.00  600.00  700.00
 44   Number of distance samples at the following distances (deg):
  115.50  117.00  118.50  120.00  121.50  123.00  124.50  126.00  127.50  129.00
  130.50  132.00  133.50  135.00  136.50  138.00  139.50  141.00  142.50  144.00
  145.50  147.00  148.50  150.00  151.50  153.00  154.50  156.00  157.50  159.00
  160.50  162.00  163.50  165.00  166.50  168.00  169.50  171.00  172.50  174.00
  175.50  177.00  178.50  180.00
# Travel time at depth =   0.00 km.
   1123.8748
   1126.7611
   1129.6467
   1132.5311
   1135.4136
   1138.2932
   1141.1693
   1144.0406
   1146.9061
   1149.7645
   1152.6141
   1155.4532
   1158.2797
   1161.0911
   1163.8843
   1166.6561
   1169.4036
   1172.1218
   1174.8058
   1177.4496
   1180.0465
   1182.5894
   1185.0707
   1187.4783
   1189.7990
   1192.0298
   1194.1671
   1196.2042
   1198.1353
   1199.9557
   1201.6616
   1203.2499
   1204.7189
   1206.0643
   1207.2854
   1208.3811
   1209.3500
   1210.1913
   1210.9041
   1211.4879
   1211.9425
   1212.2672
   1212.4623
   1212.5273
# Travel time at depth =  15.00 km.
   1121.3016
   1124.1880
   1127.0736
   1129.9580
   1132.8403
   1135.7200
   1138.5959
   1141.4673
   1144.3328
   1147.1910
   1150.0406
   1152.8796
   1155.7059
   1158.5171
   1161.3102
   1164.0819
   1166.8290
   1169.5471
   1172.2307
   1174.8741
   1177.4707
   1180.0131
   1182.4939
   1184.9009
   1187.2209
   1189.4510
   1191.5878
   1193.6241
   1195.5546
   1197.3744
   1199.0796
   1200.6672
   1202.1357
   1203.4807
   1204.7013
   1205.7965
   1206.7651
   1207.6060
   1208.3185
   1208.9021
   1209.3564
   1209.6812
   1209.8761
   1209.9412
# Travel time at depth =  35.00 km.
   1118.1511
   1121.0375
   1123.9231
   1126.8074
   1129.6898
   1132.5693
   1135.4453
   1138.3165
   1141.1819
   1144.0402
   1146.8895
   1149.7284
   1152.5546
   1155.3655
   1158.1583
   1160.9297
   1163.6765
   1166.3942
   1169.0774
   1171.7202
   1174.3162
   1176.8579
   1179.3379
   1181.7440
   1184.0631
   1186.2924
   1188.4280
   1190.4635
   1192.3929
   1194.2118
   1195.9161
   1197.5029
   1198.9706
   1200.3148
   1201.5347
   1202.6294
   1203.5973
   1204.4376
   1205.1498
   1205.7332
   1206.1871
   1206.5116
   1206.7064
   1206.7715
# Travel time at depth =  50.00 km.
   1116.3040
   1119.1903
   1122.0759
   1124.9602
   1127.8425
   1130.7222
   1133.5980
   1136.4692
   1139.3345
   1142.1925
   1145.0419
   1147.8805
   1150.7065
   1153.5173
   1156.3099
   1159.0811
   1161.8275
   1164.5447
   1167.2275
   1169.8699
   1172.4652
   1175.0062
   1177.4856
   1179.8909
   1182.2090
   1184.4373
   1186.5721
   1188.6066
   1190.5352
   1192.3531
   1194.0566
   1195.6426
   1197.1094
   1198.4529
   1199.6721
   1200.7661
   1201.7335
   1202.5735
   1203.2852
   1203.8682
   1204.3219
   1204.6462
   1204.8409
   1204.9059
# Travel time at depth =  75.00 km.
   1113.2267
   1116.1129
   1118.9985
   1121.8828
   1124.7651
   1127.6447
   1130.5204
   1133.3915
   1136.2566
   1139.1145
   1141.9636
   1144.8021
   1147.6278
   1150.4382
   1153.2303
   1156.0010
   1158.7469
   1161.4635
   1164.1455
   1166.7870
   1169.3815
   1171.9214
   1174.3995
   1176.8032
   1179.1199
   1181.3467
   1183.4800
   1185.5129
   1187.4399
   1189.2563
   1190.9584
   1192.5430
   1194.0085
   1195.3507
   1196.5688
   1197.6619
   1198.6284
   1199.4675
   1200.1785
   1200.7610
   1201.2144
   1201.5383
   1201.7328
   1201.7977
# Travel time at depth = 100.00 km.
   1110.1508
   1113.0370
   1115.9226
   1118.8069
   1121.6891
   1124.5685
   1127.4442
   1130.3152
   1133.1802
   1136.0378
   1138.8868
   1141.7250
   1144.5504
   1147.3605
   1150.1522
   1152.9224
   1155.6677
   1158.3837
   1161.0649
   1163.7056
   1166.2991
   1168.8379
   1171.3147
   1173.7170
   1176.0320
   1178.2573
   1180.3890
   1182.4205
   1184.3459
   1186.1608
   1187.8613
   1189.4446
   1190.9088
   1192.2498
   1193.4668
   1194.5587
   1195.5243
   1196.3627
   1197.0730
   1197.6549
   1198.1078
   1198.4315
   1198.6259
   1198.6907
# Travel time at depth = 150.00 km.
   1104.0220
   1106.9082
   1109.7938
   1112.6780
   1115.5602
   1118.4395
   1121.3149
   1124.1855
   1127.0503
   1129.9077
   1132.7562
   1135.5939
   1138.4187
   1141.2280
   1144.0189
   1146.7881
   1149.5323
   1152.2469
   1154.9266
   1157.5656
   1160.1570
   1162.6936
   1165.1678
   1167.5671
   1169.8790
   1172.1013
   1174.2299
   1176.2582
   1178.1804
   1179.9922
   1181.6898
   1183.2701
   1184.7317
   1186.0701
   1187.2849
   1188.3748
   1189.3385
   1190.1753
   1190.8842
   1191.4650
   1191.9170
   1192.2400
   1192.4340
   1192.4988
# Travel time at depth = 200.00 km.
   1097.9915
   1100.8777
   1103.7632
   1106.6473
   1109.5293
   1112.4084
   1115.2838
   1118.1542
   1121.0187
   1123.8756
   1126.7236
   1129.5609
   1132.3850
   1135.1936
   1137.9836
   1140.7518
   1143.4949
   1146.2081
   1148.8862
   1151.5233
   1154.1127
   1156.6469
   1159.1185
   1161.5148
   1163.8234
   1166.0425
   1168.1678
   1170.1927
   1172.1118
   1173.9204
   1175.6149
   1177.1924
   1178.6511
   1179.9869
   1181.1993
   1182.2871
   1183.2490
   1184.0841
   1184.7916
   1185.3712
   1185.8224
   1186.1448
   1186.3383
   1186.4030
# Travel time at depth = 250.00 km.
   1092.0746
   1094.9608
   1097.8463
   1100.7303
   1103.6122
   1106.4912
   1109.3663
   1112.2366
   1115.1006
   1117.9573
   1120.8048
   1123.6415
   1126.4650
   1129.2728
   1132.0619
   1134.8290
   1137.5708
   1140.2826
   1142.9591
   1145.5942
   1148.1814
   1150.7133
   1153.1823
   1155.5752
   1157.8804
   1160.0962
   1162.2183
   1164.2397
   1166.1554
   1167.9608
   1169.6521
   1171.2266
   1172.6825
   1174.0156
   1175.2256
   1176.3112
   1177.2711
   1178.1045
   1178.8105
   1179.3889
   1179.8391
   1180.1609
   1180.3540
   1180.4185
# Travel time at depth = 300.00 km.
   1086.2877
   1089.1740
   1092.0593
   1094.9434
   1097.8251
   1100.7039
   1103.5787
   1106.4487
   1109.3125
   1112.1687
   1115.0159
   1117.8518
   1120.6747
   1123.4817
   1126.2698
   1129.0358
   1131.7764
   1134.4867
   1137.1614
   1139.7946
   1142.3794
   1144.9087
   1147.3749
   1149.7644
   1152.0662
   1154.2787
   1156.3972
   1158.4152
   1160.3274
   1162.1293
   1163.8173
   1165.3888
   1166.8417
   1168.1721
   1169.3795
   1170.4629
   1171.4208
   1172.2523
   1172.9569
   1173.5341
   1173.9833
   1174.3043
   1174.4971
   1174.5614
# Travel time at depth = 400.00 km.
   1075.0850
   1077.9712
   1080.8564
   1083.7401
   1086.6217
   1089.5001
   1092.3745
   1095.2439
   1098.1069
   1100.9624
   1103.8083
   1106.6432
   1109.4645
   1112.2698
   1115.0559
   1117.8195
   1120.5573
   1123.2644
   1125.9354
   1128.5643
   1131.1444
   1133.6683
   1136.1283
   1138.5107
   1140.8052
   1143.0105
   1145.1216
   1147.1322
   1149.0370
   1150.8318
   1152.5128
   1154.0778
   1155.5244
   1156.8491
   1158.0513
   1159.1298
   1160.0834
   1160.9113
   1161.6127
   1162.1873
   1162.6344
   1162.9540
   1163.1459
   1163.2098
# Travel time at depth = 500.00 km.
   1064.6771
   1067.5631
   1070.4482
   1073.3318
   1076.2130
   1079.0911
   1081.9650
   1084.8336
   1087.6959
   1090.5503
   1093.3951
   1096.2286
   1099.0482
   1101.8516
   1104.6353
   1107.3962
   1110.1309
   1112.8344
   1115.5012
   1118.1254
   1120.7000
   1123.2179
   1125.6710
   1128.0454
   1130.3317
   1132.5291
   1134.6321
   1136.6344
   1138.5311
   1140.3179
   1141.9913
   1143.5491
   1144.9889
   1146.3071
   1147.5035
   1148.5768
   1149.5256
   1150.3494
   1151.0474
   1151.6190
   1152.0640
   1152.3820
   1152.5729
   1152.6366
# Travel time at depth = 600.00 km.
   1054.6807
   1057.5667
   1060.4517
   1063.3350
   1066.2158
   1069.0934
   1071.9667
   1074.8347
   1077.6960
   1080.5494
   1083.3929
   1086.2249
   1089.0426
   1091.8438
   1094.6249
   1097.3829
   1100.1143
   1102.8138
   1105.4761
   1108.0950
   1110.6637
   1113.1750
   1115.6206
   1117.9863
   1120.2640
   1122.4529
   1124.5471
   1126.5406
   1128.4286
   1130.2069
   1131.8722
   1133.4222
   1134.8547
   1136.1663
   1137.3564
   1138.4241
   1139.3679
   1140.1874
   1140.8816
   1141.4502
   1141.8928
   1142.2091
   1142.3989
   1142.4624
# Travel time at depth = 700.00 km.
   1045.2450
   1048.1309
   1051.0156
   1053.8987
   1056.7792
   1059.6561
   1062.5288
   1065.3960
   1068.2563
   1071.1085
   1073.9506
   1076.7808
   1079.5964
   1082.3951
   1085.1735
   1087.9282
   1090.6558
   1093.3508
   1096.0081
   1098.6211
   1101.1833
   1103.6875
   1106.1246
   1108.4807
   1110.7491
   1112.9286
   1115.0132
   1116.9972
   1118.8756
   1120.6448
   1122.3011
   1123.8429
   1125.2673
   1126.5715
   1127.7550
   1128.8165
   1129.7551
   1130.5697
   1131.2599
   1131.8253
   1132.2653
   1132.5797
   1132.7686
   1132.8315
# Modelling error(s)
   9   2
	114.0	119.0	121.0	129.0	137.0	139.0	142.0	145.0
	180.0
	0.0	200.0
#	
	1.4
	1.4
	1.3
	1.3
	2.3
	3.3
	3.7
	1.8
	1.8
#
	1.2
	1.2
	1.1
	1.1
	2.2
	3.3
	3.7
	1.5
	1.5
#@(#)        ak135.PKPdf     2.1     06 Jun 1996
