# ak135 travel-time table for phase: PKSdf       
 14   Number of depth samples at the following depths (km):
    0.00   15.00   35.00   50.00   75.00  100.00  150.00  200.00  250.00  300.00
  400.00  500.00  600.00  700.00
 47   Number of distance samples at the following distances (deg):
  111.00  112.50  114.00  115.50  117.00  118.50  120.00  121.50  123.00  124.50
  126.00  127.50  129.00  130.50  132.00  133.50  135.00  136.50  138.00  139.50
  141.00  142.50  144.00  145.50  147.00  148.50  150.00  151.50  153.00  154.50
  156.00  157.50  159.00  160.50  162.00  163.50  165.00  166.50  168.00  169.50
  171.00  172.50  174.00  175.50  177.00  178.50  180.00
# Travel time at depth =   0.00 km.
   1331.9049
   1334.7910
   1337.6763
   1340.5599
   1343.4414
   1346.3198
   1349.1942
   1352.0636
   1354.9268
   1357.7823
   1360.6287
   1363.4640
   1366.2863
   1369.0930
   1371.8812
   1374.6481
   1377.3904
   1380.1041
   1382.7844
   1385.4261
   1388.0238
   1390.5713
   1393.0629
   1395.4896
   1397.8407
   1400.1111
   1402.3002
   1404.4034
   1406.4159
   1408.3337
   1410.1536
   1411.8728
   1413.4888
   1415.0006
   1416.4054
   1417.7012
   1418.8876
   1419.9637
   1420.9283
   1421.7810
   1422.5210
   1423.1479
   1423.6613
   1424.0608
   1424.3463
   1424.5177
   1424.5750
# Travel time at depth =  15.00 km.
   1329.3317
   1332.2179
   1335.1030
   1337.9868
   1340.8683
   1343.7466
   1346.6210
   1349.4904
   1352.3534
   1355.2089
   1358.0552
   1360.8904
   1363.7125
   1366.5190
   1369.3071
   1372.0737
   1374.8159
   1377.5293
   1380.2094
   1382.8507
   1385.4480
   1387.9951
   1390.4861
   1392.9124
   1395.2629
   1397.5327
   1399.7212
   1401.8239
   1403.8357
   1405.7529
   1407.5723
   1409.2909
   1410.9064
   1412.4177
   1413.8220
   1415.1173
   1416.3033
   1417.3792
   1418.3435
   1419.1958
   1419.9355
   1420.5621
   1421.0753
   1421.4747
   1421.7601
   1421.9315
   1421.9888
# Travel time at depth =  35.00 km.
   1326.1812
   1329.0673
   1331.9525
   1334.8362
   1337.7177
   1340.5959
   1343.4702
   1346.3395
   1349.2025
   1352.0579
   1354.9041
   1357.7391
   1360.5610
   1363.3674
   1366.1552
   1368.9215
   1371.6633
   1374.3763
   1377.0559
   1379.6968
   1382.2936
   1384.8400
   1387.3303
   1389.7559
   1392.1055
   1394.3744
   1396.5621
   1398.6638
   1400.6749
   1402.5913
   1404.4098
   1406.1277
   1407.7423
   1409.2529
   1410.6565
   1411.9512
   1413.1366
   1414.2118
   1415.1757
   1416.0276
   1416.7668
   1417.3932
   1417.9061
   1418.3053
   1418.5906
   1418.7618
   1418.8191
# Travel time at depth =  50.00 km.
   1324.3341
   1327.2202
   1330.1053
   1332.9890
   1335.8704
   1338.7487
   1341.6229
   1344.4921
   1347.3550
   1350.2103
   1353.0563
   1355.8912
   1358.7130
   1361.5192
   1364.3066
   1367.0728
   1369.8142
   1372.5269
   1375.2059
   1377.8464
   1380.4426
   1382.9884
   1385.4781
   1387.9030
   1390.2517
   1392.5199
   1394.7067
   1396.8076
   1398.8179
   1400.7334
   1402.5511
   1404.2682
   1405.8822
   1407.3921
   1408.7949
   1410.0890
   1411.2739
   1412.3485
   1413.3120
   1414.1635
   1414.9023
   1415.5284
   1416.0411
   1416.4401
   1416.7252
   1416.8964
   1416.9535
# Travel time at depth =  75.00 km.
   1321.2567
   1324.1428
   1327.0280
   1329.9116
   1332.7930
   1335.6711
   1338.5453
   1341.4143
   1344.2771
   1347.1322
   1349.9780
   1352.8127
   1355.6342
   1358.4399
   1361.2271
   1363.9927
   1366.7335
   1369.4456
   1372.1240
   1374.7635
   1377.3589
   1379.9037
   1382.3923
   1384.8158
   1387.1632
   1389.4301
   1391.6155
   1393.7151
   1395.7239
   1397.6381
   1399.4545
   1401.1703
   1402.7830
   1404.2917
   1405.6935
   1406.9865
   1408.1704
   1409.2441
   1410.2068
   1411.0576
   1411.7959
   1412.4214
   1412.9337
   1413.3323
   1413.6172
   1413.7882
   1413.8453
# Travel time at depth = 100.00 km.
   1318.1808
   1321.0669
   1323.9520
   1326.8356
   1329.7169
   1332.5950
   1335.4691
   1338.3380
   1341.2006
   1344.0555
   1346.9011
   1349.7355
   1352.5566
   1355.3621
   1358.1488
   1360.9139
   1363.6543
   1366.3657
   1369.0433
   1371.6821
   1374.2765
   1376.8203
   1379.3077
   1381.7300
   1384.0759
   1386.3414
   1388.5255
   1390.6238
   1392.6311
   1394.5439
   1396.3590
   1398.0735
   1399.6849
   1401.1926
   1402.5931
   1403.8851
   1405.0681
   1406.1410
   1407.1028
   1407.9529
   1408.6906
   1409.3156
   1409.8274
   1410.2257
   1410.5104
   1410.6813
   1410.7383
# Travel time at depth = 150.00 km.
   1312.0521
   1314.9381
   1317.8232
   1320.7067
   1323.5879
   1326.4658
   1329.3397
   1332.2084
   1335.0707
   1337.9252
   1340.7703
   1343.6042
   1346.4248
   1349.2294
   1352.0153
   1354.7794
   1357.5187
   1360.2288
   1362.9050
   1365.5421
   1368.1345
   1370.6763
   1373.1615
   1375.5811
   1377.9242
   1380.1869
   1382.3683
   1384.4636
   1386.4683
   1388.3783
   1390.1906
   1391.9025
   1393.5114
   1395.0166
   1396.4149
   1397.7047
   1398.8857
   1399.9568
   1400.9170
   1401.7656
   1402.5021
   1403.1261
   1403.6370
   1404.0347
   1404.3187
   1404.4894
   1404.5463
# Travel time at depth = 200.00 km.
   1306.0215
   1308.9076
   1311.7926
   1314.6760
   1317.5570
   1320.4348
   1323.3085
   1326.1769
   1329.0388
   1331.8929
   1334.7377
   1337.5710
   1340.3909
   1343.1948
   1345.9797
   1348.7429
   1351.4810
   1354.1898
   1356.8644
   1359.4998
   1362.0903
   1364.6299
   1367.1128
   1369.5297
   1371.8698
   1374.1296
   1376.3082
   1378.4006
   1380.4023
   1382.3096
   1384.1190
   1385.8281
   1387.4344
   1388.9373
   1390.3331
   1391.6208
   1392.7998
   1393.8690
   1394.8276
   1395.6748
   1396.4099
   1397.0327
   1397.5428
   1397.9397
   1398.2234
   1398.3937
   1398.4504
# Travel time at depth = 250.00 km.
   1300.1047
   1302.9907
   1305.8756
   1308.7590
   1311.6399
   1314.5175
   1317.3909
   1320.2590
   1323.1207
   1325.9745
   1328.8186
   1331.6515
   1334.4706
   1337.2738
   1340.0577
   1342.8198
   1345.5568
   1348.2642
   1350.9371
   1353.5707
   1356.1592
   1358.6965
   1361.1770
   1363.5911
   1365.9282
   1368.1851
   1370.3607
   1372.4501
   1374.4487
   1376.3530
   1378.1595
   1379.8658
   1381.4695
   1382.9697
   1384.3633
   1385.6487
   1386.8256
   1387.8929
   1388.8497
   1389.6954
   1390.4292
   1391.0509
   1391.5601
   1391.9562
   1392.2394
   1392.4093
   1392.4661
# Travel time at depth = 300.00 km.
   1294.3179
   1297.2037
   1300.0887
   1302.9719
   1305.8527
   1308.7301
   1311.6033
   1314.4712
   1317.3324
   1320.1858
   1323.0294
   1325.8617
   1328.6802
   1331.4824
   1334.2655
   1337.0265
   1339.7621
   1342.4680
   1345.1393
   1347.7710
   1350.3574
   1352.8925
   1355.3704
   1357.7814
   1360.1154
   1362.3693
   1364.5417
   1366.6281
   1368.6237
   1370.5248
   1372.3284
   1374.0317
   1375.6326
   1377.1302
   1378.5211
   1379.8042
   1380.9790
   1382.0444
   1382.9994
   1383.8435
   1384.5759
   1385.1965
   1385.7046
   1386.1001
   1386.3827
   1386.5524
   1386.6090
# Travel time at depth = 400.00 km.
   1283.1150
   1286.0009
   1288.8857
   1291.7687
   1294.6492
   1297.5261
   1300.3989
   1303.2661
   1306.1267
   1308.9791
   1311.8217
   1314.6526
   1317.4695
   1320.2700
   1323.0510
   1325.8097
   1328.5426
   1331.2454
   1333.9131
   1336.5408
   1339.1227
   1341.6528
   1344.1252
   1346.5300
   1348.8573
   1351.1047
   1353.2708
   1355.3505
   1357.3395
   1359.2341
   1361.0314
   1362.7286
   1364.3236
   1365.8157
   1367.2013
   1368.4795
   1369.6498
   1370.7109
   1371.6622
   1372.5029
   1373.2325
   1373.8506
   1374.3568
   1374.7506
   1375.0321
   1375.2010
   1375.2574
# Travel time at depth = 500.00 km.
   1272.7072
   1275.5929
   1278.4775
   1281.3602
   1284.2404
   1287.1169
   1289.9890
   1292.8556
   1295.7153
   1298.5667
   1301.4081
   1304.2374
   1307.0527
   1309.8512
   1312.6299
   1315.3859
   1318.1157
   1320.8149
   1323.4786
   1326.1018
   1328.6787
   1331.2032
   1333.6697
   1336.0673
   1338.3872
   1340.6276
   1342.7864
   1344.8588
   1346.8405
   1348.7279
   1350.5182
   1352.2086
   1353.7972
   1355.2831
   1356.6628
   1357.9357
   1359.1010
   1360.1576
   1361.1047
   1361.9418
   1362.6682
   1363.2836
   1363.7875
   1364.1796
   1364.4598
   1364.6281
   1364.6842
# Travel time at depth = 600.00 km.
   1262.7107
   1265.5963
   1268.4808
   1271.3633
   1274.2429
   1277.1190
   1279.9906
   1282.8563
   1285.7151
   1288.5653
   1291.4054
   1294.2332
   1297.0465
   1299.8428
   1302.6189
   1305.3719
   1308.0985
   1310.7938
   1313.4532
   1316.0715
   1318.6429
   1321.1615
   1323.6212
   1326.0112
   1328.3232
   1330.5560
   1332.7070
   1334.7716
   1336.7455
   1338.6252
   1340.4080
   1342.0912
   1343.6729
   1345.1522
   1346.5258
   1347.7927
   1348.9528
   1350.0045
   1350.9473
   1351.7804
   1352.5034
   1353.1158
   1353.6174
   1354.0077
   1354.2866
   1354.4541
   1354.5100
# Travel time at depth = 700.00 km.
   1253.2749
   1256.1605
   1259.0447
   1261.9268
   1264.8060
   1267.6816
   1270.5524
   1273.4174
   1276.2750
   1279.1240
   1281.9625
   1284.7886
   1287.5997
   1290.3936
   1293.1667
   1295.9166
   1298.6394
   1301.3304
   1303.9850
   1306.5978
   1309.1631
   1311.6752
   1314.1274
   1316.5090
   1318.8124
   1321.0369
   1323.1794
   1325.2355
   1327.2008
   1329.0721
   1330.8468
   1332.5221
   1334.0963
   1335.5685
   1336.9352
   1338.1959
   1339.3501
   1340.3966
   1341.3347
   1342.1636
   1342.8829
   1343.4922
   1343.9912
   1344.3795
   1344.6570
   1344.8235
   1344.8792
# Modelling error(s)
   1   1
#
   1.200
#@(#)        ak135.PKSdf     2.1     06 Jun 1996
