# ak135 travel-time table for phase: PKSbc       
 14   Number of depth samples at the following depths (km):
    0.00   15.00   35.00   50.00   75.00  100.00  150.00  200.00  250.00  300.00
  400.00  500.00  600.00  700.00
 19   Number of distance samples at the following distances (deg):
  131.00  132.00  133.00  134.00  135.00  136.00  137.00  138.00  139.00  140.00
  141.00  142.00  143.00  144.00  145.00  146.00  147.00  148.00  149.00
# Travel time at depth =   0.00 km.
   1359.1194
   1362.7483
   1366.2299
   1369.5828
   1372.8163
   1375.9417
   1378.9633
   1381.8851
   1384.7097
   1387.4364
   1390.0699
   1392.6174
   1395.0867
   1397.4869
   1399.8260
   1402.1075
   1404.3350
   1406.5140
   1408.6490
# Travel time at depth =  15.00 km.
   1356.5823
   1360.2069
   1363.6851
   1367.0350
   1370.2659
   1373.3889
   1376.4083
   1379.3281
   1382.1508
   1384.8756
   1387.5074
   1390.0535
   1392.5214
   1394.9205
   1397.2587
   1399.5393
   1401.7659
   1403.9443
   1406.0786
# Travel time at depth =  35.00 km.
   1353.4843
   1357.1027
   1360.5759
   1363.9215
   1367.1486
   1370.2682
   1373.2844
   1376.2012
   1379.0210
   1381.7430
   1384.3724
   1386.9163
   1389.3823
   1391.7799
   1394.1166
   1396.3959
   1398.6212
   1400.7987
   1402.9320
# Travel time at depth =  50.00 km.
   1351.6877
   1355.3000
   1358.7687
   1362.1100
   1365.3334
   1368.4497
   1371.4629
   1374.3767
   1377.1937
   1379.9132
   1382.5402
   1385.0819
   1387.5461
   1389.9423
   1392.2776
   1394.5555
   1396.7798
   1398.9562
   1401.0886
# Travel time at depth =  75.00 km.
   1348.6946
   1352.2971
   1355.7579
   1359.0922
   1362.3096
   1365.4203
   1368.4282
   1371.3373
   1374.1497
   1376.8647
   1379.4878
   1382.0260
   1384.4873
   1386.8807
   1389.2137
   1391.4896
   1393.7119
   1395.8867
   1398.0176
# Travel time at depth = 100.00 km.
   1345.7029
   1349.2957
   1352.7487
   1356.0759
   1359.2871
   1362.3923
   1365.3950
   1368.2993
   1371.1071
   1373.8177
   1376.4368
   1378.9716
   1381.4297
   1383.8207
   1386.1514
   1388.4250
   1390.6455
   1392.8187
   1394.9479
# Travel time at depth = 150.00 km.
   1339.7430
   1343.3167
   1346.7540
   1350.0673
   1353.2662
   1356.3604
   1359.3525
   1362.2471
   1365.0453
   1367.7471
   1370.3583
   1372.8860
   1375.3381
   1377.7239
   1380.0499
   1382.3193
   1384.5359
   1386.7057
   1388.8317
# Travel time at depth = 200.00 km.
   1333.8842
   1337.4387
   1340.8604
   1344.1592
   1347.3458
   1350.4285
   1353.4099
   1356.2946
   1359.0830
   1361.7758
   1364.3788
   1366.8995
   1369.3453
   1371.7260
   1374.0471
   1376.3121
   1378.5248
   1380.6912
   1382.8137
# Travel time at depth = 250.00 km.
   1328.1423
   1331.6780
   1335.0834
   1338.3678
   1341.5417
   1344.6125
   1347.5831
   1350.4575
   1353.2360
   1355.9196
   1358.5143
   1361.0276
   1363.4673
   1365.8424
   1368.1587
   1370.4191
   1372.6278
   1374.7908
   1376.9098
# Travel time at depth = 300.00 km.
   1322.5344
   1326.0511
   1329.4401
   1332.7096
   1335.8706
   1338.9293
   1341.8887
   1344.7526
   1347.5206
   1350.1947
   1352.7810
   1355.2869
   1357.7201
   1360.0897
   1362.4009
   1364.6566
   1366.8613
   1369.0206
   1371.1360
# Travel time at depth = 400.00 km.
   1311.7018
   1315.1801
   1318.5348
   1321.7742
   1324.9084
   1327.9419
   1330.8778
   1333.7195
   1336.4659
   1339.1204
   1341.6892
   1344.1796
   1346.5996
   1348.9578
   1351.2584
   1353.5044
   1355.7006
   1357.8523
   1359.9597
# Travel time at depth = 500.00 km.
   1301.6930
   1305.1307
   1308.4489
   1311.6560
   1314.7611
   1317.7671
   1320.6777
   1323.4949
   1326.2179
   1328.8511
   1331.4010
   1333.8748
   1336.2808
   1338.6263
   1340.9154
   1343.1508
   1345.3379
   1347.4812
   1349.5797
# Travel time at depth = 600.00 km.
   1292.1121
   1295.5082
   1298.7885
   1301.9625
   1305.0370
   1308.0143
   1310.8982
   1313.6893
   1316.3878
   1318.9989
   1321.5293
   1323.9858
   1326.3771
   1328.7096
   1330.9865
   1333.2108
   1335.3883
   1337.5227
     -1.0000
# Travel time at depth = 700.00 km.
   1283.1171
   1286.4690
   1289.7100
   1292.8492
   1295.8907
   1298.8375
   1301.6926
   1304.4556
   1307.1281
   1309.7158
   1312.2255
   1314.6639
   1317.0398
   1319.3582
   1321.6218
   1323.8346
   1326.0020
   1328.1263
     -1.0000
# Modelling error(s)
   1   1
#
   1.500
#@(#)        ak135.PKSbc     2.1     06 Jun 1996
