# ak135 travel-time table for phase: Pn          
 12   Number of depth samples at the following depths (km):
    0.00    5.00   15.00   35.00   50.00   75.00  100.00  150.00  200.00  250.00
  300.00  350.00
 41   Number of distance samples at the following distances (deg):
    1.00    1.50    2.00    2.50    3.00    3.50    4.00    4.50    5.00    5.50
    6.00    6.50    7.00    7.50    8.00    8.50    9.00    9.50   10.00   10.50
   11.00   11.50   12.00   12.50   13.00   13.50   14.00   14.50   15.00   15.50
   16.00   16.50   17.00   17.50   18.00   18.50   19.00   19.50   20.00   20.50
   21.00
# Travel time at depth =   0.00 km.
     21.2729
     28.1499
     35.0267
     41.9031
     48.7790
     55.6541
     62.5284
     69.4017
     76.2738
     83.1445
     90.0138
     96.8814
    103.7473
    110.6111
    117.4729
    124.3324
    131.1894
    138.0439
    144.8956
    151.7445
    158.5903
    165.4329
    172.2721
    179.1078
    185.9398
    192.7679
    199.5920
    206.4121
    213.2280
    219.8614
    226.3710
    232.7953
    239.1266
    245.3825
    251.5747
    257.7083
    263.7837
    269.8008
    275.7595
    281.6591
    287.4987
# Travel time at depth =   5.00 km.
     20.6726
     27.5496
     34.4264
     41.3028
     48.1786
     55.0536
     61.9278
     68.8010
     75.6730
     82.5436
     89.4127
     96.2802
    103.1458
    110.0095
    116.8711
    123.7303
    130.5872
    137.4414
    144.2928
    151.1414
    157.9869
    164.8292
    171.6682
    178.5035
    185.3351
    192.1629
    198.9867
    205.8064
    212.6219
    219.2317
    225.7348
    232.1514
    238.4761
    244.7268
    250.9144
    257.0436
    263.1147
    269.1276
    275.0821
    280.9775
    286.8130
# Travel time at depth =  15.00 km.
     19.4735
     26.3505
     33.2272
     40.1035
     46.9791
     53.8541
     60.7281
     67.6010
     74.4728
     81.3431
     88.2120
     95.0791
    101.9444
    108.8077
    115.6688
    122.5277
    129.3840
    136.2377
    143.0887
    149.9367
    156.7816
    163.6233
    170.4616
    177.2963
    184.1272
    190.9543
    197.7773
    204.5962
    211.4082
    217.9721
    224.4619
    230.8631
    237.1750
    243.4153
    249.5939
    255.7145
    261.7770
    267.7814
    273.7275
    279.6146
    285.4417
# Travel time at depth =  35.00 km.
     17.5135
     24.3904
     31.2669
     38.1429
     45.0183
     51.8928
     58.7663
     65.6387
     72.5099
     79.3795
     86.2476
     93.1139
     99.9783
    106.8406
    113.7007
    120.5584
    127.4136
    134.2661
    141.1157
    147.9623
    154.8058
    161.6459
    168.4826
    175.3156
    182.1447
    188.9700
    195.7911
    202.6082
    209.3193
    215.8545
    222.3110
    228.6758
    234.9593
    241.1761
    247.3338
    253.4338
    259.4762
    265.4609
    271.3874
    277.2549
    283.0626
# Travel time at depth =  50.00 km.
     17.6985
     24.4817
     31.3156
     38.1644
     45.0196
     51.8776
     58.7366
     65.5959
     72.4548
     79.3130
     86.1700
     93.0255
     99.8795
    106.7316
    113.5816
    120.4294
    127.2748
    134.1176
    140.9577
    147.7948
    154.6288
    161.4595
    168.2867
    175.1104
    181.9304
    188.7466
    195.5589
    202.2055
    208.7509
    215.2268
    221.6201
    227.9310
    234.1738
    240.3569
    246.4837
    252.5542
    258.5681
    264.5253
    270.4250
    276.2664
     -1.0000
# Travel time at depth =  75.00 km.
     18.7349
     25.1023
     31.7326
     38.4609
     45.2341
     52.0311
     58.8417
     65.6606
     72.4846
     79.3116
     86.1404
     92.9699
     99.7995
    106.6286
    113.4568
    120.2835
    127.1085
    133.9316
    140.7524
    147.5708
    154.3865
    161.1994
    168.0092
    174.8157
    181.5692
    188.1880
    194.7601
    201.2776
    207.7310
    214.1094
    220.4145
    226.6568
    232.8423
    238.9738
    245.0512
    251.0741
    257.0422
    262.9547
    268.8107
    274.6092
     -1.0000
# Travel time at depth = 100.00 km.
     20.3894
     26.2218
     32.5384
     39.0692
     45.7070
     52.4045
     59.1377
     65.8937
     72.6651
     79.4466
     86.2353
     93.0288
     99.8255
    106.6243
    113.4240
    120.2241
    127.0239
    133.8228
    140.6205
    147.4164
    154.2104
    160.9353
    167.5918
    174.2156
    180.8015
    187.3433
    193.8342
    200.2656
    206.6288
    212.9270
    219.1670
    225.3533
    231.4880
    237.5707
    243.6009
    249.5782
    255.5018
    261.3707
    267.1840
     -1.0000
     -1.0000
# Travel time at depth = 150.00 km.
     24.7307
     29.5199
     35.0808
     41.0729
     47.3154
     53.7102
     60.2029
     66.7599
     73.3607
     79.9921
     86.6446
     93.3104
     99.9834
    106.6582
    113.3310
    119.9982
    126.6564
    133.3017
    139.9303
    146.5378
    153.1201
    159.6725
    166.1903
    172.6683
    179.1011
    185.4831
    191.8124
    198.0912
    204.3209
    210.5030
    216.6378
    222.7248
    228.7633
    234.7527
    240.6924
    246.5812
    252.4180
     -1.0000
     -1.0000
     -1.0000
     -1.0000
# Travel time at depth = 200.00 km.
     29.7225
     33.6592
     38.4684
     43.8451
     49.5902
     55.5794
     61.7337
     68.0021
     74.3507
     80.7566
     87.2030
     93.6775
    100.1707
    106.6751
    113.1846
    119.6939
    126.1976
    132.6903
    139.1667
    145.6213
    152.0490
    158.4446
    164.8035
    171.1242
    177.4059
    183.6479
    189.8498
    196.0110
    202.1306
    208.2076
    214.2409
    220.2296
    226.1727
    232.0691
    237.9173
    243.7163
     -1.0000
     -1.0000
     -1.0000
     -1.0000
     -1.0000
# Travel time at depth = 250.00 km.
     34.9881
     38.2707
     42.4242
     47.2065
     52.4349
     57.9793
     63.7496
     69.6831
     75.7357
     81.8758
     88.0801
     94.3311
    100.6151
    106.9212
    113.2401
    119.5643
    125.8870
    132.2023
    138.5053
    144.7914
    151.0571
    157.2990
    163.5141
    169.6998
    175.8537
    181.9741
    188.0592
    194.1078
    200.1183
    206.0897
    212.0206
    217.9095
    223.7549
    229.5553
     -1.0000
     -1.0000
     -1.0000
     -1.0000
     -1.0000
     -1.0000
     -1.0000
# Travel time at depth = 300.00 km.
     40.3439
     43.1251
     46.7300
     50.9757
     55.7072
     60.8033
     66.1725
     71.7472
     77.4769
     83.3241
     89.2604
     95.2638
    101.3172
    107.4069
    113.5215
    119.6520
    125.7904
    131.9303
    138.0656
    144.1914
    150.3033
    156.3978
    162.4715
    168.5217
    174.5457
    180.5413
    186.5064
    192.4390
    198.3371
    204.1988
    210.0225
    215.8065
     -1.0000
     -1.0000
     -1.0000
     -1.0000
     -1.0000
     -1.0000
     -1.0000
     -1.0000
     -1.0000
# Travel time at depth = 350.00 km.
     45.7115
     48.1035
     51.2558
     55.0332
     59.3092
     63.9773
     68.9515
     74.1641
     79.5624
     85.1058
     90.7621
     96.5062
    102.3182
    108.1820
    114.0844
    120.0142
    125.9624
    131.9214
    137.8845
    143.8460
    149.8011
    155.7455
    161.6753
    167.5871
    173.4778
    179.3444
    185.1845
    190.9956
    196.7755
     -1.0000
     -1.0000
     -1.0000
     -1.0000
     -1.0000
     -1.0000
     -1.0000
     -1.0000
     -1.0000
     -1.0000
     -1.0000
     -1.0000
# Distance-dependent modelling error(s) 
  11    1
	0.0	0.2	0.5	1.0	2.0	3.0	4.0	8.0
	12.0	15.0	17.0
#
	0.1
	0.5
	1.0
	1.5	
	2.1
	2.4
	2.6
	2.7
	2.9
	3.6
	3.0
#@(#)        ak135.Pn     2.1     06 Jun 1996
