# ak135 travel-time table for phase: PnPn        
  4   Number of depth samples at the following depths (km):
    0.00    5.00   15.00   35.00
 41   Number of distance samples at the following distances (deg):
    2.00    3.00    4.00    5.00    6.00    7.00    8.00    9.00   10.00   11.00
   12.00   13.00   14.00   15.00   16.00   17.00   18.00   19.00   20.00   21.00
   22.00   23.00   24.00   25.00   26.00   27.00   28.00   29.00   30.00   31.00
   32.00   33.00   34.00   35.00   36.00   37.00   38.00   39.00   40.00   41.00
   42.00
# Travel time at depth =   0.00 km.
     42.5458
     56.2999
     70.0535
     83.8063
     97.5580
    111.3083
    125.0569
    138.8034
    152.5476
    166.2891
    180.0276
    193.7629
    207.4945
    221.2223
    234.9458
    248.6647
    262.3789
    276.0878
    289.7913
    303.4890
    317.1805
    330.8658
    344.5442
    358.2156
    371.8796
    385.5358
    399.1841
    412.8242
    426.4561
    439.7228
    452.7420
    465.5905
    478.2532
    490.7651
    503.1494
    515.4166
    527.5674
    539.6016
    551.5189
    563.3181
    574.9974
# Travel time at depth =   5.00 km.
     41.9455
     55.6996
     69.4531
     83.2059
     96.9576
    110.7078
    124.4563
    138.2027
    151.9467
    165.6881
    179.4265
    193.1616
    206.8931
    220.6207
    234.3440
    248.0627
    261.7766
    275.4853
    289.1885
    302.8859
    316.5772
    330.2621
    343.9403
    357.6113
    371.2749
    384.9308
    398.5787
    412.2185
    425.8499
    439.0932
    452.1060
    464.9468
    477.6028
    490.1094
    502.4892
    514.7520
    526.8985
    538.9285
    550.8416
    562.6367
    574.3118
# Travel time at depth =  15.00 km.
     40.7464
     54.5005
     68.2540
     82.0066
     95.7581
    109.5082
    123.2565
    137.0027
    150.7466
    164.4877
    178.2258
    191.9606
    205.6917
    219.4189
    233.1418
    246.8601
    260.5735
    274.2817
    287.9844
    301.6812
    315.3720
    329.0563
    342.7338
    356.4042
    370.0671
    383.7222
    397.3694
    411.0084
    424.6391
    437.8346
    450.8342
    463.6597
    476.3026
    488.7987
    501.1694
    513.4235
    525.5614
    537.5829
    549.4876
    561.2743
    572.9410
# Travel time at depth =  35.00 km.
     38.7865
     52.5404
     66.2937
     80.0462
     93.7974
    107.5471
    121.2949
    135.0406
    148.7838
    162.5243
    176.2617
    189.9956
    203.7258
    217.4521
    231.1739
    244.8911
    258.6034
    272.3103
    286.0117
    299.7072
    313.3965
    327.0793
    340.7552
    354.4239
    368.0850
    381.7384
    395.3837
    409.0209
    422.6070
    435.7240
    448.6912
    461.4796
    474.0923
    486.5641
    498.9134
    511.1469
    523.2645
    535.2661
    547.1512
    558.9182
    570.5655
# Distance-dependent modelling error(s)
   3	1
    0.00   36.00   42.00
#
   0.100
   6.000
   1.200
#@(#)        ak135.PnPn     2.1     06 Jun 1996
