# ak135 travel-time table for phase: PP (All 1st PP branches)
 26   Number of depth samples at the following depths (km):
    0.00   10.00   20.00   30.00   35.00   37.50   40.00   42.50   45.00   50.00
   55.00   60.00   65.00   70.00   80.00   90.00  100.00  120.00  150.00  200.00
  250.00  300.00  400.00  500.00  600.00  700.00
 90   Number of distance samples at the following distances (deg):
    2.00    4.00    6.00    8.00   10.00   12.00   14.00   16.00   18.00   20.00
   22.00   24.00   26.00   28.00   30.00   32.00   34.00   36.00   38.00   40.00
   42.00   44.00   46.00   48.00   50.00   52.00   54.00   56.00   58.00   60.00
   62.00   64.00   66.00   68.00   70.00   72.00   74.00   76.00   78.00   80.00
   82.00   84.00   86.00   88.00   90.00   92.00   94.00   96.00   98.00  100.00
  102.00  104.00  106.00  108.00  110.00  112.00  114.00  116.00  118.00  120.00
  122.00  124.00  126.00  128.00  130.00  132.00  134.00  136.00  138.00  140.00
  142.00  144.00  146.00  148.00  150.00  152.00  154.00  156.00  158.00  160.00
  162.00  164.00  166.00  168.00  170.00  172.00  174.00  176.00  178.00  180.00
# Travel time at depth =   0.00 km.
     38.3426
     70.0535
     97.5580
    125.0569
    152.5476
    180.0276
    207.4945
    234.9458
    262.3789
    289.7913
    317.1805
    344.5442
    371.8796
    399.1841
    426.4561
    452.7420
    478.2532
    503.1494
    526.3152
    548.1940
    569.9050
    591.4118
    612.6824
    632.6169
    650.8547
    669.0097
    687.0724
    705.0076
    722.8152
    740.5480
    758.2189
    775.8272
    793.3611
    810.7964
    828.1140
    845.3109
    862.3859
    879.3356
    896.1557
    912.8414
    929.3903
    945.8030
    962.0779
    978.2122
    994.2042
   1010.0527
   1025.7570
   1041.3167
   1056.7311
   1071.9998
   1087.1218
   1102.0981
   1116.9314
   1131.6215
   1146.1653
   1160.5607
   1174.8090
   1188.9117
   1202.8695
   1216.6812
   1230.3453
   1243.8627
   1257.2352
   1270.4644
   1283.5505
   1296.4928
   1309.2904
   1321.9431
   1334.4504
   1346.8125
   1359.0293
   1371.1011
   1383.0270
   1394.8044
   1406.4318
   1417.9109
   1429.2443
   1440.4330
   1451.4766
   1462.3729
   1473.1172
   1483.7073
   1494.1465
   1504.4340
   1514.5603
   1524.5284
   1534.3530
   1543.9833
   1553.4271
   1562.7952
# Travel time at depth =  10.00 km.
     39.5855
     68.8533
     96.3576
    123.8561
    151.3464
    178.8259
    206.2922
    233.7426
    261.1748
    288.5862
    315.9744
    343.3368
    370.6708
    397.9738
    425.2443
    451.4700
    476.9526
    501.8292
    524.9020
    546.7761
    568.4813
    589.9814
    611.2444
    631.1016
    649.3374
    667.4904
    685.5505
    703.4822
    721.2876
    739.0189
    756.6884
    774.2952
    791.8271
    809.2598
    826.5746
    843.7688
    860.8411
    877.7879
    894.6051
    911.2878
    927.8338
    944.2437
    960.5155
    976.6468
    992.6359
   1008.4814
   1024.1829
   1039.7396
   1055.1512
   1070.4170
   1085.5363
   1100.5098
   1115.3403
   1130.0277
   1144.5687
   1158.9614
   1173.2072
   1187.3074
   1201.2626
   1215.0715
   1228.7333
   1242.2482
   1255.6182
   1268.8451
   1281.9288
   1294.8688
   1307.6642
   1320.3145
   1332.8197
   1345.1794
   1357.3940
   1369.4637
   1381.3875
   1393.1627
   1404.7878
   1416.2649
   1427.5963
   1438.7830
   1449.8246
   1460.7190
   1471.4612
   1482.0492
   1492.4866
   1502.7721
   1512.8964
   1522.8628
   1532.6855
   1542.3130
   1551.7557
   1561.1230
# Travel time at depth =  20.00 km.
     38.8048
     67.6552
     95.1592
    122.6575
    150.1473
    177.6262
    205.0918
    232.5415
    259.9727
    287.3831
    314.7701
    342.1313
    369.4639
    396.7655
    424.0344
    450.1986
    475.6527
    500.5099
    523.4898
    545.3592
    567.0585
    588.5518
    609.8073
    629.5869
    647.8208
    665.9716
    684.0293
    701.9573
    719.7607
    737.4904
    755.1585
    772.7637
    790.2936
    807.7238
    825.0359
    842.2273
    859.2968
    876.2408
    893.0551
    909.7347
    926.2778
    942.6848
    958.9537
    975.0820
    991.0681
   1006.9108
   1022.6092
   1038.1631
   1053.5718
   1068.8346
   1083.9510
   1098.9218
   1113.7498
   1128.4343
   1142.9727
   1157.3627
   1171.6057
   1185.7034
   1199.6560
   1213.4624
   1227.1216
   1240.6340
   1254.0017
   1267.2261
   1280.3076
   1293.2452
   1306.0382
   1318.6863
   1331.1891
   1343.5468
   1355.7592
   1367.8265
   1379.7480
   1391.5212
   1403.1442
   1414.6191
   1425.9486
   1437.1332
   1448.1729
   1459.0653
   1469.8054
   1480.3915
   1490.8269
   1501.1106
   1511.2328
   1521.1973
   1531.0183
   1540.6428
   1550.0845
   1559.4512
# Travel time at depth =  30.00 km.
     39.2395
     66.7468
     94.2506
    121.7484
    149.2376
    176.7158
    204.1805
    231.6291
    259.0592
    286.4682
    313.8537
    341.2132
    368.5440
    395.8437
    423.0933
    449.1936
    474.6123
    499.4453
    522.3126
    544.1762
    565.8685
    587.3536
    608.5999
    628.2882
    646.5199
    664.6682
    682.7230
    700.6468
    718.4476
    736.1757
    753.8421
    771.4454
    788.9731
    806.4001
    823.7090
    840.8973
    857.9635
    874.9042
    891.7151
    908.3914
    924.9310
    941.3345
    957.6000
    973.7250
    989.7076
   1005.5469
   1021.2419
   1036.7925
   1052.1978
   1067.4574
   1082.5706
   1097.5381
   1112.3629
   1127.0444
   1141.5796
   1155.9666
   1170.2065
   1184.3011
   1198.2509
   1212.0544
   1225.7106
   1239.2202
   1252.5851
   1265.8069
   1278.8856
   1291.8206
   1304.6110
   1317.2563
   1329.7566
   1342.1117
   1354.3215
   1366.3865
   1378.3055
   1390.0762
   1401.6967
   1413.1693
   1424.4965
   1435.6788
   1446.7162
   1457.6063
   1468.3441
   1478.9280
   1489.3612
   1499.6426
   1509.7626
   1519.7251
   1529.5441
   1539.1653
   1548.6057
   1557.9716
# Travel time at depth =  35.00 km.
     38.7865
     66.2937
     93.7974
    121.2949
    148.7838
    176.2617
    203.7258
    231.1739
    258.6034
    286.0117
    313.3965
    340.7552
    368.0850
    395.3837
    422.6070
    448.6912
    474.0923
    498.9134
    521.7244
    543.5851
    565.2739
    586.7548
    607.9966
    627.6392
    645.8698
    664.0168
    682.0701
    699.9918
    717.7914
    735.5186
    753.1841
    770.7866
    788.3130
    805.7386
    823.0459
    840.2326
    857.2972
    874.2363
    891.0455
    907.7200
    924.2579
    940.6597
    956.9235
    973.0467
    989.0276
   1004.8652
   1020.5586
   1036.1074
   1051.5111
   1066.7690
   1081.8805
   1096.8464
   1111.6698
   1126.3497
   1140.8833
   1155.2687
   1169.5071
   1183.6003
   1197.5485
   1211.3506
   1225.0052
   1238.5134
   1251.8770
   1265.0974
   1278.1748
   1291.1084
   1303.8975
   1316.5415
   1329.0405
   1341.3943
   1353.6029
   1365.6666
   1377.5845
   1389.3538
   1400.9731
   1412.4446
   1423.7705
   1434.9518
   1445.9880
   1456.8770
   1467.6136
   1478.1964
   1488.6285
   1498.9088
   1509.0276
   1518.9890
   1528.8071
   1538.4265
   1547.8665
   1557.2318
# Travel time at depth =  37.50 km.
     -1.0000
     -1.0000
     93.7927
    121.2864
    148.7719
    176.2465
    203.7076
    231.1526
    258.5790
    285.9843
    313.3661
    340.7217
    368.0486
    395.3444
    422.5184
    448.5822
    473.9644
    498.7739
    521.5368
    543.3952
    565.0812
    586.5590
    607.7973
    627.4067
    645.6365
    663.7828
    681.8350
    699.7552
    717.5540
    735.2805
    752.9456
    770.5474
    788.0730
    805.4975
    822.8037
    839.9893
    857.0527
    873.9907
    890.7988
    907.4720
    924.0089
    940.4095
    956.6721
    972.7942
    988.7740
   1004.6104
   1020.3026
   1035.8503
   1051.2529
   1066.5098
   1081.6201
   1096.5851
   1111.4073
   1126.0862
   1140.6188
   1155.0031
   1169.2405
   1183.3328
   1197.2800
   1211.0811
   1224.7349
   1238.2422
   1251.6047
   1264.8242
   1277.9008
   1290.8335
   1303.6217
   1316.2650
   1328.7632
   1341.1161
   1353.3239
   1365.3868
   1377.3038
   1389.0724
   1400.6909
   1412.1615
   1423.4867
   1434.6672
   1445.7029
   1456.5911
   1467.3270
   1477.9091
   1488.3405
   1498.6200
   1508.7380
   1518.6989
   1528.5162
   1538.1348
   1547.5741
   1556.9393
# Travel time at depth =  40.00 km.
     -1.0000
     -1.0000
     -1.0000
    121.2819
    148.7627
    176.2335
    203.6911
    231.1327
    258.5559
    285.9580
    313.3367
    340.6893
    368.0130
    395.3058
    422.4296
    448.4728
    473.8364
    498.6343
    521.3493
    543.2054
    564.8887
    586.3633
    607.5981
    627.1744
    645.4034
    663.5487
    681.5999
    699.5187
    717.3167
    735.0425
    752.7070
    770.3082
    787.8329
    805.2564
    822.5615
    839.7460
    856.8084
    873.7452
    890.5521
    907.2242
    923.7598
    940.1594
    956.4208
    972.5417
    988.5204
   1004.3556
   1020.0468
   1035.5933
   1050.9948
   1066.2505
   1081.3599
   1096.3237
   1111.1449
   1125.8228
   1140.3542
   1154.7375
   1168.9740
   1183.0653
   1197.0116
   1210.8116
   1224.4645
   1237.9708
   1251.3325
   1264.5511
   1277.6268
   1290.5587
   1303.3459
   1315.9884
   1328.4857
   1340.8379
   1353.0448
   1365.1069
   1377.0232
   1388.7909
   1400.4087
   1411.8785
   1423.2030
   1434.3828
   1445.4177
   1456.3052
   1467.0404
   1477.6217
   1488.0524
   1498.3313
   1508.4486
   1518.4087
   1528.2255
   1537.8429
   1547.2820
   1556.6469
# Travel time at depth =  42.50 km.
     -1.0000
     -1.0000
     -1.0000
     -1.0000
    148.7569
    176.2229
    203.6764
    231.1144
    258.5341
    285.9330
    313.3083
    340.6577
    367.9783
    395.2680
    422.3405
    448.3632
    473.7084
    498.4948
    521.1620
    543.0158
    564.6962
    586.1677
    607.3990
    626.9421
    645.1703
    663.3148
    681.3649
    699.2822
    717.0794
    734.8047
    752.4686
    770.0691
    787.5931
    805.0155
    822.3195
    839.5029
    856.5641
    873.4998
    890.3055
    906.9765
    923.5110
    939.9094
    956.1697
    972.2894
    988.2669
   1004.1010
   1019.7910
   1035.3364
   1050.7367
   1065.9913
   1081.0996
   1096.0624
   1110.8826
   1125.5594
   1140.0898
   1154.4722
   1168.7076
   1182.7979
   1196.7432
   1210.5424
   1224.1942
   1237.6996
   1251.0604
   1264.2782
   1277.3529
   1290.2839
   1303.0704
   1315.7119
   1328.2085
   1340.5597
   1352.7659
   1364.8273
   1376.7427
   1388.5095
   1400.1266
   1411.5957
   1422.9194
   1434.0985
   1445.1326
   1456.0194
   1466.7538
   1477.3344
   1487.7644
   1498.0426
   1508.1592
   1518.1187
   1527.9348
   1537.5511
   1546.9897
   1556.3545
# Travel time at depth =  45.00 km.
     -1.0000
     -1.0000
     -1.0000
     -1.0000
     -1.0000
    176.2149
    203.6638
    231.0978
    258.5137
    285.9091
    313.2811
    340.6271
    367.9445
    395.2310
    422.2511
    448.2532
    473.5803
    498.3553
    520.9747
    542.8262
    564.5038
    585.9721
    607.1999
    626.7100
    644.9373
    663.0809
    681.1300
    699.0458
    716.8422
    734.5669
    752.2302
    769.8301
    787.3532
    804.7746
    822.0775
    839.2597
    856.3199
    873.2545
    890.0590
    906.7288
    923.2621
    939.6593
    955.9185
    972.0370
    988.0134
   1003.8463
   1019.5352
   1035.0795
   1050.4788
   1065.7322
   1080.8394
   1095.8011
   1110.6202
   1125.2961
   1139.8254
   1154.2068
   1168.4412
   1182.5305
   1196.4749
   1210.2731
   1223.9240
   1237.4283
   1250.7883
   1264.0051
   1277.0790
   1290.0092
   1302.7948
   1315.4355
   1327.9312
   1340.2816
   1352.4869
   1364.5475
   1376.4620
   1388.2283
   1399.8444
   1411.3127
   1422.6357
   1433.8141
   1444.8475
   1455.7335
   1466.4673
   1477.0471
   1487.4764
   1497.7539
   1507.8698
   1517.8286
   1527.6440
   1537.2593
   1546.6976
   1556.0620
# Travel time at depth =  50.00 km.
     -1.0000
     -1.0000
     -1.0000
     -1.0000
     -1.0000
     -1.0000
    203.6454
    231.0698
    258.4774
    285.8651
    313.2299
    340.5689
    367.8795
    395.1596
    422.0714
    448.0323
    473.3239
    498.0764
    520.6006
    542.4474
    564.1195
    585.5813
    606.8021
    626.2458
    644.4716
    662.6135
    680.6603
    698.5733
    716.3680
    734.0915
    751.7536
    769.3522
    786.8737
    804.2930
    821.5936
    838.7737
    855.8317
    872.7639
    889.5662
    906.2336
    922.7646
    939.1595
    955.4163
    971.5326
    987.5066
   1003.3372
   1019.0238
   1034.5659
   1049.9629
   1065.2141
   1080.3191
   1095.2788
   1110.0958
   1124.7695
   1139.2969
   1153.6761
   1167.9086
   1181.9958
   1195.9382
   1209.7345
   1223.3835
   1236.8861
   1250.2441
   1263.4592
   1276.5314
   1289.4598
   1302.2437
   1314.8827
   1327.3767
   1339.7255
   1351.9292
   1363.9882
   1375.9011
   1387.6656
   1399.2803
   1410.7471
   1422.0686
   1433.2455
   1444.2775
   1455.1620
   1465.8942
   1476.4727
   1486.9006
   1497.1766
   1507.2909
   1517.2485
   1527.0626
   1536.6759
   1546.1134
   1555.4773
# Travel time at depth =  55.00 km.
     -1.0000
     -1.0000
     -1.0000
     -1.0000
     -1.0000
     -1.0000
     -1.0000
    231.0501
    258.4477
    285.8266
    313.1834
    340.5149
    367.8183
    395.0916
    421.8906
    447.8100
    473.0673
    497.7975
    520.2270
    542.0692
    563.7355
    585.1909
    606.4045
    625.7820
    644.0062
    662.1463
    680.1911
    698.1011
    715.8942
    733.6165
    751.2774
    768.8748
    786.3945
    803.8117
    821.1101
    838.2880
    855.3437
    872.2737
    889.0737
    905.7387
    922.2673
    938.6600
    954.9144
    971.0284
    987.0001
   1002.8284
   1018.5127
   1034.0525
   1049.4473
   1064.6964
   1079.7991
   1094.7566
   1109.5717
   1124.2433
   1138.7686
   1153.1456
   1167.3761
   1181.4614
   1195.4020
   1209.1963
   1222.8434
   1236.3441
   1249.7003
   1262.9136
   1275.9840
   1288.9106
   1301.6927
   1314.3301
   1326.8224
   1339.1696
   1351.3716
   1363.4290
   1375.3403
   1387.1033
   1398.7163
   1410.1815
   1421.5016
   1432.6770
   1443.7075
   1454.5906
   1465.3214
   1475.8983
   1486.3250
   1496.5995
   1506.7123
   1516.6686
   1526.4814
   1536.0925
   1545.5293
   1554.8927
# Travel time at depth =  60.00 km.
     -1.0000
     -1.0000
     -1.0000
     -1.0000
     -1.0000
     -1.0000
     -1.0000
    231.0405
    258.4251
    285.7940
    313.1419
    340.4651
    367.7610
    395.0272
    421.7086
    447.5864
    472.8105
    497.5186
    519.8538
    541.6912
    563.3519
    584.8008
    606.0073
    625.3185
    643.5411
    661.6794
    679.7220
    697.6292
    715.4207
    733.1417
    750.8015
    768.3975
    785.9156
    803.3306
    820.6268
    837.8025
    854.8560
    871.7838
    888.5813
    905.2440
    921.7703
    938.1606
    954.4128
    970.5244
    986.4937
   1002.3198
   1018.0018
   1033.5393
   1048.9319
   1064.1787
   1079.2793
   1094.2346
   1109.0476
   1123.7172
   1138.2404
   1152.6154
   1166.8439
   1180.9272
   1194.8657
   1208.6581
   1222.3032
   1235.8021
   1249.1566
   1262.3680
   1275.4366
   1288.3616
   1301.1420
   1313.7776
   1326.2682
   1338.6136
   1350.8142
   1362.8699
   1374.7797
   1386.5409
   1398.1523
   1409.6161
   1420.9347
   1432.1086
   1443.1377
   1454.0193
   1464.7485
   1475.3241
   1485.7493
   1496.0225
   1506.1338
   1516.0887
   1525.9003
   1535.5094
   1544.9453
   1554.3082
# Travel time at depth =  65.00 km.
     -1.0000
     -1.0000
     -1.0000
     -1.0000
     -1.0000
     -1.0000
     -1.0000
     -1.0000
    258.4113
    285.7679
    313.1057
    340.4200
    367.7078
    394.9665
    421.5254
    447.3615
    472.5536
    497.2397
    519.4811
    541.3137
    562.9687
    584.4110
    605.6105
    624.8553
    643.0763
    661.2129
    679.2533
    697.1575
    714.9474
    732.6672
    750.3258
    767.9206
    785.4370
    802.8499
    820.1438
    837.3173
    854.3685
    871.2940
    888.0892
    904.7495
    921.2735
    937.6615
    953.9113
    970.0206
    985.9876
   1001.8113
   1017.4910
   1033.0264
   1048.4166
   1063.6613
   1078.7596
   1093.7129
   1108.5238
   1123.1913
   1137.7123
   1152.0853
   1166.3116
   1180.3932
   1194.3297
   1208.1201
   1221.7634
   1235.2604
   1248.6129
   1261.8228
   1274.8895
   1287.8127
   1300.5914
   1313.2252
   1325.7142
   1338.0580
   1350.2568
   1362.3109
   1374.2191
   1385.9788
   1397.5886
   1409.0508
   1420.3679
   1431.5404
   1442.5680
   1453.4481
   1464.1759
   1474.7500
   1485.1737
   1495.4454
   1505.5554
   1515.5090
   1525.3192
   1534.9261
   1544.3615
   1553.7239
# Travel time at depth =  70.00 km.
     -1.0000
     -1.0000
     -1.0000
     -1.0000
     -1.0000
     -1.0000
     -1.0000
     -1.0000
     -1.0000
    285.7491
    313.0753
    340.3799
    367.6589
    394.9096
    421.3411
    447.1354
    472.2966
    496.9610
    519.1088
    540.9366
    562.5858
    584.0217
    605.2139
    624.3925
    642.6118
    660.7466
    678.7849
    696.6861
    714.4744
    732.1931
    749.8505
    767.4440
    784.9586
    802.3693
    819.6611
    836.8323
    853.8813
    870.8045
    887.5974
    904.2553
    920.7770
    937.1626
    953.4101
    969.5170
    985.4817
   1001.3031
   1016.9805
   1032.5135
   1047.9016
   1063.1440
   1078.2402
   1093.1913
   1108.0001
   1122.6655
   1137.1844
   1151.5553
   1165.7798
   1179.8593
   1193.7938
   1207.5823
   1221.2236
   1234.7188
   1248.0696
   1261.2775
   1274.3425
   1287.2639
   1300.0409
   1312.6731
   1325.1603
   1337.5024
   1349.6996
   1361.7521
   1373.6587
   1385.4167
   1397.0249
   1408.4857
   1419.8013
   1430.9723
   1441.9984
   1452.8771
   1463.6034
   1474.1759
   1484.5984
   1494.8687
   1504.9771
   1514.9293
   1524.7383
   1534.3431
   1543.7776
   1553.1395
# Travel time at depth =  80.00 km.
     -1.0000
     -1.0000
     -1.0000
     -1.0000
     -1.0000
     -1.0000
     -1.0000
     -1.0000
     -1.0000
     -1.0000
    313.0351
    340.3159
    367.5750
    394.7075
    420.9688
    446.6800
    471.7822
    496.4029
    518.3658
    540.1838
    561.8214
    583.2440
    604.4218
    623.4678
    641.6838
    659.8151
    677.8488
    695.7443
    713.5295
    731.2457
    748.9008
    766.4916
    784.0027
    801.4091
    818.6964
    835.8632
    852.9077
    869.8263
    886.6145
    903.2676
    919.7845
    936.1655
    952.4083
    968.5105
    984.4706
   1000.2873
   1015.9601
   1031.4886
   1046.8722
   1062.1101
   1077.2019
   1092.1488
   1106.9534
   1121.6146
   1136.1293
   1150.4961
   1164.7164
   1178.7920
   1192.7227
   1206.5072
   1220.1447
   1233.6360
   1246.9832
   1260.1875
   1273.2490
   1286.1669
   1298.9404
   1311.5691
   1324.0530
   1336.3917
   1348.5857
   1360.6349
   1372.5382
   1384.2930
   1395.8981
   1407.3557
   1418.6683
   1429.8363
   1440.8596
   1451.7354
   1462.4586
   1473.0283
   1483.4479
   1493.7152
   1503.8207
   1513.7704
   1523.5768
   1533.1774
   1542.6104
   1551.9713
# Travel time at depth =  90.00 km.
     -1.0000
     -1.0000
     -1.0000
     -1.0000
     -1.0000
     -1.0000
     -1.0000
     -1.0000
     -1.0000
     -1.0000
     -1.0000
    340.2775
    367.5121
    394.4062
    420.5916
    446.2211
    471.2676
    495.6697
    517.6246
    539.4327
    561.0584
    582.4677
    603.6309
    622.5444
    640.7571
    658.8848
    676.9139
    694.8037
    712.5858
    730.2996
    747.9522
    765.5403
    783.0480
    800.4500
    817.7328
    834.8951
    851.9351
    868.8491
    885.6326
    902.2809
    918.7932
    935.1694
    951.4075
    967.5050
    983.4603
    999.2724
   1014.9407
   1030.4646
   1045.8435
   1061.0770
   1076.1644
   1091.1069
   1105.9075
   1120.5645
   1135.0748
   1149.4375
   1163.6538
   1177.7253
   1191.6521
   1205.4327
   1219.0664
   1232.5540
   1245.8975
   1259.0983
   1272.1561
   1285.0706
   1297.8405
   1310.4658
   1322.9462
   1335.2816
   1347.4723
   1359.5182
   1371.4183
   1383.1698
   1394.7717
   1406.2263
   1417.5359
   1428.7009
   1439.7213
   1450.5940
   1461.3143
   1471.8811
   1482.2979
   1492.5623
   1502.6648
   1512.6119
   1522.4155
   1532.0121
   1541.4435
   1550.8035
# Travel time at depth = 100.00 km.
     -1.0000
     -1.0000
     -1.0000
     -1.0000
     -1.0000
     -1.0000
     -1.0000
     -1.0000
     -1.0000
     -1.0000
     -1.0000
     -1.0000
    367.4710
    394.1008
    420.2094
    445.7595
    470.7528
    494.9385
    516.8854
    538.6834
    560.2971
    581.6929
    602.8414
    621.6224
    639.8317
    657.9557
    675.9802
    693.8643
    711.6433
    729.3547
    747.0049
    764.5904
    782.0944
    799.4921
    816.7703
    833.9282
    850.9636
    867.8729
    884.6517
    901.2952
    917.8027
    934.1743
    950.4077
    966.5004
    982.4510
    998.2584
   1013.9221
   1029.4414
   1044.8158
   1060.0448
   1075.1278
   1090.0660
   1104.8623
   1119.5150
   1134.0212
   1148.3798
   1162.5919
   1176.6595
   1190.5823
   1204.3590
   1217.9888
   1231.4727
   1244.8124
   1258.0096
   1271.0640
   1283.9747
   1296.7412
   1309.3630
   1321.8401
   1334.1721
   1346.3595
   1358.4022
   1370.2990
   1382.0472
   1393.6460
   1405.0974
   1416.4039
   1427.5662
   1438.5835
   1449.4532
   1460.1705
   1470.7344
   1481.1483
   1491.4099
   1501.5094
   1511.4539
   1521.2549
   1530.8472
   1540.2771
   1549.6360
# Travel time at depth = 120.00 km.
     -1.0000
     -1.0000
     -1.0000
     -1.0000
     -1.0000
     -1.0000
     -1.0000
     -1.0000
     -1.0000
     -1.0000
     -1.0000
     -1.0000
    367.1107
    393.4936
    419.4339
    444.8297
    469.7244
    493.4831
    515.4133
    537.1906
    558.7797
    580.1481
    601.2670
    619.7827
    637.9854
    656.1020
    674.1168
    691.9897
    709.7626
    727.4692
    745.1146
    762.6945
    780.1912
    797.5800
    814.8491
    831.9980
    849.0242
    865.9243
    882.6934
    899.3272
    915.8253
    932.1874
    948.4112
    964.4944
    980.4356
    996.2336
   1011.8879
   1027.3981
   1042.7633
   1057.9833
   1073.0574
   1087.9871
   1102.7748
   1117.4191
   1131.9167
   1146.2668
   1160.4708
   1174.5305
   1188.4453
   1202.2141
   1215.8361
   1229.3123
   1242.6447
   1255.8346
   1268.8818
   1281.7855
   1294.5449
   1307.1598
   1319.6300
   1331.9553
   1344.1360
   1356.1721
   1368.0624
   1379.8041
   1391.3964
   1402.8416
   1414.1421
   1425.2983
   1436.3097
   1447.1735
   1457.8846
   1468.4427
   1478.8511
   1489.1067
   1499.2002
   1509.1394
   1518.9349
   1528.5189
   1537.9459
   1547.3029
# Travel time at depth = 150.00 km.
     -1.0000
     -1.0000
     -1.0000
     -1.0000
     -1.0000
     -1.0000
     -1.0000
     -1.0000
     -1.0000
     -1.0000
     -1.0000
     -1.0000
    366.4243
    392.5746
    418.2787
    443.4764
    468.2256
    491.3462
    513.2496
    534.9940
    556.5447
    577.8704
    598.7872
    617.0573
    635.2495
    653.3548
    671.3541
    689.2108
    706.9748
    724.6740
    742.3120
    759.8832
    777.3683
    794.7434
    811.9987
    829.1338
    846.1460
    863.0317
    879.7862
    896.4053
    912.8889
    929.2365
    945.4458
    961.5145
    977.4412
    993.2249
   1008.8650
   1024.3611
   1039.7125
   1054.9187
   1069.9791
   1084.8958
   1099.6707
   1114.3020
   1128.7866
   1143.1239
   1157.3156
   1171.3630
   1185.2657
   1199.0226
   1212.6327
   1226.0974
   1239.4186
   1252.5974
   1265.6337
   1278.5265
   1291.2753
   1303.8795
   1316.3392
   1328.6543
   1340.8250
   1352.8511
   1364.7313
   1376.4630
   1388.0455
   1399.4813
   1410.7727
   1421.9198
   1432.9222
   1443.7769
   1454.4789
   1465.0281
   1475.4277
   1485.6743
   1495.7589
   1505.6902
   1515.4772
   1525.0488
   1534.4714
   1543.8254
# Travel time at depth = 200.00 km.
     -1.0000
     -1.0000
     -1.0000
     -1.0000
     -1.0000
     -1.0000
     -1.0000
     -1.0000
     -1.0000
     -1.0000
     -1.0000
     -1.0000
    365.5359
    391.2398
    416.5344
    441.4264
    465.9283
    487.9688
    509.8216
    531.5051
    552.9859
    574.2349
    594.3981
    612.6520
    630.8257
    648.9106
    666.8807
    684.7122
    702.4615
    720.1479
    737.7729
    755.3284
    772.7927
    790.1438
    807.3752
    824.4863
    841.4742
    858.3351
    875.0641
    891.6577
    908.1163
    924.4390
    940.6231
    956.6667
    972.5685
    988.3275
   1003.9431
   1019.4150
   1034.7426
   1049.9249
   1064.9622
   1079.8562
   1094.6089
   1109.2178
   1123.6801
   1137.9955
   1152.1659
   1166.1924
   1180.0742
   1193.8104
   1207.4001
   1220.8451
   1234.1470
   1247.3070
   1260.3245
   1273.1986
   1285.9290
   1298.5151
   1310.9569
   1323.2544
   1335.4076
   1347.4166
   1359.2798
   1370.9943
   1382.5601
   1393.9799
   1405.2554
   1416.3870
   1427.3740
   1438.2129
   1448.8990
   1459.4330
   1469.8179
   1480.0491
   1490.1183
   1500.0360
   1509.8081
   1519.3591
   1528.7745
   1538.1234
# Travel time at depth = 250.00 km.
     -1.0000
     -1.0000
     -1.0000
     -1.0000
     -1.0000
     -1.0000
     -1.0000
     -1.0000
     -1.0000
     -1.0000
     -1.0000
     -1.0000
    365.0128
    390.1849
    415.0963
    439.6840
    462.9051
    484.8454
    506.6388
    528.2523
    549.6547
    570.8188
    590.1962
    608.4322
    626.5860
    644.6482
    662.5847
    680.3940
    698.1285
    715.8016
    733.4125
    750.9503
    768.3917
    785.7172
    802.9234
    820.0092
    836.9714
    853.8060
    870.5081
    887.0751
    903.5074
    919.8038
    935.9615
    951.9789
    967.8545
    983.5876
    999.1777
   1014.6243
   1029.9268
   1045.0845
   1060.0973
   1074.9680
   1089.6974
   1104.2830
   1118.7218
   1133.0145
   1147.1626
   1161.1672
   1175.0275
   1188.7419
   1202.3107
   1215.7350
   1229.0170
   1242.1571
   1255.1550
   1268.0099
   1280.7211
   1293.2885
   1305.7115
   1317.9907
   1330.1260
   1342.1172
   1353.9624
   1365.6591
   1377.2076
   1388.6106
   1399.8698
   1410.9852
   1421.9562
   1432.7788
   1443.4486
   1453.9668
   1464.3363
   1474.5514
   1484.6046
   1494.5087
   1504.2645
   1513.7950
   1523.2034
   1532.5471
# Travel time at depth = 300.00 km.
     -1.0000
     -1.0000
     -1.0000
     -1.0000
     -1.0000
     -1.0000
     -1.0000
     -1.0000
     -1.0000
     -1.0000
     -1.0000
     -1.0000
    371.6562
    389.6496
    414.1106
    438.1353
    460.1427
    482.0238
    503.7460
    525.2778
    546.5909
    567.6600
    586.2108
    604.4269
    622.5590
    640.5951
    658.4955
    676.2844
    694.0039
    711.6625
    729.2578
    746.7756
    764.1915
    781.4901
    798.6695
    815.7283
    832.6631
    849.4697
    866.1432
    882.6822
    899.0868
    915.3552
    931.4851
    947.4747
    963.3228
    979.0286
    994.5918
   1010.0118
   1025.2878
   1040.4194
   1055.4070
   1070.2532
   1084.9581
   1099.5189
   1113.9333
   1128.2021
   1142.3271
   1156.3088
   1170.1462
   1183.8383
   1197.3848
   1210.7877
   1224.0487
   1237.1682
   1250.1458
   1262.9803
   1275.6715
   1288.2191
   1300.6229
   1312.8828
   1324.9993
   1336.9719
   1348.7983
   1360.4766
   1372.0071
   1383.3927
   1394.6348
   1405.7334
   1416.6876
   1427.4930
   1438.1459
   1448.6478
   1459.0012
   1469.1993
   1479.2363
   1489.1261
   1498.8639
   1508.3748
   1517.7759
   1527.1144
# Travel time at depth = 400.00 km.
     -1.0000
     -1.0000
     -1.0000
     -1.0000
     -1.0000
     -1.0000
     -1.0000
     -1.0000
     -1.0000
     -1.0000
     -1.0000
     -1.0000
    367.5340
    389.6901
    411.7768
    433.7672
    455.6327
    477.3446
    498.8746
    520.1976
    541.2902
    560.6441
    578.8939
    597.0638
    615.1456
    633.1132
    650.9443
    668.6942
    686.3815
    704.0079
    721.5658
    739.0343
    756.3917
    773.6309
    790.7515
    807.7508
    824.6250
    841.3697
    857.9810
    874.4588
    890.8027
    907.0104
    923.0795
    939.0087
    954.7971
    970.4440
    985.9489
   1001.3112
   1016.5305
   1031.6058
   1046.5391
   1061.3323
   1075.9841
   1090.4917
   1104.8536
   1119.0715
   1133.1466
   1147.0791
   1160.8676
   1174.5111
   1188.0105
   1201.3676
   1214.5839
   1227.6592
   1240.5928
   1253.3840
   1266.0326
   1278.5380
   1290.9003
   1303.1195
   1315.1958
   1327.1285
   1338.9150
   1350.5537
   1362.0460
   1373.3947
   1384.6005
   1395.6633
   1406.5814
   1417.3503
   1427.9672
   1438.4346
   1448.7534
   1458.9153
   1468.9185
   1478.7780
   1488.4727
   1497.9481
   1507.3350
   1516.6627
# Travel time at depth = 500.00 km.
     -1.0000
     -1.0000
     -1.0000
     -1.0000
     -1.0000
     -1.0000
     -1.0000
     -1.0000
     -1.0000
     -1.0000
     -1.0000
     -1.0000
     -1.0000
     -1.0000
     -1.0000
    444.5301
    462.9959
    475.4019
    496.4762
    517.3820
    536.5779
    554.8464
    573.0387
    591.1462
    609.1524
    627.0204
    644.7928
    662.5000
    680.1470
    697.7299
    715.2327
    732.6318
    749.9149
    767.0812
    784.1287
    801.0541
    817.8533
    834.5217
    851.0579
    867.4622
    883.7326
    899.8669
    915.8632
    931.7205
    947.4378
    963.0148
    978.4507
    993.7452
   1008.8973
   1023.9072
   1038.7772
   1053.5083
   1068.0978
   1082.5431
   1096.8444
   1111.0032
   1125.0206
   1138.8959
   1152.6277
   1166.2156
   1179.6609
   1192.9655
   1206.1302
   1219.1548
   1232.0381
   1244.7798
   1257.3794
   1269.8367
   1282.1516
   1294.3245
   1306.3551
   1318.2422
   1329.9832
   1341.5771
   1353.0264
   1364.3331
   1375.4978
   1386.5201
   1397.3973
   1408.1248
   1418.7010
   1429.1298
   1439.4091
   1449.5300
   1459.4961
   1469.3212
   1478.9583
   1488.4069
   1497.7788
   1507.0948
# Travel time at depth = 600.00 km.
     -1.0000
     -1.0000
     -1.0000
     -1.0000
     -1.0000
     -1.0000
     -1.0000
     -1.0000
     -1.0000
     -1.0000
     -1.0000
     -1.0000
     -1.0000
     -1.0000
     -1.0000
    439.9662
    458.4147
    476.8360
    495.2193
    513.5538
    531.8268
    550.0256
    568.1419
    586.1623
    604.0499
    621.8347
    639.5527
    657.2111
    674.8076
    692.3293
    709.7535
    727.0651
    744.2618
    761.3425
    778.3038
    795.1423
    811.8533
    828.4341
    844.8849
    861.2045
    877.3907
    893.4413
    909.3551
    925.1310
    940.7684
    956.2667
    971.6253
    986.8435
   1001.9207
   1016.8582
   1031.6583
   1046.3196
   1060.8391
   1075.2156
   1089.4501
   1103.5439
   1117.4974
   1131.3094
   1144.9786
   1158.5056
   1171.8918
   1185.1389
   1198.2471
   1211.2157
   1224.0439
   1236.7312
   1249.2772
   1261.6820
   1273.9453
   1286.0675
   1298.0481
   1309.8853
   1321.5764
   1333.1222
   1344.5249
   1355.7863
   1366.9062
   1377.8842
   1388.7166
   1399.3988
   1409.9318
   1420.3184
   1430.5542
   1440.6311
   1450.5583
   1460.3439
   1469.9189
   1479.3445
   1488.7013
   1498.0054
# Travel time at depth = 700.00 km.
     -1.0000
     -1.0000
     -1.0000
     -1.0000
     -1.0000
     -1.0000
     -1.0000
     -1.0000
     -1.0000
     -1.0000
     -1.0000
     -1.0000
     -1.0000
     -1.0000
     -1.0000
     -1.0000
     -1.0000
     -1.0000
     -1.0000
    510.8430
    528.9500
    546.9893
    564.9274
    582.7565
    600.5132
    618.2104
    635.8505
    653.4292
    670.9318
    688.3384
    705.6370
    722.8260
    739.9036
    756.8664
    773.7108
    790.4323
    807.0275
    823.4966
    839.8384
    856.0505
    872.1306
    888.0772
    903.8890
    919.5654
    935.1055
    950.5087
    965.7742
    980.9011
    995.8897
   1010.7423
   1025.4591
   1040.0372
   1054.4744
   1068.7708
   1082.9277
   1096.9463
   1110.8253
   1124.5638
   1138.1610
   1151.6182
   1164.9369
   1178.1182
   1191.1615
   1204.0660
   1216.8313
   1229.4567
   1241.9420
   1254.2871
   1266.4921
   1278.5570
   1290.4808
   1302.2612
   1313.8966
   1325.3884
   1336.7391
   1347.9495
   1359.0193
   1369.9473
   1380.7289
   1391.3611
   1401.8459
   1412.1852
   1422.3717
   1432.4008
   1442.2860
   1452.0220
   1461.5355
   1470.9391
   1480.2800
   1489.5713
# Distance-dependent modelling error(s)
	21 	2
	0.0	0.4	1.0	2.0	4.0	6.0	8.0	16.0	24.0
	30.0	34.0	38.0	50.0	66.0	74.0	98.0	114.0	130.0
	158.0	166.0	180.0
	0.0	200.0
#
	0.1
	1.1
	1.5
	2.1
	3.0
	3.4
	3.7
	3.8
	4.1
	5.2
	4.2
	3.0
	2.0
	2.0
	1.9
	1.9
	1.8
	1.5
	1.5
	1.8
	1.9
#
	0.7
	0.9
	1.2
	1.8
	2.6
	2.9
	3.3
	3.3
	3.5
	4.4
	3.6
	2.5
	1.8
	1.8
	1.5
	1.5
	1.4
	1.3
	1.3
	1.4
	1.5
#@(#)        ak135.PP     2.1     06 Jun 1996
