# ak135 travel-time table for phase: pPdiff      
 14   Number of depth samples at the following depths (km):
    0.00   15.00   35.00   50.00   75.00  100.00  150.00  200.00  250.00  300.00
  400.00  500.00  600.00  700.00
 23   Number of distance samples at the following distances (deg):
  100.00  102.00  104.00  106.00  108.00  110.00  112.00  114.00  116.00  118.00
  120.00  122.00  124.00  126.00  128.00  130.00  132.00  134.00  136.00  138.00
  140.00  142.00  144.00
# Travel time at depth =   0.00 km.
    827.0427
    835.9340
    844.8254
    853.7167
    862.6080
    871.4994
    880.3907
    889.2820
    898.1734
    907.0647
    915.9561
    924.8474
    933.7387
    942.6301
    951.5214
    960.4128
    969.3041
    978.1954
    987.0868
    995.9781
   1004.8694
   1013.7608
   1022.6521
# Travel time at depth =  15.00 km.
    829.5582
    838.4496
    847.3409
    856.2322
    865.1236
    874.0150
    882.9062
    891.7976
    900.6890
    909.5803
    918.4716
    927.3630
    936.2543
    945.1456
    954.0370
    962.9283
    971.8196
    980.7110
    989.6024
    998.4937
   1007.3850
   1016.2764
   1025.1677
# Travel time at depth =  35.00 km.
    832.6243
    841.5156
    850.4070
    859.2983
    868.1896
    877.0810
    885.9724
    894.8636
    903.7550
    912.6464
    921.5377
    930.4290
    939.3204
    948.2117
    957.1030
    965.9944
    974.8857
    983.7770
    992.6684
   1001.5598
   1010.4510
   1019.3424
   1028.2338
# Travel time at depth =  50.00 km.
    834.3894
    843.2808
    852.1721
    861.0634
    869.9548
    878.8461
    887.7375
    896.6288
    905.5201
    914.4115
    923.3028
    932.1942
    941.0855
    949.9768
    958.8682
    967.7595
    976.6509
    985.5422
    994.4335
   1003.3249
   1012.2162
   1021.1075
   1029.9989
# Travel time at depth =  75.00 km.
    837.3292
    846.2205
    855.1118
    864.0032
    872.8945
    881.7858
    890.6772
    899.5685
    908.4598
    917.3512
    926.2426
    935.1339
    944.0252
    952.9166
    961.8079
    970.6992
    979.5906
    988.4819
    997.3732
   1006.2646
   1015.1559
   1024.0472
   1032.9386
# Travel time at depth = 100.00 km.
    840.2662
    849.1576
    858.0490
    866.9403
    875.8316
    884.7230
    893.6143
    902.5056
    911.3970
    920.2883
    929.1796
    938.0710
    946.9623
    955.8537
    964.7450
    973.6364
    982.5277
    991.4190
   1000.3104
   1009.2017
   1018.0930
   1026.9844
   1035.8757
# Travel time at depth = 150.00 km.
     -1.0000
    855.0042
    863.8955
    872.7869
    881.6782
    890.5695
    899.4609
    908.3522
    917.2435
    926.1349
    935.0262
    943.9175
    952.8089
    961.7003
    970.5916
    979.4829
    988.3743
    997.2656
   1006.1569
   1015.0483
   1023.9396
   1032.8309
   1041.7223
# Travel time at depth = 200.00 km.
     -1.0000
    860.7430
    869.6343
    878.5256
    887.4170
    896.3083
    905.1996
    914.0910
    922.9824
    931.8737
    940.7650
    949.6564
    958.5477
    967.4390
    976.3304
    985.2217
    994.1130
   1003.0044
   1011.8958
   1020.7870
   1029.6785
   1038.5697
   1047.4611
# Travel time at depth = 250.00 km.
     -1.0000
    866.3571
    875.2485
    884.1398
    893.0311
    901.9225
    910.8138
    919.7051
    928.5965
    937.4879
    946.3792
    955.2705
    964.1619
    973.0532
    981.9445
    990.8359
    999.7272
   1008.6185
   1017.5099
   1026.4012
   1035.2926
   1044.1838
   1053.0752
# Travel time at depth = 300.00 km.
     -1.0000
    871.8289
    880.7202
    889.6116
    898.5029
    907.3942
    916.2856
    925.1769
    934.0683
    942.9596
    951.8510
    960.7423
    969.6336
    978.5250
    987.4163
    996.3076
   1005.1990
   1014.0903
   1022.9817
   1031.8730
   1040.7643
   1049.6556
   1058.5470
# Travel time at depth = 400.00 km.
     -1.0000
    882.3623
    891.2537
    900.1450
    909.0363
    917.9277
    926.8190
    935.7103
    944.6017
    953.4930
    962.3843
    971.2757
    980.1671
    989.0583
    997.9497
   1006.8411
   1015.7324
   1024.6238
   1033.5150
   1042.4064
   1051.2977
   1060.1891
   1069.0804
# Travel time at depth = 500.00 km.
     -1.0000
    892.0202
    900.9116
    909.8029
    918.6942
    927.5856
    936.4769
    945.3682
    954.2596
    963.1509
    972.0422
    980.9336
    989.8250
    998.7162
   1007.6076
   1016.4990
   1025.3903
   1034.2816
   1043.1730
   1052.0643
   1060.9557
   1069.8469
   1078.7383
# Travel time at depth = 600.00 km.
     -1.0000
    901.2051
    910.0964
    918.9877
    927.8791
    936.7704
    945.6617
    954.5531
    963.4444
    972.3358
    981.2271
    990.1184
    999.0098
   1007.9011
   1016.7925
   1025.6838
   1034.5751
   1043.4664
   1052.3578
   1061.2491
   1070.1405
   1079.0319
   1087.9232
# Travel time at depth = 700.00 km.
     -1.0000
     -1.0000
    918.6339
    927.5252
    936.4165
    945.3079
    954.1992
    963.0905
    971.9819
    980.8732
    989.7645
    998.6559
   1007.5472
   1016.4386
   1025.3300
   1034.2212
   1043.1125
   1052.0039
   1060.8953
   1069.7866
   1078.6780
   1087.5693
   1096.4606
# Distance-dependent modelling error(s)   
   4   2
	97.0	101.0	104.0	109.0
	0.0	200.0
#
	1.4
	2.0
	2.3
	2.6
#
	1.7
	2.1
	2.5
	2.8
#@(#)        ak135.pPdiff     2.1     06 Jun 1996
