# ak135 travel-time table for phase: pPKiKP      
 14   Number of depth samples at the following depths (km):
    0.00   15.00   35.00   50.00   75.00  100.00  150.00  200.00  250.00  300.00
  400.00  500.00  600.00  700.00
 32   Number of distance samples at the following distances (deg):
    0.00    5.00   10.00   15.00   20.00   25.00   30.00   35.00   40.00   45.00
   50.00   55.00   60.00   65.00   70.00   75.00   80.00   85.00   90.00   95.00
  100.00  105.00  110.00  115.00  120.00  125.00  130.00  135.00  140.00  145.00
  150.00  155.00
# Travel time at depth =   0.00 km.
    994.8231
    995.1028
    995.9410
    997.3346
    999.2790
   1001.7673
   1004.7911
   1008.3401
   1012.4024
   1016.9644
   1022.0112
   1027.5264
   1033.4922
   1039.8901
   1046.7003
   1053.9019
   1061.4736
   1069.3931
   1077.6377
   1086.1841
   1095.0088
   1104.0878
   1113.3972
   1122.9130
   1132.6108
   1142.4669
   1152.4576
   1162.5593
   1172.7491
   1183.0046
   1193.3038
   1203.6256
# Travel time at depth =  15.00 km.
    997.4094
    997.6890
    998.5270
    999.9205
   1001.8645
   1004.3525
   1007.3759
   1010.9244
   1014.9860
   1019.5474
   1024.5935
   1030.1079
   1036.0731
   1042.4702
   1049.2795
   1056.4805
   1064.0513
   1071.9701
   1080.2139
   1088.7596
   1097.5836
   1106.6621
   1115.9709
   1125.4861
   1135.1836
   1145.0393
   1155.0295
   1165.1310
   1175.3206
   1185.5759
   1195.8750
   1206.1967
# Travel time at depth =  35.00 km.
   1000.5790
   1000.8586
   1001.6964
   1003.0895
   1005.0332
   1007.5206
   1010.5433
   1014.0911
   1018.1519
   1022.7123
   1027.7574
   1033.2708
   1039.2349
   1045.6309
   1052.4391
   1059.6388
   1067.2086
   1075.1262
   1083.3690
   1091.9137
   1100.7367
   1109.8142
   1119.1223
   1128.6367
   1138.3334
   1148.1886
   1158.1783
   1168.2793
   1178.4686
   1188.7236
   1199.0226
   1209.3444
# Travel time at depth =  50.00 km.
   1002.4445
   1002.7241
   1003.5617
   1004.9545
   1006.8978
   1009.3846
   1012.4067
   1015.9537
   1020.0137
   1024.5732
   1029.6174
   1035.1298
   1041.0928
   1047.4878
   1054.2949
   1061.4935
   1069.0623
   1076.9788
   1085.2206
   1093.7643
   1102.5863
   1111.6630
   1120.9702
   1130.4839
   1140.1799
   1150.0345
   1160.0238
   1170.1244
   1180.3134
   1190.5682
   1200.8671
   1211.1886
# Travel time at depth =  75.00 km.
   1005.5527
   1005.8322
   1006.6695
   1008.0618
   1010.0043
   1012.4903
   1015.5113
   1019.0571
   1023.1157
   1027.6738
   1032.7163
   1038.2271
   1044.1882
   1050.5814
   1057.3867
   1064.5836
   1072.1504
   1080.0652
   1088.3053
   1096.8473
   1105.6678
   1114.7430
   1124.0488
   1133.5613
   1143.2562
   1153.1099
   1163.0983
   1173.1982
   1183.3867
   1193.6411
   1203.9397
   1214.2612
# Travel time at depth = 100.00 km.
   1008.6598
   1008.9391
   1009.7761
   1011.1679
   1013.1097
   1015.5948
   1018.6147
   1022.1593
   1026.2166
   1030.7731
   1035.8141
   1041.3230
   1047.2826
   1053.6738
   1060.4773
   1067.6724
   1075.2373
   1083.1504
   1091.3887
   1099.9291
   1108.7479
   1117.8217
   1127.1261
   1136.6373
   1146.3312
   1156.1837
   1166.1714
   1176.2706
   1186.4585
   1196.7126
   1207.0110
   1217.3324
# Travel time at depth = 150.00 km.
   1014.8517
   1015.1309
   1015.9672
   1017.3580
   1019.2983
   1021.7816
   1024.7993
   1028.3414
   1032.3959
   1036.9495
   1041.9871
   1047.4926
   1053.4485
   1059.8362
   1066.6359
   1073.8271
   1081.3884
   1089.2979
   1097.5326
   1106.0696
   1114.8853
   1123.9559
   1133.2576
   1142.7662
   1152.4579
   1162.3085
   1172.2943
   1182.3922
   1192.5791
   1202.8324
   1213.1302
   1223.4515
# Travel time at depth = 200.00 km.
   1020.9476
   1021.2264
   1022.0622
   1023.4518
   1025.3907
   1027.8721
   1030.8877
   1034.4271
   1038.4788
   1043.0291
   1048.0634
   1053.5653
   1059.5176
   1065.9014
   1072.6973
   1079.8846
   1087.4421
   1095.3478
   1103.5789
   1112.1123
   1120.9247
   1129.9923
   1139.2910
   1148.7970
   1158.4863
   1168.3348
   1178.3190
   1188.4154
   1198.6011
   1208.8536
   1219.1510
   1229.4720
# Travel time at depth = 250.00 km.
   1026.9320
   1027.2107
   1028.0457
   1029.4343
   1031.3716
   1033.8511
   1036.8643
   1040.4010
   1044.4497
   1048.9968
   1054.0276
   1059.5259
   1065.4742
   1071.8542
   1078.6461
   1085.8295
   1093.3829
   1101.2847
   1109.5120
   1118.0419
   1126.8507
   1135.9150
   1145.2108
   1154.7141
   1164.4009
   1174.2473
   1184.2297
   1194.3246
   1204.5092
   1214.7609
   1225.0576
   1235.3785
# Travel time at depth = 300.00 km.
   1032.7891
   1033.0675
   1033.9019
   1035.2893
   1037.2250
   1039.7025
   1042.7133
   1046.2473
   1050.2928
   1054.8365
   1059.8638
   1065.3582
   1071.3026
   1077.6785
   1084.4662
   1091.6455
   1099.1948
   1107.0925
   1115.3159
   1123.8419
   1132.6473
   1141.7083
   1151.0010
   1160.5013
   1170.1857
   1180.0298
   1190.0103
   1200.1036
   1210.2870
   1220.5377
   1230.8340
   1241.1547
# Travel time at depth = 400.00 km.
   1044.1406
   1044.4185
   1045.2513
   1046.6364
   1048.5687
   1051.0420
   1054.0476
   1057.5758
   1061.6149
   1066.1515
   1071.1710
   1076.6573
   1082.5934
   1088.9607
   1095.7396
   1102.9100
   1110.4508
   1118.3398
   1126.5549
   1135.0730
   1143.8707
   1152.9246
   1162.2106
   1171.7050
   1181.3839
   1191.2233
   1201.1997
   1211.2898
   1221.4705
   1231.7194
   1242.0145
   1252.3347
# Travel time at depth = 500.00 km.
   1054.7139
   1054.9912
   1055.8225
   1057.2047
   1059.1334
   1061.6019
   1064.6021
   1068.1238
   1072.1555
   1076.6842
   1081.6953
   1087.1727
   1093.0995
   1099.4572
   1106.2264
   1113.3871
   1120.9181
   1128.7976
   1137.0034
   1145.5126
   1154.3018
   1163.3477
   1172.6263
   1182.1141
   1191.7870
   1201.6211
   1211.5930
   1221.6793
   1231.8571
   1242.1039
   1252.3977
   1262.7173
# Travel time at depth = 600.00 km.
   1064.8881
   1065.1649
   1065.9944
   1067.3738
   1069.2985
   1071.7620
   1074.7560
   1078.2708
   1082.2948
   1086.8151
   1091.8170
   1097.2849
   1103.2017
   1109.5490
   1116.3079
   1123.4580
   1130.9786
   1138.8479
   1147.0437
   1155.5433
   1164.3235
   1173.3607
   1182.6315
   1192.1119
   1201.7783
   1211.6067
   1221.5737
   1231.6560
   1241.8307
   1252.0751
   1262.3674
   1272.6864
# Travel time at depth = 700.00 km.
   1074.5189
   1074.7950
   1075.6227
   1076.9989
   1078.9193
   1081.3772
   1084.3647
   1087.8719
   1091.8876
   1096.3986
   1101.3906
   1106.8479
   1112.7538
   1119.0898
   1125.8373
   1132.9760
   1140.4851
   1148.3433
   1156.5281
   1165.0171
   1173.7872
   1182.8152
   1192.0771
   1201.5497
   1211.2087
   1221.0309
   1230.9926
   1241.0703
   1251.2413
   1261.4832
   1271.7739
   1282.0922
# Modelling error(s)
   1   1
#
   0.700
#@(#)        ak135.pPKiKP     2.1     06 Jun 1996
