# ak135 travel-time table for phase: pPKPdf      
 14   Number of depth samples at the following depths (km):
    0.00   15.00   35.00   50.00   75.00  100.00  150.00  200.00  250.00  300.00
  400.00  500.00  600.00  700.00
 44   Number of distance samples at the following distances (deg):
  115.50  117.00  118.50  120.00  121.50  123.00  124.50  126.00  127.50  129.00
  130.50  132.00  133.50  135.00  136.50  138.00  139.50  141.00  142.50  144.00
  145.50  147.00  148.50  150.00  151.50  153.00  154.50  156.00  157.50  159.00
  160.50  162.00  163.50  165.00  166.50  168.00  169.50  171.00  172.50  174.00
  175.50  177.00  178.50  180.00
# Travel time at depth =   0.00 km.
   1123.8748
   1126.7611
   1129.6467
   1132.5311
   1135.4136
   1138.2932
   1141.1693
   1144.0406
   1146.9061
   1149.7645
   1152.6141
   1155.4532
   1158.2797
   1161.0911
   1163.8843
   1166.6561
   1169.4036
   1172.1218
   1174.8058
   1177.4496
   1180.0465
   1182.5894
   1185.0707
   1187.4783
   1189.7990
   1192.0298
   1194.1671
   1196.2042
   1198.1353
   1199.9557
   1201.6616
   1203.2499
   1204.7189
   1206.0643
   1207.2854
   1208.3811
   1209.3500
   1210.1913
   1210.9041
   1211.4879
   1211.9425
   1212.2672
   1212.4623
   1212.5273
# Travel time at depth =  15.00 km.
   1126.4479
   1129.3342
   1132.2198
   1135.1044
   1137.9868
   1140.8665
   1143.7426
   1146.6139
   1149.4795
   1152.3379
   1155.1876
   1158.0269
   1160.8534
   1163.6649
   1166.4584
   1169.2305
   1171.9780
   1174.6965
   1177.3809
   1180.0250
   1182.6224
   1185.1656
   1187.6475
   1190.0558
   1192.3771
   1194.6085
   1196.7465
   1198.7842
   1200.7159
   1202.5370
   1204.2435
   1205.8324
   1207.3020
   1208.6479
   1209.8695
   1210.9657
   1211.9349
   1212.7765
   1213.4896
   1214.0737
   1214.5284
   1214.8534
   1215.0485
   1215.1136
# Travel time at depth =  35.00 km.
   1129.5984
   1132.4847
   1135.3705
   1138.2549
   1141.1373
   1144.0171
   1146.8932
   1149.7646
   1152.6304
   1155.4889
   1158.3387
   1161.1781
   1164.0048
   1166.8165
   1169.6102
   1172.3826
   1175.1305
   1177.8495
   1180.5342
   1183.1788
   1185.7769
   1188.3208
   1190.8035
   1193.2125
   1195.5349
   1197.7672
   1199.9061
   1201.9448
   1203.8776
   1205.6996
   1207.4070
   1208.9967
   1210.4672
   1211.8138
   1213.0361
   1214.1329
   1215.1028
   1215.9448
   1216.6583
   1217.2428
   1217.6978
   1218.0229
   1218.2181
   1218.2832
# Travel time at depth =  50.00 km.
   1131.4456
   1134.3319
   1137.2177
   1140.1021
   1142.9845
   1145.8644
   1148.7405
   1151.6121
   1154.4778
   1157.3364
   1160.1864
   1163.0259
   1165.8528
   1168.6647
   1171.4586
   1174.2313
   1176.9795
   1179.6989
   1182.3840
   1185.0292
   1187.6278
   1190.1724
   1192.6558
   1195.0658
   1197.3890
   1199.6222
   1201.7621
   1203.8016
   1205.7354
   1207.5582
   1209.2666
   1210.8571
   1212.3282
   1213.6758
   1214.8987
   1215.9961
   1216.9666
   1217.8091
   1218.5229
   1219.1078
   1219.5630
   1219.8883
   1220.0836
   1220.1488
# Travel time at depth =  75.00 km.
   1134.5229
   1137.4092
   1140.2949
   1143.1794
   1146.0620
   1148.9419
   1151.8181
   1154.6897
   1157.5557
   1160.4144
   1163.2645
   1166.1044
   1168.9315
   1171.7438
   1174.5381
   1177.3113
   1180.0601
   1182.7800
   1185.4659
   1188.1119
   1190.7114
   1193.2572
   1195.7417
   1198.1532
   1200.4780
   1202.7126
   1204.8541
   1206.8953
   1208.8304
   1210.6549
   1212.3646
   1213.9567
   1215.4291
   1216.7778
   1218.0020
   1219.1003
   1220.0717
   1220.9149
   1221.6295
   1222.2150
   1222.6707
   1222.9962
   1223.1917
   1223.2570
# Travel time at depth = 100.00 km.
   1137.5989
   1140.4852
   1143.3708
   1146.2554
   1149.1381
   1152.0179
   1154.8943
   1157.7660
   1160.6321
   1163.4910
   1166.3414
   1169.1814
   1172.0089
   1174.8214
   1177.6162
   1180.3899
   1183.1392
   1185.8597
   1188.5464
   1191.1932
   1193.7938
   1196.3406
   1198.8263
   1201.2393
   1203.5657
   1205.8019
   1207.9448
   1209.9875
   1211.9243
   1213.7502
   1215.4615
   1217.0549
   1218.5288
   1219.8788
   1221.1040
   1222.2034
   1223.1757
   1224.0198
   1224.7350
   1225.3210
   1225.7771
   1226.1030
   1226.2987
   1226.3640
# Travel time at depth = 150.00 km.
   1143.7275
   1146.6139
   1149.4996
   1152.3843
   1155.2670
   1158.1470
   1161.0236
   1163.8955
   1166.7618
   1169.6211
   1172.4719
   1175.3124
   1178.1405
   1180.9537
   1183.7494
   1186.5239
   1189.2743
   1191.9962
   1194.6844
   1197.3330
   1199.9354
   1202.4845
   1204.9727
   1207.3885
   1209.7181
   1211.9574
   1214.1035
   1216.1495
   1218.0895
   1219.9186
   1221.6328
   1223.2290
   1224.7056
   1226.0581
   1227.2856
   1228.3872
   1229.3613
   1230.2072
   1230.9238
   1231.5109
   1231.9679
   1232.2944
   1232.4905
   1232.5560
# Travel time at depth = 200.00 km.
     -1.0000
   1152.6445
   1155.5303
   1158.4149
   1161.2977
   1164.1780
   1167.0547
   1169.9269
   1172.7935
   1175.6531
   1178.5043
   1181.3452
   1184.1740
   1186.9879
   1189.7844
   1192.5599
   1195.3114
   1198.0347
   1200.7244
   1203.3748
   1205.9792
   1208.5305
   1211.0214
   1213.4402
   1215.7731
   1218.0156
   1220.1649
   1222.2142
   1224.1575
   1225.9897
   1227.7073
   1229.3064
   1230.7858
   1232.1410
   1233.3708
   1234.4746
   1235.4507
   1236.2982
   1237.0162
   1237.6046
   1238.0625
   1238.3898
   1238.5862
   1238.6519
# Travel time at depth = 250.00 km.
     -1.0000
   1158.5613
   1161.4471
   1164.3319
   1167.2147
   1170.0951
   1172.9720
   1175.8445
   1178.7113
   1181.5713
   1184.4230
   1187.2644
   1190.0938
   1192.9084
   1195.7058
   1198.4823
   1201.2350
   1203.9596
   1206.6509
   1209.3031
   1211.9097
   1214.4634
   1216.9568
   1219.3788
   1221.7151
   1223.9608
   1226.1135
   1228.1663
   1230.1129
   1231.9486
   1233.6693
   1235.2716
   1236.7539
   1238.1118
   1239.3442
   1240.4503
   1241.4283
   1242.2776
   1242.9973
   1243.5868
   1244.0457
   1244.3737
   1244.5704
   1244.6362
# Travel time at depth = 300.00 km.
     -1.0000
   1164.3481
   1167.2340
   1170.1189
   1173.0018
   1175.8823
   1178.7594
   1181.6321
   1184.4993
   1187.3596
   1190.2117
   1193.0537
   1195.8837
   1198.6992
   1201.4974
   1204.2750
   1207.0288
   1209.7549
   1212.4478
   1215.1019
   1217.7107
   1220.2667
   1222.7628
   1225.1881
   1227.5280
   1229.7772
   1231.9333
   1233.9897
   1235.9399
   1237.7792
   1239.5032
   1241.1086
   1242.5941
   1243.9548
   1245.1899
   1246.2983
   1247.2784
   1248.1295
   1248.8507
   1249.4417
   1249.9015
   1250.2301
   1250.4275
   1250.4933
# Travel time at depth = 400.00 km.
     -1.0000
   1175.5509
   1178.4369
   1181.3219
   1184.2051
   1187.0858
   1189.9634
   1192.8365
   1195.7043
   1198.5654
   1201.4185
   1204.2616
   1207.0929
   1209.9099
   1212.7101
   1215.4899
   1218.2462
   1220.9752
   1223.6715
   1226.3296
   1228.9429
   1231.5042
   1234.0060
   1236.4380
   1238.7854
   1241.0419
   1243.2056
   1245.2694
   1247.2273
   1249.0740
   1250.8052
   1252.4176
   1253.9094
   1255.2762
   1256.5168
   1257.6304
   1258.6150
   1259.4701
   1260.1946
   1260.7882
   1261.2502
   1261.5804
   1261.7787
   1261.8448
# Travel time at depth = 500.00 km.
     -1.0000
   1185.9589
   1188.8450
   1191.7300
   1194.6135
   1197.4946
   1200.3724
   1203.2462
   1206.1147
   1208.9767
   1211.8307
   1214.6750
   1217.5078
   1220.3265
   1223.1287
   1225.9109
   1228.6700
   1231.4022
   1234.1024
   1236.7648
   1239.3831
   1241.9501
   1244.4581
   1246.8976
   1249.2534
   1251.5181
   1253.6901
   1255.7623
   1257.7286
   1259.5836
   1261.3230
   1262.9430
   1264.4421
   1265.8158
   1267.0627
   1268.1818
   1269.1715
   1270.0310
   1270.7593
   1271.3560
   1271.8203
   1272.1523
   1272.3516
   1272.4181
# Travel time at depth = 600.00 km.
     -1.0000
   1195.9552
   1198.8414
   1201.7266
   1204.6104
   1207.4918
   1210.3701
   1213.2444
   1216.1136
   1218.9764
   1221.8315
   1224.6771
   1227.5115
   1230.3320
   1233.1364
   1235.9211
   1238.6832
   1241.4188
   1244.1229
   1246.7900
   1249.4136
   1251.9867
   1254.5013
   1256.9489
   1259.3137
   1261.5872
   1263.7679
   1265.8495
   1267.8250
   1269.6890
   1271.4370
   1273.0654
   1274.5724
   1275.9535
   1277.2072
   1278.3324
   1279.3275
   1280.1918
   1280.9242
   1281.5242
   1281.9912
   1282.3251
   1282.5254
   1282.5924
# Travel time at depth = 700.00 km.
     -1.0000
   1205.3910
   1208.2771
   1211.1626
   1214.0465
   1216.9283
   1219.8071
   1222.6820
   1225.5520
   1228.4158
   1231.2720
   1234.1190
   1236.9550
   1239.7775
   1242.5842
   1245.3717
   1248.1370
   1250.8762
   1253.5847
   1256.2567
   1258.8861
   1261.4657
   1263.9877
   1266.4436
   1268.8184
   1271.1017
   1273.2924
   1275.3839
   1277.3694
   1279.2434
   1281.0011
   1282.6388
   1284.1543
   1285.5438
   1286.8049
   1287.9369
   1288.9382
   1289.8077
   1290.5447
   1291.1483
   1291.6183
   1291.9542
   1292.1559
   1292.2231
# Modelling error(s)
   9   2
	114.0	119.0	121.0	129.0	137.0	139.0	142.0	145.0	180.0
	0.0	200.0
#
	1.4
	1.4
	1.3
	1.3
	2.3
	3.3
	3.7
	1.8
	1.8
#
	1.7
	1.7
	1.5
	1.5
	2.5
	3.4
	3.9
	1.9
	1.9
#@(#)        ak135.pPKPdf     2.1     06 Jun 1996
