# ak135 travel-time table for phase: pPKPab      
 14   Number of depth samples at the following depths (km):
    0.00   15.00   35.00   50.00   75.00  100.00  150.00  200.00  250.00  300.00
  400.00  500.00  600.00  700.00
 34   Number of distance samples at the following distances (deg):
  145.00  146.00  147.00  148.00  149.00  150.00  151.00  152.00  153.00  154.00
  155.00  156.00  157.00  158.00  159.00  160.00  161.00  162.00  163.00  164.00
  165.00  166.00  167.00  168.00  169.00  170.00  171.00  172.00  173.00  174.00
  175.00  176.00  177.00  178.00
# Travel time at depth =   0.00 km.
   1178.4740
   1182.1722
   1186.0320
   1189.9866
   1194.0122
   1198.0944
   1202.2228
   1206.3901
   1210.5911
   1214.8218
   1219.0787
   1223.3584
   1227.6580
   1231.9758
   1236.3099
   1240.6588
   1245.0208
   1249.3940
   1253.7777
   1258.1704
   1262.5714
   1266.9797
   1271.3945
   1275.8149
   1280.2404
   1284.6702
   1289.1038
   1293.5404
   1297.9797
   1302.4213
   1306.8644
   1311.3087
   1315.7539
   1320.1995
# Travel time at depth =  15.00 km.
     -1.0000
   1184.7072
   1188.5637
   1192.5160
   1196.5398
   1200.6204
   1204.7476
   1208.9138
   1213.1139
   1217.3438
   1221.6000
   1225.8789
   1230.1780
   1234.4951
   1238.8289
   1243.1772
   1247.5388
   1251.9117
   1256.2950
   1260.6876
   1265.0883
   1269.4963
   1273.9109
   1278.3312
   1282.7566
   1287.1863
   1291.6196
   1296.0563
   1300.4955
   1304.9369
   1309.3800
   1313.8243
   1318.2694
   1322.7150
# Travel time at depth =  35.00 km.
     -1.0000
   1187.8018
   1191.6536
   1195.6025
   1199.6235
   1203.7019
   1207.8273
   1211.9919
   1216.1906
   1220.4192
   1224.6743
   1228.9523
   1233.2504
   1237.5669
   1241.8998
   1246.2476
   1250.6085
   1254.9810
   1259.3639
   1263.7560
   1268.1564
   1272.5641
   1276.9783
   1281.3983
   1285.8235
   1290.2529
   1294.6863
   1299.1227
   1303.5618
   1308.0032
   1312.4462
   1316.8904
   1321.3356
   1325.7811
# Travel time at depth =  50.00 km.
     -1.0000
   1189.5951
   1193.4423
   1197.3877
   1201.4061
   1205.4824
   1209.6058
   1213.7689
   1217.9662
   1222.1935
   1226.4475
   1230.7245
   1235.0219
   1239.3375
   1243.6698
   1248.0170
   1252.3773
   1256.7493
   1261.1317
   1265.5233
   1269.9233
   1274.3308
   1278.7448
   1283.1646
   1287.5895
   1292.0188
   1296.4519
   1300.8882
   1305.3271
   1309.7684
   1314.2113
   1318.6556
   1323.1007
   1327.5461
# Travel time at depth =  75.00 km.
     -1.0000
   1192.5825
   1196.4216
   1200.3615
   1204.3754
   1208.4479
   1212.5682
   1216.7288
   1220.9236
   1225.1488
   1229.4010
   1233.6764
   1237.9723
   1242.2866
   1246.6177
   1250.9637
   1255.3231
   1259.6943
   1264.0759
   1268.4669
   1272.8663
   1277.2732
   1281.6868
   1286.1061
   1290.5306
   1294.9596
   1299.3925
   1303.8285
   1308.2673
   1312.7084
   1317.1512
   1321.5953
   1326.0404
   1330.4860
# Travel time at depth = 100.00 km.
     -1.0000
   1195.5686
   1199.3993
   1203.3333
   1207.3425
   1211.4113
   1215.5284
   1219.6863
   1223.8788
   1228.1018
   1232.3522
   1236.6259
   1240.9203
   1245.2333
   1249.5631
   1253.9081
   1258.2666
   1262.6368
   1267.0177
   1271.4081
   1275.8068
   1280.2131
   1284.6262
   1289.0450
   1293.4692
   1297.8978
   1302.3304
   1306.7662
   1311.2050
   1315.6459
   1320.0885
   1324.5326
   1328.9775
   1333.4231
# Travel time at depth = 150.00 km.
     -1.0000
   1201.5170
   1205.3298
   1209.2516
   1213.2512
   1217.3121
   1221.4227
   1225.5750
   1229.7625
   1233.9812
   1238.2275
   1242.4979
   1246.7893
   1251.0996
   1255.4269
   1259.7697
   1264.1261
   1268.4946
   1272.8739
   1277.2628
   1281.6603
   1286.0656
   1290.4775
   1294.8955
   1299.3190
   1303.7469
   1308.1788
   1312.6143
   1317.0525
   1321.4930
   1325.9354
   1330.3794
   1334.8242
   1339.2697
# Travel time at depth = 200.00 km.
     -1.0000
   1207.3644
   1211.1575
   1215.0660
   1219.0555
   1223.1082
   1227.2118
   1231.3580
   1235.5405
   1239.7546
   1243.9968
   1248.2637
   1252.5519
   1256.8593
   1261.1840
   1265.5243
   1269.8787
   1274.2454
   1278.6229
   1283.0104
   1287.4065
   1291.8104
   1296.2214
   1300.6385
   1305.0610
   1309.4883
   1313.9197
   1318.3545
   1322.7924
   1327.2325
   1331.6747
   1336.1184
   1340.5631
   1345.0084
# Travel time at depth = 250.00 km.
     -1.0000
   1213.0956
   1216.8662
   1220.7607
   1224.7393
   1228.7830
   1232.8793
   1237.0193
   1241.1962
   1245.4054
   1249.6433
   1253.9064
   1258.1912
   1262.4955
   1266.8174
   1271.1553
   1275.5074
   1279.8721
   1284.2479
   1288.6338
   1293.0286
   1297.4313
   1301.8411
   1306.2572
   1310.6788
   1315.1053
   1319.5360
   1323.9703
   1328.4076
   1332.8474
   1337.2893
   1341.7328
   1346.1774
   1350.6226
# Travel time at depth = 300.00 km.
     -1.0000
   1218.6943
   1222.4393
   1226.3184
   1230.2852
   1234.3193
   1238.4077
   1242.5410
   1246.7122
   1250.9163
   1255.1495
   1259.4086
   1263.6898
   1267.9908
   1272.3099
   1276.6451
   1280.9949
   1285.3574
   1289.7314
   1294.1155
   1298.5088
   1302.9102
   1307.3187
   1311.7338
   1316.1545
   1320.5802
   1325.0101
   1329.4438
   1333.8807
   1338.3202
   1342.7617
   1347.2048
   1351.6493
   1356.0944
# Travel time at depth = 400.00 km.
     -1.0000
     -1.0000
   1233.1984
   1237.0416
   1240.9821
   1244.9950
   1249.0659
   1253.1844
   1257.3429
   1261.5356
   1265.7588
   1270.0088
   1274.2823
   1278.5763
   1282.8889
   1287.2184
   1291.5629
   1295.9209
   1300.2906
   1304.6711
   1309.0610
   1313.4595
   1317.8655
   1322.2782
   1326.6968
   1331.1207
   1335.5491
   1339.9814
   1344.4171
   1348.8556
   1353.2964
   1357.7390
   1362.1830
   1366.6279
# Travel time at depth = 500.00 km.
     -1.0000
     -1.0000
   1243.1284
   1246.9257
   1250.8339
   1254.8214
   1258.8713
   1262.9722
   1267.1155
   1271.2950
   1275.5063
   1279.7458
   1284.0101
   1288.2960
   1292.6011
   1296.9237
   1301.2621
   1305.6146
   1309.9796
   1314.3557
   1318.7417
   1323.1367
   1327.5396
   1331.9495
   1336.3656
   1340.7874
   1345.2139
   1349.6447
   1354.0790
   1358.5164
   1362.9562
   1367.3981
   1371.8416
   1376.2860
# Travel time at depth = 600.00 km.
     -1.0000
     -1.0000
   1252.6356
   1256.3723
   1260.2418
   1264.1995
   1268.2251
   1272.3055
   1276.4316
   1280.5961
   1284.7939
   1289.0214
   1293.2751
   1297.5516
   1301.8483
   1306.1632
   1310.4946
   1314.8409
   1319.2004
   1323.5715
   1327.9531
   1332.3441
   1336.7434
   1341.1501
   1345.5636
   1349.9828
   1354.4071
   1358.8361
   1363.2687
   1367.7047
   1372.1434
   1376.5845
   1381.0272
   1385.4713
# Travel time at depth = 700.00 km.
     -1.0000
     -1.0000
     -1.0000
   1265.2239
   1269.0443
   1272.9658
   1276.9620
   1281.0183
   1285.1238
   1289.2705
   1293.4528
   1297.6661
   1301.9073
   1306.1730
   1310.4597
   1314.7657
   1319.0890
   1323.4280
   1327.7809
   1332.1462
   1336.5227
   1340.9089
   1345.3040
   1349.7070
   1354.1171
   1358.5333
   1362.9551
   1367.3817
   1371.8125
   1376.2468
   1380.6842
   1385.1241
   1389.5660
   1394.0095
# Modelling error(s)
   1   1
#
   1.000
#@(#)        ak135.pPKPab     2.1     06 Jun 1996
