# ak135 travel-time table for phase: PPP (All 1st PPP's beyond 20 deg.)
 23   Number of depth samples at the following depths (km):
    0.00   10.00   20.00   30.00   35.00   40.00   50.00   55.00   60.00   65.00
   70.00   80.00   90.00  100.00  120.00  150.00  200.00  250.00  300.00  400.00
  500.00  600.00  700.00
 81   Number of distance samples at the following distances (deg):
   20.00   22.00   24.00   26.00   28.00   30.00   32.00   34.00   36.00   38.00
   40.00   42.00   44.00   46.00   48.00   50.00   52.00   54.00   56.00   58.00
   60.00   62.00   64.00   66.00   68.00   70.00   72.00   74.00   76.00   78.00
   80.00   82.00   84.00   86.00   88.00   90.00   92.00   94.00   96.00   98.00
  100.00  102.00  104.00  106.00  108.00  110.00  112.00  114.00  116.00  118.00
  120.00  122.00  124.00  126.00  128.00  130.00  132.00  134.00  136.00  138.00
  140.00  142.00  144.00  146.00  148.00  150.00  152.00  154.00  156.00  158.00
  160.00  162.00  164.00  166.00  168.00  170.00  172.00  174.00  176.00  178.00
  180.00
# Travel time at depth =   0.00 km.
    297.5108
    324.9702
    352.4187
    379.8550
    407.2781
    434.6869
    462.0803
    489.4571
    516.8163
    544.1567
    571.4769
    598.7761
    626.0536
    653.0253
    679.1130
    704.7457
    729.9142
    754.7242
    778.4869
    800.4368
    822.2910
    844.0333
    865.6474
    887.1177
    908.4305
    929.5726
    948.9254
    967.1763
    985.3739
   1003.5146
   1021.5945
   1039.6019
   1057.5115
   1075.3335
   1093.1000
   1110.8219
   1128.5032
   1146.1433
   1163.7408
   1181.2892
   1198.7776
   1216.1946
   1233.5323
   1250.7896
   1267.9664
   1285.0620
   1302.0750
   1319.0034
   1335.8456
   1352.5991
   1369.2621
   1385.8337
   1402.3146
   1418.7046
   1435.0027
   1451.2075
   1467.3182
   1483.3341
   1499.2545
   1515.0790
   1530.8074
   1546.4395
   1561.9750
   1577.4137
   1592.7554
   1607.9996
   1623.1461
   1638.1949
   1653.1471
   1668.0042
   1682.7662
   1697.4323
   1712.0006
   1726.4702
   1740.8409
   1755.1136
   1769.2889
   1783.3677
   1797.3497
   1811.2346
   1825.0212
# Travel time at depth =  10.00 km.
    296.3087
    323.7676
    351.2155
    378.6513
    406.0738
    433.4818
    460.8745
    488.2505
    515.6089
    542.9484
    570.2676
    597.5659
    624.8424
    651.7704
    677.8412
    703.4537
    728.6066
    753.4041
    777.0750
    799.0222
    820.8732
    842.6118
    864.2216
    885.6873
    906.9951
    928.1320
    947.4100
    965.6597
    983.8560
   1001.9952
   1020.0735
   1038.0791
   1055.9860
   1073.8065
   1091.5718
   1109.2928
   1126.9730
   1144.6123
   1162.2087
   1179.7559
   1197.2428
   1214.6580
   1231.9939
   1249.2493
   1266.4243
   1283.5181
   1300.5291
   1317.4557
   1334.2960
   1351.0476
   1367.7085
   1384.2782
   1400.7571
   1417.1451
   1433.4413
   1449.6442
   1465.7529
   1481.7667
   1497.6853
   1513.5078
   1529.2343
   1544.8644
   1560.3979
   1575.8347
   1591.1744
   1606.4167
   1621.5615
   1636.6084
   1651.5588
   1666.4139
   1681.1743
   1695.8384
   1710.4050
   1724.8728
   1739.2418
   1753.5127
   1767.6863
   1781.7633
   1795.7437
   1809.6267
   1823.4117
# Travel time at depth =  20.00 km.
    295.1085
    322.5670
    350.0144
    377.4495
    404.8714
    432.2788
    459.6707
    487.0459
    514.4034
    541.7420
    569.0603
    596.3576
    623.6331
    650.5167
    676.5704
    702.1626
    727.2999
    752.0850
    775.6642
    797.6087
    819.4563
    841.1912
    862.7968
    884.2578
    905.5607
    926.6923
    945.8954
    964.1438
    982.3387
   1000.4766
   1018.5533
   1036.5568
   1054.4612
   1072.2802
   1090.0444
   1107.7644
   1125.4437
   1143.0820
   1160.6774
   1178.2231
   1195.7086
   1213.1219
   1230.4561
   1247.7096
   1264.8828
   1281.9747
   1298.9839
   1315.9086
   1332.7469
   1349.4966
   1366.1555
   1382.7231
   1399.2002
   1415.5863
   1431.8805
   1448.0814
   1464.1881
   1480.2001
   1496.1166
   1511.9371
   1527.6616
   1543.2898
   1558.8214
   1574.2563
   1589.5941
   1604.8345
   1619.9773
   1635.0223
   1649.9709
   1664.8243
   1679.5828
   1694.2451
   1708.8099
   1723.2759
   1737.6431
   1751.9122
   1766.0840
   1780.1593
   1794.1379
   1808.0194
   1821.8026
# Travel time at depth =  30.00 km.
    294.1976
    321.6554
    349.1021
    376.5364
    403.9574
    431.3639
    458.7548
    486.1291
    513.4855
    540.8228
    568.1398
    595.4359
    622.7100
    649.5350
    675.5667
    701.1334
    726.2515
    751.0212
    774.4887
    796.4298
    818.2735
    840.0038
    861.6043
    883.0598
    904.3567
    925.4820
    944.5967
    962.8437
    981.0370
    999.1732
   1017.2481
   1035.2493
   1053.1508
   1070.9679
   1088.7308
   1106.4497
   1124.1278
   1141.7650
   1159.3591
   1176.9034
   1194.3871
   1211.7985
   1229.1304
   1246.3818
   1263.5529
   1280.6427
   1297.6497
   1314.5721
   1331.4082
   1348.1555
   1364.8121
   1381.3776
   1397.8523
   1414.2362
   1430.5281
   1446.7267
   1462.8312
   1478.8407
   1494.7550
   1510.5734
   1526.2955
   1541.9215
   1557.4509
   1572.8835
   1588.2191
   1603.4574
   1618.5979
   1633.6409
   1648.5873
   1663.4386
   1678.1951
   1692.8552
   1707.4180
   1721.8818
   1736.2469
   1750.5140
   1764.6838
   1778.7572
   1792.7338
   1806.6133
   1820.3947
# Travel time at depth =  35.00 km.
    293.7431
    321.2006
    348.6469
    376.0809
    403.5015
    430.9075
    458.2979
    485.6716
    513.0275
    540.3642
    567.6806
    594.9760
    622.2495
    649.0447
    675.0652
    700.6191
    725.7278
    750.4898
    773.9014
    795.8408
    817.6825
    839.4105
    861.0085
    882.4612
    903.7551
    924.8773
    943.9478
    962.1940
    980.3865
    998.5219
   1016.5959
   1034.5958
   1052.4958
   1070.3121
   1088.0743
   1105.7926
   1123.4702
   1141.1068
   1158.7003
   1176.2439
   1193.7267
   1211.1370
   1228.4678
   1245.7183
   1262.8882
   1279.9769
   1296.9828
   1313.9042
   1330.7391
   1347.4854
   1364.1407
   1380.7051
   1397.1787
   1413.5614
   1429.8521
   1446.0496
   1462.1530
   1478.1614
   1494.0745
   1509.8916
   1525.6128
   1541.2375
   1556.7659
   1572.1974
   1587.5319
   1602.7689
   1617.9084
   1632.9503
   1647.8956
   1662.7460
   1677.5013
   1692.1605
   1706.7222
   1721.1851
   1735.5491
   1749.8152
   1763.9840
   1778.0563
   1792.0320
   1805.9105
   1819.6908
# Travel time at depth =  40.00 km.
    293.7115
    321.1645
    348.6065
    376.0362
    403.4526
    430.8545
    458.2408
    485.6104
    512.9621
    540.2947
    567.6071
    594.8985
    622.1682
    648.8573
    674.8498
    700.3752
    725.4647
    750.2119
    773.5278
    795.4645
    817.3031
    839.0275
    860.6216
    882.0699
    903.3593
    924.4766
    943.4830
    961.7281
    979.9197
    998.0538
   1016.1265
   1034.1248
   1052.0227
   1069.8378
   1087.5991
   1105.3167
   1122.9935
   1140.6293
   1158.2219
   1175.7645
   1193.2460
   1210.6548
   1227.9843
   1245.2332
   1262.4017
   1279.4889
   1296.4933
   1313.4132
   1330.2466
   1346.9913
   1363.6451
   1380.2079
   1396.6799
   1413.0612
   1429.3503
   1445.5463
   1461.6479
   1477.6549
   1493.5665
   1509.3822
   1525.1018
   1540.7251
   1556.2518
   1571.6819
   1587.0149
   1602.2505
   1617.3885
   1632.4290
   1647.3729
   1662.2218
   1676.9758
   1691.6337
   1706.1940
   1720.6554
   1735.0181
   1749.2828
   1763.4503
   1777.5214
   1791.4957
   1805.3729
   1819.1520
# Travel time at depth =  50.00 km.
     -1.0000
    321.1197
    348.5489
    375.9673
    403.3732
    430.7651
    458.1418
    485.5021
    512.8446
    540.1682
    567.4718
    594.7546
    622.0160
    648.4818
    674.4177
    699.8874
    724.9394
    749.6572
    772.7822
    794.7134
    816.5457
    838.2630
    859.8490
    881.2888
    902.5688
    923.6764
    942.5546
    960.7976
    978.9869
    997.1187
   1015.1888
   1033.1836
   1051.0775
   1068.8903
   1086.6498
   1104.3657
   1122.0410
   1139.6753
   1157.2661
   1174.8066
   1192.2855
   1209.6915
   1227.0179
   1244.2639
   1261.4296
   1278.5139
   1295.5153
   1312.4321
   1329.2625
   1346.0040
   1362.6547
   1379.2144
   1395.6833
   1412.0614
   1428.3475
   1444.5404
   1460.6390
   1476.6428
   1492.5513
   1508.3639
   1524.0804
   1539.7008
   1555.2246
   1570.6516
   1585.9817
   1601.2144
   1616.3495
   1631.3870
   1646.3281
   1661.1743
   1675.9255
   1690.5806
   1705.1381
   1719.5968
   1733.9567
   1748.2188
   1762.3837
   1776.4520
   1790.4238
   1804.2985
   1818.0750
# Travel time at depth =  55.00 km.
     -1.0000
     -1.0000
    348.5365
    375.9459
    403.3446
    430.7300
    458.1009
    485.4557
    512.7930
    540.1116
    567.4103
    594.6885
    621.9454
    648.2936
    674.2009
    699.6435
    724.6772
    749.3804
    772.4102
    794.3387
    816.1677
    837.8814
    859.4634
    880.8988
    902.1743
    923.2770
    942.0908
    960.3329
    978.5210
    996.6516
   1014.7204
   1032.7135
   1050.6055
   1068.4170
   1086.1755
   1103.8907
   1121.5652
   1139.1987
   1156.7887
   1174.3281
   1191.8058
   1209.2103
   1226.5353
   1243.7798
   1260.9440
   1278.0267
   1295.0266
   1311.9420
   1328.7709
   1345.5107
   1362.1599
   1378.7179
   1395.1854
   1411.5620
   1427.8466
   1444.0378
   1460.1349
   1476.1372
   1492.0441
   1507.8552
   1523.5702
   1539.1890
   1554.7113
   1570.1368
   1585.4653
   1600.6967
   1615.8303
   1630.8663
   1645.8060
   1660.6509
   1675.4008
   1690.0544
   1704.6105
   1719.0677
   1733.4264
   1747.6870
   1761.8506
   1775.9177
   1789.8882
   1803.7616
   1817.5367
# Travel time at depth =  60.00 km.
     -1.0000
     -1.0000
     -1.0000
     -1.0000
    403.3251
    430.7026
    458.0667
    485.4153
    512.7466
    540.0597
    567.3533
    594.6266
    621.8423
    648.1052
    673.9836
    699.3996
    724.4152
    749.1039
    772.0387
    793.9644
    815.7903
    837.5003
    859.0782
    880.5093
    901.7801
    922.8779
    941.6274
    959.8685
    978.0554
    996.1848
   1014.2523
   1032.2438
   1050.1337
   1067.9440
   1085.7017
   1103.4160
   1121.0897
   1138.7224
   1156.3115
   1173.8500
   1191.3263
   1208.7295
   1226.0529
   1243.2959
   1260.4586
   1277.5399
   1294.5383
   1311.4521
   1328.2794
   1345.0178
   1361.6653
   1378.2218
   1394.6877
   1411.0627
   1427.3457
   1443.5354
   1459.6310
   1475.6317
   1491.5371
   1507.3467
   1523.0602
   1538.6774
   1554.1982
   1569.6223
   1584.9493
   1600.1791
   1615.3113
   1630.3459
   1645.2842
   1660.1277
   1674.8761
   1689.5284
   1704.0831
   1718.5389
   1732.8961
   1747.1555
   1761.3177
   1775.3835
   1789.3528
   1803.2247
   1816.9987
# Travel time at depth =  65.00 km.
     -1.0000
     -1.0000
     -1.0000
     -1.0000
     -1.0000
    430.6848
    458.0401
    485.3812
    512.7060
    540.0130
    567.3010
    594.5690
    621.6801
    647.9164
    673.7658
    699.1558
    724.1536
    748.8278
    771.6677
    793.5907
    815.4133
    837.1196
    858.6935
    880.1201
    901.3862
    922.4791
    941.1644
    959.4043
    977.5902
    995.7184
   1013.7846
   1031.7743
   1049.6621
   1067.4712
   1085.2280
   1102.9417
   1120.6146
   1138.2465
   1155.8347
   1173.3721
   1190.8470
   1208.2488
   1225.5708
   1242.8123
   1259.9735
   1277.0533
   1294.0503
   1310.9625
   1327.7882
   1344.5250
   1361.1710
   1377.7260
   1394.1903
   1410.5637
   1426.8452
   1443.0333
   1459.1273
   1475.1266
   1491.0304
   1506.8384
   1522.5503
   1538.1660
   1553.6853
   1569.1079
   1584.4335
   1599.6617
   1614.7925
   1629.8257
   1644.7626
   1659.6046
   1674.3517
   1689.0026
   1703.5558
   1718.0104
   1732.3662
   1746.6241
   1760.7850
   1774.8495
   1788.8174
   1802.6881
   1816.4608
# Travel time at depth =  70.00 km.
     -1.0000
     -1.0000
     -1.0000
     -1.0000
     -1.0000
     -1.0000
    458.0228
    485.3546
    512.6719
    539.9722
    567.2539
    594.5161
    621.5177
    647.7273
    673.5475
    698.9120
    723.8923
    748.5521
    771.2973
    793.2174
    815.0367
    836.7394
    858.3092
    879.7314
    900.9929
    922.0808
    940.7017
    958.9406
    977.1253
    995.2523
   1013.3171
   1031.3051
   1049.1909
   1066.9989
   1084.7548
   1102.4675
   1120.1398
   1137.7709
   1155.3582
   1172.8944
   1190.3682
   1207.7684
   1225.0889
   1242.3290
   1259.4886
   1276.5670
   1293.5624
   1310.4733
   1327.2974
   1344.0326
   1360.6769
   1377.2303
   1393.6931
   1410.0651
   1426.3448
   1442.5315
   1458.6239
   1474.6216
   1490.5238
   1506.3303
   1522.0408
   1537.6549
   1553.1727
   1568.5938
   1583.9178
   1599.1447
   1614.2739
   1629.3055
   1644.2411
   1659.0817
   1673.8274
   1688.4769
   1703.0288
   1717.4819
   1731.8363
   1746.0930
   1760.2526
   1774.3158
   1788.2823
   1802.1517
   1815.9231
# Travel time at depth =  80.00 km.
     -1.0000
     -1.0000
     -1.0000
     -1.0000
     -1.0000
     -1.0000
     -1.0000
     -1.0000
    512.6273
    539.9099
    567.1766
    594.4256
    621.1929
    647.3480
    673.1095
    698.4247
    723.3707
    748.0017
    770.5580
    792.4725
    814.2852
    835.9804
    857.5419
    878.9553
    900.2073
    921.2853
    939.7772
    958.0140
    976.1964
    994.3210
   1012.3832
   1030.3676
   1048.2494
   1066.0551
   1083.8092
   1101.5204
   1119.1909
   1136.8204
   1154.4060
   1171.9402
   1189.4113
   1206.8086
   1224.1261
   1241.3632
   1258.5199
   1275.5952
   1292.5876
   1309.4954
   1326.3164
   1343.0483
   1359.6896
   1376.2397
   1392.6995
   1409.0684
   1425.3450
   1441.5284
   1457.6178
   1473.6123
   1489.5115
   1505.3148
   1521.0222
   1536.6333
   1552.1481
   1567.5662
   1582.8872
   1598.1111
   1613.2373
   1628.2661
   1643.1987
   1658.0366
   1672.7795
   1687.4263
   1701.9753
   1716.4255
   1730.7773
   1745.0312
   1759.1881
   1773.2487
   1787.2126
   1801.0795
   1814.8481
# Travel time at depth =  90.00 km.
     -1.0000
     -1.0000
     -1.0000
     -1.0000
     -1.0000
     -1.0000
     -1.0000
     -1.0000
     -1.0000
    539.8829
    567.1276
    594.3591
    620.8676
    646.9672
    672.6694
    697.9381
    722.8505
    747.4528
    769.8209
    791.7296
    813.5356
    835.2233
    856.7765
    878.1808
    899.4233
    920.4914
    938.8541
    957.0887
    975.2689
    993.3911
   1011.4505
   1029.4312
   1047.3092
   1065.1125
   1082.8649
   1100.5745
   1118.2435
   1135.8713
   1153.4551
   1170.9871
   1188.4556
   1205.8500
   1223.1643
   1240.3984
   1257.5522
   1274.6246
   1291.6139
   1308.5186
   1325.3364
   1342.0653
   1358.7032
   1375.2504
   1391.7069
   1408.0726
   1424.3462
   1440.5265
   1456.6127
   1472.6040
   1488.5000
   1504.3003
   1520.0045
   1535.6127
   1551.1244
   1566.5394
   1581.8574
   1597.0782
   1612.2017
   1627.2275
   1642.1573
   1656.9924
   1671.7325
   1686.3763
   1700.9226
   1715.3701
   1729.7190
   1743.9702
   1758.1245
   1772.1824
   1786.1437
   1800.0079
   1813.7740
# Travel time at depth = 100.00 km.
     -1.0000
     -1.0000
     -1.0000
     -1.0000
     -1.0000
     -1.0000
     -1.0000
     -1.0000
     -1.0000
     -1.0000
    567.5430
    594.1729
    620.5417
    646.5846
    672.2276
    697.4521
    722.3316
    746.9053
    769.0859
    790.9886
    812.7880
    834.4680
    856.0128
    877.4081
    898.6411
    919.6505
    937.9324
    956.1649
    974.3427
    992.4625
   1010.5191
   1028.4961
   1046.3702
   1064.1713
   1081.9218
   1099.6299
   1117.2972
   1134.9235
   1152.5054
   1170.0352
   1187.5010
   1204.8925
   1222.2039
   1239.4349
   1256.5858
   1273.6552
   1290.6414
   1307.5428
   1324.3575
   1341.0833
   1357.7180
   1374.2620
   1390.7153
   1407.0779
   1423.3484
   1439.5255
   1455.6085
   1471.5967
   1487.4896
   1503.2867
   1518.9879
   1534.5929
   1550.1016
   1565.5135
   1580.8286
   1596.0465
   1611.1667
   1626.1898
   1641.1167
   1655.9490
   1670.6863
   1685.3274
   1699.8707
   1714.3154
   1728.6616
   1742.9100
   1757.0616
   1771.1168
   1785.0756
   1798.9371
   1812.7006
# Travel time at depth = 120.00 km.
     -1.0000
     -1.0000
     -1.0000
     -1.0000
     -1.0000
     -1.0000
     -1.0000
     -1.0000
     -1.0000
     -1.0000
    567.1106
    593.6531
    619.9083
    645.8206
    671.3398
    696.4821
    721.2994
    745.6431
    767.6231
    789.5139
    811.2993
    832.9638
    854.4915
    875.8685
    897.0820
    917.8155
    936.0936
    954.3217
    972.4949
    990.6097
   1008.6607
   1026.6300
   1044.4966
   1062.2932
   1080.0402
   1097.7450
   1115.4092
   1133.0321
   1150.6104
   1168.1356
   1185.5961
   1202.9814
   1220.2867
   1237.5118
   1254.6566
   1271.7198
   1288.7000
   1305.5953
   1322.4037
   1339.1228
   1355.7511
   1372.2887
   1388.7358
   1405.0920
   1421.3561
   1437.5269
   1453.6035
   1469.5854
   1485.4720
   1501.2628
   1516.9578
   1532.5566
   1548.0592
   1563.4650
   1578.7740
   1593.9858
   1609.1002
   1624.1173
   1639.0385
   1653.8651
   1668.5968
   1683.2322
   1697.7699
   1712.2089
   1726.5494
   1740.7924
   1754.9386
   1768.9885
   1782.9419
   1796.7981
   1810.5564
# Travel time at depth = 150.00 km.
     -1.0000
     -1.0000
     -1.0000
     -1.0000
     -1.0000
     -1.0000
     -1.0000
     -1.0000
     -1.0000
     -1.0000
    566.5111
    592.8729
    618.9562
    644.6982
    670.0618
    695.0859
    719.8055
    743.5119
    765.4758
    787.3474
    809.1112
    830.7513
    852.2524
    873.6010
    894.7843
    915.0978
    933.3699
    951.5912
    969.7572
    987.8645
   1005.9066
   1023.8638
   1041.7194
   1059.5094
   1077.2509
   1094.9509
   1112.6102
   1130.2281
   1147.8005
   1165.3188
   1182.7709
   1200.1470
   1217.4431
   1234.6589
   1251.7946
   1268.8484
   1285.8191
   1302.7048
   1319.5035
   1336.2128
   1352.8313
   1369.3591
   1385.7966
   1402.1432
   1418.3976
   1434.5586
   1450.6256
   1466.5978
   1482.4747
   1498.2561
   1513.9415
   1529.5309
   1545.0240
   1560.4207
   1575.7203
   1590.9230
   1606.0282
   1621.0364
   1635.9489
   1650.7668
   1665.4900
   1680.1166
   1694.6456
   1709.0759
   1723.4080
   1737.6427
   1751.7806
   1765.8224
   1779.7677
   1793.6158
   1807.3661
# Travel time at depth = 200.00 km.
     -1.0000
     -1.0000
     -1.0000
     -1.0000
     -1.0000
     -1.0000
     -1.0000
     -1.0000
     -1.0000
     -1.0000
    565.9232
    591.9047
    617.6486
    643.0690
    668.1788
    693.0020
    717.5486
    740.1490
    762.0828
    783.9193
    805.6433
    827.2391
    848.6922
    869.9898
    891.1194
    910.7071
    928.9684
    947.1779
    965.3313
    983.4253
   1001.4511
   1019.3860
   1037.2247
   1055.0035
   1072.7361
   1090.4276
   1108.0784
   1125.6874
   1143.2494
   1160.7551
   1178.1924
   1195.5525
   1212.8324
   1230.0323
   1247.1520
   1264.1897
   1281.1440
   1298.0132
   1314.7949
   1331.4872
   1348.0886
   1364.5996
   1381.0205
   1397.3503
   1413.5879
   1429.7322
   1445.7823
   1461.7379
   1477.5981
   1493.3629
   1509.0320
   1524.6052
   1540.0822
   1555.4626
   1570.7465
   1585.9332
   1601.0227
   1616.0155
   1630.9130
   1645.7162
   1660.4243
   1675.0361
   1689.5500
   1703.9655
   1718.2830
   1732.5033
   1746.6271
   1760.6549
   1774.5862
   1788.4205
   1802.1570
# Travel time at depth = 250.00 km.
     -1.0000
     -1.0000
     -1.0000
     -1.0000
     -1.0000
     -1.0000
     -1.0000
     -1.0000
     -1.0000
     -1.0000
    582.0999
    591.4969
    616.7458
    641.8218
    666.6750
    691.2820
    715.0637
    737.0492
    758.9478
    780.7439
    802.4226
    823.9686
    845.3684
    866.6097
    887.6805
    906.5047
    924.7543
    942.9510
    961.0909
    979.1703
    997.1779
   1015.0885
   1032.9117
   1050.6794
   1068.4026
   1086.0851
   1103.7268
   1121.3260
   1138.8768
   1156.3687
   1173.7899
   1191.1328
   1208.3959
   1225.5790
   1242.6818
   1259.7024
   1276.6394
   1293.4911
   1310.2550
   1326.9292
   1343.5127
   1360.0062
   1376.4095
   1392.7218
   1408.9417
   1425.0684
   1441.1008
   1457.0388
   1472.8817
   1488.6292
   1504.2811
   1519.8372
   1535.2972
   1550.6609
   1565.9280
   1581.0981
   1596.1713
   1611.1479
   1626.0298
   1640.8175
   1655.5100
   1670.1062
   1684.6044
   1699.0043
   1713.3065
   1727.5118
   1741.6210
   1755.6342
   1769.5509
   1783.3708
   1797.0928
# Travel time at depth = 300.00 km.
     -1.0000
     -1.0000
     -1.0000
     -1.0000
     -1.0000
     -1.0000
     -1.0000
     -1.0000
     -1.0000
     -1.0000
    579.4513
    601.6729
    623.8779
    641.2321
    665.7242
    690.0440
    712.3149
    734.2644
    756.1208
    777.8694
    799.4955
    820.9845
    842.3240
    863.5020
    884.2348
    902.5202
    920.7569
    938.9396
    957.0649
    975.1282
    993.1148
   1011.0003
   1028.8086
   1046.5649
   1064.2783
   1081.9512
   1099.5833
   1117.1719
   1134.7100
   1152.1864
   1169.5902
   1186.9150
   1204.1600
   1221.3253
   1238.4100
   1255.4125
   1272.3312
   1289.1641
   1305.9091
   1322.5641
   1339.1288
   1355.6036
   1371.9884
   1388.2820
   1404.4833
   1420.5912
   1436.6051
   1452.5247
   1468.3491
   1484.0782
   1499.7120
   1515.2501
   1530.6924
   1546.0383
   1561.2878
   1576.4406
   1591.4963
   1606.4562
   1621.3217
   1636.0930
   1650.7692
   1665.3488
   1679.8304
   1694.2141
   1708.5004
   1722.6899
   1736.7836
   1750.7815
   1764.6830
   1778.4877
   1792.1945
# Travel time at depth = 400.00 km.
     -1.0000
     -1.0000
     -1.0000
     -1.0000
     -1.0000
     -1.0000
     -1.0000
     -1.0000
     -1.0000
     -1.0000
    575.3481
    597.5477
    619.7187
    641.8502
    663.9300
    685.9456
    707.8836
    729.7297
    751.4706
    773.0922
    794.5815
    815.9268
    837.1168
    858.1409
    876.9528
    895.2114
    913.4182
    931.5692
    949.6611
    967.6850
    985.6183
   1003.4569
   1021.2359
   1038.9689
   1056.6609
   1074.3125
   1091.9225
   1109.4861
   1126.9940
   1144.4344
   1161.7987
   1179.0835
   1196.2889
   1213.4149
   1230.4597
   1247.4221
   1264.3002
   1281.0918
   1297.7949
   1314.4081
   1330.9316
   1347.3658
   1363.7098
   1379.9626
   1396.1232
   1412.1903
   1428.1638
   1444.0430
   1459.8274
   1475.5170
   1491.1115
   1506.6105
   1522.0139
   1537.3215
   1552.5330
   1567.6478
   1582.6664
   1597.5901
   1612.4200
   1627.1559
   1641.7965
   1656.3405
   1670.7865
   1685.1351
   1699.3871
   1713.5428
   1727.6033
   1741.5681
   1755.4368
   1769.2086
   1782.8829
# Travel time at depth = 500.00 km.
     -1.0000
     -1.0000
     -1.0000
     -1.0000
     -1.0000
     -1.0000
     -1.0000
     -1.0000
     -1.0000
     -1.0000
     -1.0000
     -1.0000
     -1.0000
     -1.0000
    687.1378
    705.6124
    724.0828
    742.5449
    760.9944
    771.1613
    792.3013
    813.3320
    834.2282
    852.8882
    871.1592
    889.3801
    907.5466
    925.6554
    943.7004
    961.6641
    979.5276
    997.3234
   1015.0703
   1032.7756
   1050.4407
   1068.0649
   1085.6453
   1103.1738
   1120.6393
   1138.0317
   1155.3458
   1172.5812
   1189.7378
   1206.8146
   1223.8101
   1240.7225
   1257.5503
   1274.2909
   1290.9427
   1307.5052
   1323.9790
   1340.3638
   1356.6584
   1372.8618
   1388.9729
   1404.9912
   1420.9160
   1436.7469
   1452.4836
   1468.1259
   1483.6736
   1499.1262
   1514.4839
   1529.7460
   1544.9122
   1559.9825
   1574.9576
   1589.8390
   1604.6271
   1619.3212
   1633.9199
   1648.4218
   1662.8264
   1677.1343
   1691.3463
   1705.4629
   1719.4846
   1733.4110
   1747.2413
   1760.9752
   1774.6118
# Travel time at depth = 600.00 km.
     -1.0000
     -1.0000
     -1.0000
     -1.0000
     -1.0000
     -1.0000
     -1.0000
     -1.0000
     -1.0000
     -1.0000
     -1.0000
     -1.0000
     -1.0000
     -1.0000
    682.5825
    701.0529
    719.5151
    737.9649
    756.3978
    774.8092
    793.1942
    811.5478
    829.8646
    848.1385
    866.3635
    884.5348
    902.6495
    920.7025
    938.6782
    956.5552
    974.3601
    992.1147
   1009.8271
   1027.4998
   1045.1320
   1062.7216
   1080.2617
   1097.7419
   1115.1519
   1132.4849
   1149.7400
   1166.9174
   1184.0161
   1201.0348
   1217.9719
   1234.8258
   1251.5941
   1268.2750
   1284.8676
   1301.3719
   1317.7885
   1334.1162
   1350.3538
   1366.5004
   1382.5552
   1398.5176
   1414.3870
   1430.1630
   1445.8456
   1461.4343
   1476.9290
   1492.3293
   1507.6351
   1522.8459
   1537.9617
   1552.9822
   1567.9088
   1582.7428
   1597.4840
   1612.1311
   1626.6827
   1641.1377
   1655.4962
   1669.7589
   1683.9266
   1697.9999
   1711.9785
   1725.8621
   1739.6500
   1753.3417
   1766.9368
# Travel time at depth = 700.00 km.
     -1.0000
     -1.0000
     -1.0000
     -1.0000
     -1.0000
     -1.0000
     -1.0000
     -1.0000
     -1.0000
     -1.0000
     -1.0000
     -1.0000
     -1.0000
     -1.0000
     -1.0000
     -1.0000
     -1.0000
     -1.0000
     -1.0000
     -1.0000
     -1.0000
     -1.0000
    827.2021
    845.3493
    863.4571
    881.5181
    899.5166
    917.4315
    935.2677
    953.0504
    970.7888
    988.4875
   1006.1472
   1023.7674
   1041.3448
   1058.8723
   1076.3395
   1093.7374
   1111.0608
   1128.3088
   1145.4814
   1162.5776
   1179.5958
   1196.5347
   1213.3922
   1230.1663
   1246.8550
   1263.4573
   1279.9731
   1296.4028
   1312.7455
   1328.9998
   1345.1648
   1361.2396
   1377.2235
   1393.1161
   1408.9166
   1424.6250
   1440.2410
   1455.7642
   1471.1942
   1486.5310
   1501.7740
   1516.9230
   1531.9777
   1546.9391
   1561.8083
   1576.5859
   1591.2709
   1605.8617
   1620.3573
   1634.7571
   1649.0615
   1663.2715
   1677.3875
   1691.4098
   1705.3381
   1719.1716
   1732.9100
   1746.5527
   1760.0999
# Distance-dependent modelling error(s)
   4	1
    0.00   54.00   60.00  180.00
#
   0.100
   6.000
   1.700
   1.700
#@(#)        ak135.PPP     2.1     06 Jun 1996
