# ak135 travel-time table for phase: PPP_B (PPP back branch)
 14   Number of depth samples at the following depths (km):
    0.00   15.00   35.00   50.00   75.00  100.00  150.00  200.00  250.00  300.00
  400.00  500.00  600.00  700.00
 60   Number of distance samples at the following distances (deg):
   62.00   64.00   66.00   68.00   70.00   72.00   74.00   76.00   78.00   80.00
   82.00   84.00   86.00   88.00   90.00   92.00   94.00   96.00   98.00  100.00
  102.00  104.00  106.00  108.00  110.00  112.00  114.00  116.00  118.00  120.00
  122.00  124.00  126.00  128.00  130.00  132.00  134.00  136.00  138.00  140.00
  142.00  144.00  146.00  148.00  150.00  152.00  154.00  156.00  158.00  160.00
  162.00  164.00  166.00  168.00  170.00  172.00  174.00  176.00  178.00  180.00
# Travel time at depth =   0.00 km.
   2472.2322
   2463.3000
   2454.3274
   2445.3154
   2436.2664
   2427.1826
   2418.0652
   2408.9146
   2399.7341
   2390.5305
   2381.3079
   2372.0667
   2362.8040
   2353.5146
   2344.1931
   2334.8354
   2325.4341
   2315.9749
   2306.3879
   2296.6414
   2286.7927
   2276.8494
   2266.8049
   2256.6509
   2246.3894
   2236.0249
   2225.5608
   2214.9963
   2204.3293
   2193.5593
   2182.6880
   2171.7173
   2160.6494
   2149.4849
   2138.2239
   2126.8662
   2115.4116
   2103.8589
   2092.2065
   2080.4541
   2068.6021
   2056.6516
   2044.6040
   2032.4598
   2020.2188
   2007.8810
   1995.4463
   1982.9147
   1970.2861
   1957.5610
   1944.7393
   1931.8209
   1918.8066
   1905.6965
   1892.4912
   1879.1906
   1865.7941
   1852.3010
   1838.7104
   1825.0212
# Travel time at depth =  15.00 km.
   2469.7168
   2460.7856
   2451.8135
   2442.8020
   2433.7537
   2424.6704
   2415.5535
   2406.4036
   2397.2236
   2388.0203
   2378.7979
   2369.5569
   2360.2947
   2351.0059
   2341.6851
   2332.3279
   2322.9275
   2313.4695
   2303.8857
   2294.1414
   2284.2942
   2274.3528
   2264.3101
   2254.1582
   2243.8987
   2233.5361
   2223.0740
   2212.5112
   2201.8464
   2191.0786
   2180.2090
   2169.2405
   2158.1746
   2147.0120
   2135.7529
   2124.3975
   2112.9448
   2101.3940
   2089.7441
   2077.9937
   2066.1438
   2054.1956
   2042.1501
   2030.0081
   2017.7693
   2005.4337
   1993.0012
   1980.4719
   1967.8457
   1955.1228
   1942.3033
   1929.3875
   1916.3755
   1903.2677
   1890.0647
   1876.7664
   1863.3724
   1849.8818
   1836.2938
   1822.6072
# Travel time at depth =  35.00 km.
   2466.6511
   2457.7209
   2448.7498
   2439.7393
   2430.6919
   2421.6094
   2412.4932
   2403.3442
   2394.1648
   2384.9622
   2375.7400
   2366.4995
   2357.2380
   2347.9497
   2338.6299
   2329.2737
   2319.8745
   2310.4182
   2300.8391
   2291.0979
   2281.2534
   2271.3145
   2261.2747
   2251.1260
   2240.8691
   2230.5093
   2220.0500
   2209.4905
   2198.8286
   2188.0635
   2177.1970
   2166.2312
   2155.1682
   2144.0088
   2132.7527
   2121.3999
   2109.9504
   2098.4028
   2086.7561
   2075.0090
   2063.1624
   2051.2173
   2039.1750
   2027.0361
   2014.8007
   2002.4684
   1990.0392
   1977.5132
   1964.8904
   1952.1709
   1939.3549
   1926.4424
   1913.4338
   1900.3296
   1887.1301
   1873.8353
   1860.4449
   1846.9580
   1833.3737
   1819.6908
# Travel time at depth =  50.00 km.
   2464.8865
   2455.9573
   2446.9871
   2437.9773
   2428.9307
   2419.8491
   2410.7339
   2401.5854
   2392.4067
   2383.2046
   2373.9829
   2364.7429
   2355.4819
   2346.1946
   2336.8755
   2327.5200
   2318.1221
   2308.6677
   2299.0930
   2289.3550
   2279.5129
   2269.5767
   2259.5396
   2249.3938
   2239.1399
   2228.7830
   2218.3264
   2207.7695
   2197.1106
   2186.3486
   2175.4851
   2164.5222
   2153.4622
   2142.3054
   2131.0522
   2119.7026
   2108.2561
   2096.7117
   2085.0681
   2073.3242
   2061.4807
   2049.5388
   2037.4998
   2025.3641
   2013.1320
   2000.8029
   1988.3771
   1975.8545
   1963.2351
   1950.5190
   1937.7064
   1924.7975
   1911.7924
   1898.6917
   1885.4957
   1872.2046
   1858.8177
   1845.3345
   1831.7540
   1818.0750
# Travel time at depth =  75.00 km.
   2461.9475
   2453.0198
   2444.0510
   2435.0430
   2425.9978
   2416.9175
   2407.8037
   2398.6565
   2389.4790
   2380.2776
   2371.0566
   2361.8176
   2352.5574
   2343.2712
   2333.9534
   2324.5999
   2315.2036
   2305.7522
   2296.1851
   2286.4526
   2276.6143
   2266.6824
   2256.6501
   2246.5093
   2236.2603
   2225.9080
   2215.4561
   2204.9041
   2194.2500
   2183.4929
   2172.6343
   2161.6763
   2150.6211
   2139.4692
   2128.2212
   2116.8765
   2105.4351
   2093.8958
   2082.2576
   2070.5190
   2058.6809
   2046.7445
   2034.7108
   2022.5806
   2010.3538
   1998.0304
   1985.6101
   1973.0931
   1960.4795
   1947.7692
   1934.9623
   1922.0592
   1909.0601
   1895.9652
   1882.7751
   1869.4900
   1856.1093
   1842.6323
   1829.0581
   1815.3855
# Travel time at depth = 100.00 km.
   2459.0110
   2450.0850
   2441.1179
   2432.1113
   2423.0674
   2413.9885
   2404.8760
   2395.7302
   2386.5537
   2377.3533
   2368.1331
   2358.8948
   2349.6355
   2340.3506
   2331.0342
   2321.6821
   2312.2881
   2302.8394
   2293.2798
   2283.5527
   2273.7188
   2263.7910
   2253.7634
   2243.6277
   2233.3833
   2223.0359
   2212.5886
   2202.0415
   2191.3926
   2180.6404
   2169.7869
   2158.8337
   2147.7834
   2136.6365
   2125.3933
   2114.0537
   2102.6174
   2091.0835
   2079.4504
   2067.7173
   2055.8848
   2043.9537
   2031.9254
   2019.8007
   2007.5795
   1995.2616
   1982.8470
   1970.3357
   1957.7278
   1945.0232
   1932.2223
   1919.3251
   1906.3318
   1893.2429
   1880.0588
   1866.7798
   1853.4053
   1839.9344
   1826.3667
   1812.7006
# Travel time at depth = 150.00 km.
   2453.1653
   2444.2427
   2435.2788
   2426.2754
   2417.2346
   2408.1584
   2399.0486
   2389.9055
   2380.7314
   2371.5327
   2362.3142
   2353.0774
   2343.8201
   2334.5374
   2325.2239
   2315.8750
   2306.4849
   2297.0417
   2287.4968
   2277.7815
   2267.9558
   2258.0369
   2248.0188
   2237.8931
   2227.6589
   2217.3210
   2206.8833
   2196.3459
   2185.7070
   2174.9653
   2164.1218
   2153.1787
   2142.1382
   2131.0015
   2119.7683
   2108.4390
   2097.0129
   2085.4897
   2073.8674
   2062.1455
   2050.3240
   2038.4041
   2026.3868
   2014.2731
   2002.0631
   1989.7566
   1977.3535
   1964.8538
   1952.2576
   1939.5648
   1926.7758
   1913.8905
   1900.9093
   1887.8325
   1874.6606
   1861.3938
   1848.0319
   1834.5739
   1821.0189
   1807.3661
# Travel time at depth = 200.00 km.
   2447.4272
   2438.5081
   2429.5476
   2420.5474
   2411.5098
   2402.4365
   2393.3296
   2384.1892
   2375.0176
   2365.8208
   2356.6038
   2347.3684
   2338.1130
   2328.8330
   2319.5222
   2310.1768
   2300.7905
   2291.3528
   2281.8225
   2272.1196
   2262.3030
   2252.3928
   2242.3845
   2232.2695
   2222.0457
   2211.7178
   2201.2900
   2190.7627
   2180.1343
   2169.4031
   2158.5698
   2147.6372
   2136.6072
   2125.4807
   2114.2581
   2102.9392
   2091.5242
   2080.0117
   2068.4009
   2056.6904
   2044.8802
   2032.9717
   2020.9659
   2008.8638
   1996.6654
   1984.3706
   1971.9794
   1959.4917
   1946.9076
   1934.2271
   1921.4503
   1908.5775
   1895.6089
   1882.5447
   1869.3854
   1856.1313
   1842.7823
   1829.3375
   1815.7961
   1802.1570
# Travel time at depth = 250.00 km.
   2441.8135
   2432.8979
   2423.9409
   2414.9443
   2405.9097
   2396.8396
   2387.7356
   2378.5981
   2369.4290
   2360.2341
   2351.0188
   2341.7854
   2332.5320
   2323.2544
   2313.9465
   2304.6045
   2295.2224
   2285.7900
   2276.2737
   2266.5845
   2256.7773
   2246.8765
   2236.8779
   2226.7739
   2216.5610
   2206.2434
   2195.8259
   2185.3091
   2174.6914
   2163.9712
   2153.1492
   2142.2273
   2131.2078
   2120.0920
   2108.8804
   2097.5725
   2086.1685
   2074.6675
   2063.0684
   2051.3699
   2039.5718
   2027.6752
   2015.6813
   2003.5911
   1991.4048
   1979.1223
   1966.7434
   1954.2682
   1941.6967
   1929.0289
   1916.2650
   1903.4052
   1890.4496
   1877.3984
   1864.2524
   1851.0117
   1837.6761
   1824.2450
   1810.7177
   1797.0928
# Travel time at depth = 300.00 km.
     -1.0000
   2427.4299
   2418.4768
   2409.4836
   2400.4524
   2391.3855
   2382.2844
   2373.1501
   2363.9839
   2354.7913
   2345.5776
   2336.3457
   2327.0945
   2317.8193
   2308.5146
   2299.1760
   2289.7979
   2280.3711
   2270.8679
   2261.1941
   2251.3970
   2241.5056
   2231.5176
   2221.4248
   2211.2231
   2200.9165
   2190.5098
   2180.0039
   2169.3975
   2158.6887
   2147.8779
   2136.9673
   2125.9592
   2114.8547
   2103.6543
   2092.3579
   2080.9656
   2069.4766
   2057.8896
   2046.2034
   2034.4177
   2022.5337
   2010.5522
   1998.4746
   1986.3009
   1974.0312
   1961.6653
   1949.2032
   1936.6449
   1923.9905
   1911.2400
   1898.3937
   1885.4517
   1872.4143
   1859.2821
   1846.0553
   1832.7339
   1819.3171
   1805.8044
   1792.1945
# Travel time at depth = 400.00 km.
     -1.0000
   2416.9038
   2407.9585
   2398.9729
   2389.9487
   2380.8887
   2371.7944
   2362.6665
   2353.5063
   2344.3184
   2335.1086
   2325.8804
   2316.6331
   2307.3633
   2298.0649
   2288.7336
   2279.3640
   2269.9485
   2260.4670
   2250.8303
   2241.0554
   2231.1841
   2221.2178
   2211.1492
   2200.9717
   2190.6885
   2180.3044
   2169.8215
   2159.2390
   2148.5549
   2137.7686
   2126.8821
   2115.8977
   2104.8174
   2093.6411
   2082.3691
   2071.0017
   2059.5381
   2047.9769
   2036.3174
   2024.5585
   2012.7012
   2000.7465
   1988.6956
   1976.5490
   1964.3065
   1951.9683
   1939.5342
   1927.0042
   1914.3782
   1901.6566
   1888.8392
   1875.9265
   1862.9187
   1849.8162
   1836.6193
   1823.3280
   1809.9421
   1796.4609
   1782.8829
# Travel time at depth = 500.00 km.
     -1.0000
   2407.2522
   2398.3157
   2389.3389
   2380.3230
   2371.2705
   2362.1836
   2353.0635
   2343.9102
   2334.7278
   2325.5225
   2316.2983
   2307.0557
   2297.7915
   2288.5000
   2279.1765
   2269.8164
   2260.4124
   2250.9500
   2241.3572
   2231.6091
   2221.7603
   2211.8181
   2201.7761
   2191.6262
   2181.3696
   2171.0115
   2160.5549
   2149.9990
   2139.3425
   2128.5842
   2117.7253
   2106.7681
   2095.7148
   2084.5662
   2073.3220
   2061.9827
   2050.5479
   2039.0161
   2027.3867
   2015.6584
   2003.8317
   1991.9075
   1979.8872
   1967.7714
   1955.5603
   1943.2538
   1930.8517
   1918.3540
   1905.7609
   1893.0723
   1880.2883
   1867.4093
   1854.4355
   1841.3672
   1828.2046
   1814.9484
   1801.5980
   1788.1528
   1774.6118
# Travel time at depth = 600.00 km.
     -1.0000
   2398.0718
   2389.1453
   2380.1777
   2371.1709
   2362.1272
   2353.0483
   2343.9360
   2334.7908
   2325.6147
   2316.4148
   2307.1951
   2297.9570
   2288.6985
   2279.4146
   2270.0994
   2260.7488
   2251.3569
   2241.9116
   2232.3638
   2222.6484
   2212.8242
   2202.9077
   2192.8936
   2182.7739
   2172.5469
   2162.2170
   2151.7888
   2141.2620
   2130.6355
   2119.9075
   2109.0786
   2098.1514
   2087.1279
   2076.0090
   2064.7954
   2053.4866
   2042.0829
   2030.5833
   2018.9866
   2007.2917
   1995.4985
   1983.6080
   1971.6212
   1959.5393
   1947.3624
   1935.0906
   1922.7236
   1910.2615
   1897.7042
   1885.0520
   1872.3049
   1859.4630
   1846.5266
   1833.4960
   1820.3716
   1807.1537
   1793.8424
   1780.4371
   1766.9368
# Travel time at depth = 700.00 km.
     -1.0000
   2389.5366
   2380.6211
   2371.6641
   2362.6677
   2353.6335
   2344.5640
   2335.4607
   2326.3245
   2317.1560
   2307.9622
   2298.7473
   2289.5146
   2280.2622
   2270.9858
   2261.6797
   2252.3396
   2242.9600
   2233.5315
   2224.0264
   2214.3528
   2204.5574
   2194.6692
   2184.6855
   2174.5994
   2164.4055
   2154.1079
   2143.7112
   2133.2168
   2122.6235
   2111.9297
   2101.1350
   2090.2417
   2079.2517
   2068.1665
   2056.9871
   2045.7128
   2034.3441
   2022.8804
   2011.3206
   1999.6636
   1987.9084
   1976.0560
   1964.1075
   1952.0641
   1939.9261
   1927.6937
   1915.3667
   1902.9451
   1890.4290
   1877.8182
   1865.1133
   1852.3140
   1839.4205
   1826.4333
   1813.3528
   1800.1791
   1786.9127
   1773.5533
   1760.0999
# Modelling error(s)
   1   1
#
   1.700
#@(#)        ak135.PPP_B     2.1     06 Jun 1996
