# ak135 travel-time table for phase: PPS         
 11   Number of depth samples at the following depths (km):
    0.00   15.00   35.00   50.00   75.00  100.00  150.00  200.00  250.00  300.00
  400.00
 24   Number of distance samples at the following distances (deg):
  134.00  136.00  138.00  140.00  142.00  144.00  146.00  148.00  150.00  152.00
  154.00  156.00  158.00  160.00  162.00  164.00  166.00  168.00  170.00  172.00
  174.00  176.00  178.00  180.00
# Travel time at depth =   0.00 km.
   2240.3528
   2262.5774
   2284.7725
   2306.9104
   2328.9658
   2350.9197
   2372.7566
   2394.4600
   2416.0144
   2437.4128
   2458.6511
   2479.7249
   2500.6257
   2521.3452
   2541.8787
   2562.2278
   2581.7244
   2600.1516
   2618.5342
   2636.8591
   2655.1138
   2673.2866
   2691.3638
   2709.3311
# Travel time at depth =  15.00 km.
   2238.2468
   2260.4707
   2282.6636
   2304.7981
   2326.8491
   2348.7979
   2370.6289
   2392.3254
   2413.8730
   2435.2642
   2456.4951
   2477.5615
   2498.4546
   2519.1660
   2539.6914
   2560.0327
   2579.4580
   2597.8838
   2616.2644
   2634.5869
   2652.8389
   2671.0083
   2689.0818
   2707.0447
# Travel time at depth =  35.00 km.
   2235.7969
   2258.0193
   2280.2087
   2302.3379
   2324.3821
   2346.3228
   2368.1445
   2389.8311
   2411.3677
   2432.7478
   2453.9675
   2475.0225
   2495.9036
   2516.6025
   2537.1160
   2557.4456
   2576.7625
   2595.1863
   2613.5640
   2631.8828
   2650.1306
   2668.2952
   2686.3630
   2704.3196
# Travel time at depth =  50.00 km.
   2234.7007
   2256.9211
   2279.1062
   2301.2285
   2323.2637
   2345.1946
   2367.0049
   2388.6790
   2410.2021
   2431.5688
   2452.7754
   2473.8167
   2494.6836
   2515.3682
   2535.8677
   2556.1833
   2575.3796
   2593.8010
   2612.1755
   2630.4902
   2648.7334
   2666.8926
   2684.9543
   2702.9041
# Travel time at depth =  75.00 km.
   2232.8860
   2255.1030
   2277.2798
   2299.3899
   2321.4102
   2343.3237
   2365.1150
   2386.7676
   2408.2686
   2429.6128
   2450.7969
   2471.8147
   2492.6577
   2513.3184
   2533.7942
   2554.0869
   2573.0820
   2591.4993
   2609.8682
   2628.1763
   2646.4114
   2664.5615
   2682.6125
   2700.5508
# Travel time at depth = 100.00 km.
   2231.0874
   2253.2996
   2275.4675
   2297.5649
   2319.5696
   2341.4653
   2363.2366
   2384.8672
   2406.3457
   2427.6672
   2448.8284
   2469.8228
   2490.6416
   2511.2776
   2531.7297
   2551.9995
   2570.7932
   2589.2061
   2607.5691
   2625.8704
   2644.0974
   2662.2378
   2680.2783
   2698.2048
# Travel time at depth = 150.00 km.
   2227.5708
   2249.7712
   2271.9189
   2293.9880
   2315.9595
   2337.8176
   2359.5466
   2381.1318
   2402.5635
   2423.8384
   2444.9524
   2465.8982
   2486.6672
   2507.2532
   2527.6570
   2547.8264
   2566.2681
   2584.6714
   2603.0225
   2621.3088
   2639.5188
   2657.6396
   2675.6580
   2693.5603
# Travel time at depth = 200.00 km.
   2224.2869
   2246.4714
   2268.5938
   2290.6304
   2312.5642
   2334.3801
   2356.0627
   2377.5981
   2398.9800
   2420.2048
   2441.2681
   2462.1616
   2482.8772
   2503.4109
   2523.7634
   2543.4722
   2561.9067
   2580.2993
   2598.6367
   2616.9072
   2635.0989
   2653.1985
   2671.1929
   2689.0706
# Travel time at depth = 250.00 km.
   2221.2805
   2243.4434
   2265.5344
   2287.5330
   2309.4238
   2331.1919
   2352.8220
   2374.3030
   2395.6306
   2416.8015
   2437.8093
   2458.6460
   2479.3042
   2499.7817
   2520.0803
   2539.3098
   2557.7354
   2576.1160
   2594.4387
   2612.6917
   2630.8630
   2648.9395
   2666.9077
   2684.7610
# Travel time at depth = 300.00 km.
   2218.6091
   2240.7424
   2262.7942
   2284.7473
   2306.5874
   2328.2998
   2349.8701
   2371.2910
   2392.5586
   2413.6692
   2434.6157
   2455.3899
   2475.9856
   2496.4028
   2516.6431
   2535.3689
   2553.7844
   2572.1514
   2590.4573
   2608.6909
   2626.8398
   2644.8909
   2662.8308
   2680.6594
# Travel time at depth = 400.00 km.
   2214.3906
   2236.4268
   2258.3657
   2280.1943
   2301.8987
   2323.4663
   2344.8901
   2366.1658
   2387.2903
   2408.2563
   2429.0562
   2449.6836
   2470.1370
   2490.4175
   2509.7295
   2528.1611
   2546.5503
   2564.8838
   2583.1501
   2601.3376
   2619.4338
   2637.4258
   2655.3032
   2673.0833
# Distance-dependent modelling error(s)
   4	1
    0.00   54.00   60.00  180.00
#
   0.100
   7.000
   2.200
   2.200
#@(#)        ak135.PPS     2.1     06 Jun 1996
