# ak135 travel-time table for phase: pP (All 1st pP branches)
 27   Number of depth samples at the following depths (km):
    0.00   10.00   20.00   30.00   35.00   37.50   40.00   42.50   45.00   50.00
   55.00   60.00   70.00   80.00  100.00  150.00  200.00  250.00  300.00  350.00
  400.00  450.00  500.00  550.00  600.00  650.00  700.00
123   Number of distance samples at the following distances (deg):
    3.00    4.50    6.00    7.50    9.00   10.50   12.00   13.50   15.00   16.50
   18.00   19.50   21.00   22.50   24.00   25.50   27.00   28.50   30.00   31.50
   33.00   34.50   36.00   37.50   39.00   40.50   42.00   43.50   45.00   46.50
   48.00   49.50   51.00   52.50   54.00   55.50   57.00   58.50   60.00   61.50
   63.00   64.50   66.00   67.50   69.00   70.50   72.00   73.50   75.00   76.50
   78.00   79.50   81.00   82.50   84.00   85.50   87.00   88.50   90.00   91.50
   93.00   94.50   96.00   97.50   99.00  100.50  102.00  103.50  105.00  106.50
  108.00  109.50  111.00  111.50  112.00  112.50  113.00  113.50  114.00  115.50  117.00  118.50  120.00  121.50  123.00  124.50  126.00  127.50  129.00  130.50
  132.00  133.50  135.00  136.50  138.00  139.50  141.00  142.50  144.00  145.50
  147.00  148.50  150.00  151.50  153.00  154.50  156.00  157.50  159.00  160.50
  162.00  163.50  165.00  166.50  168.00  169.50  171.00  172.50  174.00  175.50
  177.00  178.50  180.00
# Travel time at depth =   0.00 km.
     48.7790
     69.4017
     90.0138
    110.6111
    131.1894
    151.7445
    172.2721
    192.7679
    213.2280
    232.7953
    251.5747
    268.6367
    284.9525
    301.0392
    316.3085
    329.9715
    343.5362
    356.9613
    370.2740
    383.5157
    396.6806
    409.7351
    422.6555
    435.4383
    448.0779
    460.5664
    472.9015
    485.0814
    497.1021
    508.9615
    520.6583
    532.1918
    543.5609
    554.7662
    565.8107
    576.6907
    587.4045
    597.9544
    608.3406
    618.5611
    628.6176
    638.5127
    648.2464
    657.8174
    667.2252
    676.4695
    685.5505
    694.4672
    703.2159
    711.7979
    720.2165
    728.4717
    736.5586
    744.4727
    752.2170
    759.7815
    767.1765
    774.3585
    781.3978
    788.3740
    795.3071
    802.2073
    809.0609
    815.8573
    822.5905
    829.2655
    835.9340
    842.6025
    849.2710
    855.9395
    862.6080
    869.2766
    875.9450
    882.6135
     -1.0000
     -1.0000
     -1.0000
     -1.0000
     -1.0000
   1123.8748
   1126.7611
   1129.6467
   1132.5311
   1135.4136
   1138.2932
   1141.1693
   1144.0406
   1146.9061
   1149.7645
   1152.6141
   1155.4532
   1158.2797
   1161.0911
   1163.8843
   1166.6561
   1169.4036
   1172.1218
   1174.8058
   1177.4496
   1180.0465
   1182.5894
   1185.0707
   1187.4783
   1189.7990
   1192.0298
   1194.1671
   1196.2042
   1198.1353
   1199.9557
   1201.6616
   1203.2499
   1204.7189
   1206.0643
   1207.2854
   1208.3811
   1209.3500
   1210.1913
   1210.9041
   1211.4879
   1211.9425
   1212.2672
   1212.4623
   1212.5273
# Travel time at depth =  10.00 km.
     49.9794
     70.6026
     91.2155
    111.8139
    132.3934
    152.9500
    173.4795
    193.9773
    214.4397
    234.0806
    252.8940
    270.0518
    286.3759
    302.4730
    317.8238
    331.4897
    345.0579
    358.4879
    371.8030
    385.0469
    398.2146
    411.2731
    424.1975
    436.9845
    449.6284
    462.1214
    474.4609
    486.6451
    498.6703
    510.5341
    522.2353
    533.7731
    545.1464
    556.3559
    567.4044
    578.2885
    589.0062
    599.5601
    609.9500
    620.1744
    630.2345
    640.1331
    649.8704
    659.4448
    668.8560
    678.1036
    687.1879
    696.1078
    704.8597
    713.4448
    721.8665
    730.1246
    738.2145
    746.1317
    753.8788
    761.4462
    768.8439
    776.0295
    783.0699
    790.0469
    796.9806
    803.8813
    810.7357
    817.5330
    824.2671
    830.9426
    837.6111
    844.2796
    850.9481
    857.6166
    864.2851
    870.9536
    877.6221
    884.2906
    890.9591
     -1.0000
     -1.0000
     -1.0000
     -1.0000
   1125.5902
   1128.4766
   1131.3622
   1134.2466
   1137.1290
   1140.0087
   1142.8848
   1145.7561
   1148.6217
   1151.4801
   1154.3298
   1157.1689
   1159.9955
   1162.8070
   1165.6003
   1168.3723
   1171.1199
   1173.8384
   1176.5226
   1179.1665
   1181.7638
   1184.3069
   1186.7886
   1189.1967
   1191.5177
   1193.7489
   1195.8867
   1197.9242
   1199.8557
   1201.6766
   1203.3829
   1204.9716
   1206.4409
   1207.7867
   1209.0082
   1210.1041
   1211.0734
   1211.9148
   1212.6278
   1213.2118
   1213.6665
   1213.9913
   1214.1864
   1214.2515
# Travel time at depth =  20.00 km.
     51.1777
     71.8014
     92.4151
    113.0144
    133.5953
    154.1534
    174.6847
    195.1846
    215.6492
    235.3616
    254.2103
    271.4656
    287.7978
    303.9053
    319.3383
    333.0071
    346.5788
    360.0136
    373.3313
    386.5773
    399.7477
    412.8102
    425.7387
    438.5299
    451.1781
    463.6756
    476.0195
    488.2081
    500.2378
    512.1060
    523.8116
    535.3538
    546.7314
    557.9449
    568.9975
    579.8857
    590.6074
    601.1652
    611.5590
    621.7871
    631.8509
    641.7531
    651.4938
    661.0718
    670.4864
    679.7374
    688.8250
    697.7481
    706.5032
    715.0914
    723.5161
    731.7772
    739.8702
    747.7902
    755.5403
    763.1107
    770.5110
    777.7002
    784.7418
    791.7196
    798.6538
    805.5551
    812.4102
    819.2084
    825.9435
    832.6194
    839.2880
    845.9565
    852.6250
    859.2935
    865.9620
    872.6305
    879.2990
    885.9675
    892.6360
     -1.0000
     -1.0000
     -1.0000
     -1.0000
   1127.3055
   1130.1919
   1133.0775
   1135.9619
   1138.8444
   1141.7241
   1144.6002
   1147.4716
   1150.3372
   1153.1957
   1156.0454
   1158.8846
   1161.7113
   1164.5228
   1167.3163
   1170.0885
   1172.8361
   1175.5548
   1178.2391
   1180.8834
   1183.4810
   1186.0244
   1188.5063
   1190.9148
   1193.2365
   1195.4680
   1197.6062
   1199.6442
   1201.5762
   1203.3975
   1205.1041
   1206.6932
   1208.1630
   1209.5092
   1210.7308
   1211.8271
   1212.7965
   1213.6382
   1214.3514
   1214.9357
   1215.3904
   1215.7153
   1215.9104
   1215.9756
# Travel time at depth =  30.00 km.
     52.0862
     72.7105
     93.3252
    113.9259
    134.5084
    155.0686
    175.6021
    196.1048
    216.5723
    236.3734
    255.2682
    272.6442
    288.9860
    305.1058
    320.6366
    334.3088
    347.8845
    361.3251
    374.6458
    387.8943
    401.0679
    414.1348
    427.0682
    439.8643
    452.5175
    465.0201
    477.3691
    489.5629
    501.5977
    513.4710
    525.1817
    536.7288
    548.1114
    559.3297
    570.3870
    581.2799
    592.0062
    602.5684
    612.9666
    623.1991
    633.2671
    643.1734
    652.9182
    662.5001
    671.9186
    681.1734
    690.2647
    699.1916
    707.9504
    716.5421
    724.9702
    733.2348
    741.3312
    749.2546
    757.0079
    764.5818
    771.9850
    779.1784
    786.2213
    793.2001
    800.1349
    807.0367
    813.8928
    820.6920
    827.4282
    834.1047
    840.7731
    847.4417
    854.1102
    860.7787
    867.4472
    874.1157
    880.7842
    887.4527
    894.1212
     -1.0000
     -1.0000
     -1.0000
     -1.0000
   1128.8342
   1131.7205
   1134.6062
   1137.4906
   1140.3730
   1143.2528
   1146.1289
   1149.0004
   1151.8660
   1154.7245
   1157.5743
   1160.4136
   1163.2404
   1166.0520
   1168.8456
   1171.6179
   1174.3657
   1177.0846
   1179.7693
   1182.4137
   1185.0116
   1187.5554
   1190.0378
   1192.4467
   1194.7688
   1197.0009
   1199.1395
   1201.1780
   1203.1105
   1204.9323
   1206.6394
   1208.2289
   1209.6991
   1211.0457
   1212.2677
   1213.3644
   1214.3341
   1215.1760
   1215.8894
   1216.4738
   1216.9287
   1217.2538
   1217.4490
   1217.5140
# Travel time at depth =  35.00 km.
     52.5393
     73.1640
     93.7791
    114.3805
    134.9639
    155.5250
    176.0598
    196.5637
    217.0328
    236.8769
    255.7956
    273.2328
    289.5794
    305.7054
    321.2853
    334.9593
    348.5370
    361.9805
    375.3026
    388.5524
    401.7276
    414.7968
    427.7325
    440.5310
    453.1868
    465.6920
    478.0435
    490.2400
    502.2773
    514.1532
    525.8664
    537.4161
    548.8011
    560.0219
    571.0814
    581.9767
    592.7054
    603.2698
    613.6702
    623.9049
    633.9750
    643.8833
    653.6301
    663.2140
    672.6345
    681.8912
    690.9844
    699.9131
    708.6738
    717.2673
    725.6971
    733.9634
    742.0615
    749.9866
    757.7416
    765.3171
    772.7219
    779.9174
    786.9610
    793.9401
    800.8752
    807.7775
    814.6340
    821.4336
    828.1703
    834.8471
    841.5156
    848.1841
    854.8527
    861.5211
    868.1896
    874.8582
    881.5267
    888.1952
    894.8636
     -1.0000
     -1.0000
     -1.0000
     -1.0000
   1129.5984
   1132.4847
   1135.3705
   1138.2549
   1141.1373
   1144.0171
   1146.8932
   1149.7646
   1152.6304
   1155.4889
   1158.3387
   1161.1781
   1164.0048
   1166.8165
   1169.6102
   1172.3826
   1175.1305
   1177.8495
   1180.5342
   1183.1788
   1185.7716
   1188.3208
   1190.8035
   1193.2125
   1195.5349
   1197.7672
   1199.9061
   1201.9448
   1203.8776
   1205.6996
   1207.4070
   1208.9967
   1210.4672
   1211.8138
   1213.0361
   1214.1329
   1215.1028
   1215.9448
   1216.6583
   1217.2428
   1217.6978
   1218.0229
   1218.2181
   1218.2832
# Travel time at depth =  37.50 km.
     -1.0000
     -1.0000
     93.7911
    114.3976
    134.9859
    155.5517
    176.0910
    196.5996
    217.0731
    236.9855
    255.9300
    273.4207
    289.7710
    305.9016
    321.5175
    335.1927
    348.7718
    362.2173
    375.5405
    388.7912
    401.9674
    415.0381
    427.9756
    440.7757
    453.4332
    465.9402
    478.2935
    490.4916
    502.5307
    514.4083
    526.1232
    537.6746
    549.0612
    560.2836
    571.3447
    582.2415
    592.9717
    603.5375
    613.9395
    624.1756
    634.2470
    644.1567
    653.9048
    663.4900
    672.9117
    682.1697
    691.2641
    700.1941
    708.9559
    717.5506
    725.9814
    734.2488
    742.3481
    750.2742
    758.0303
    765.6069
    773.0126
    780.2094
    787.2534
    794.2329
    801.1682
    808.0706
    814.9274
    821.7274
    828.4644
    835.1414
    841.8099
    848.4784
    855.1469
    861.8154
    868.4839
    875.1524
    881.8209
    888.4894
    895.1580
     -1.0000
     -1.0000
     -1.0000
     -1.0000
   1129.9064
   1132.7927
   1135.6783
   1138.5627
   1141.4453
   1144.3251
   1147.2012
   1150.0726
   1152.9382
   1155.7969
   1158.6467
   1161.4861
   1164.3129
   1167.1246
   1169.9183
   1172.6908
   1175.4387
   1178.1577
   1180.8425
   1183.4873
   1186.0742
   1188.6295
   1191.1122
   1193.5215
   1195.8440
   1198.0764
   1200.2155
   1202.2544
   1204.1873
   1206.0094
   1207.7169
   1209.3069
   1210.7773
   1212.1243
   1213.3466
   1214.4435
   1215.4135
   1216.2556
   1216.9691
   1217.5537
   1218.0087
   1218.3339
   1218.5291
   1218.5942
# Travel time at depth =  40.00 km.
     -1.0000
     -1.0000
     -1.0000
    114.4100
    135.0046
    155.5758
    176.1202
    196.6336
    217.1119
    237.0925
    256.0635
    273.6083
    289.9623
    306.0977
    321.7497
    335.4260
    349.0065
    362.4540
    375.7783
    389.0298
    402.2071
    415.2794
    428.2185
    441.0203
    453.6795
    466.1883
    478.5433
    490.7431
    502.7840
    514.6633
    526.3799
    537.9329
    549.3213
    560.5452
    571.6078
    582.5063
    593.2380
    603.8053
    614.2087
    624.4462
    634.5190
    644.4301
    654.1794
    663.7659
    673.1890
    682.4481
    691.5438
    700.4749
    709.2380
    717.8338
    726.2658
    734.5342
    742.6346
    750.5618
    758.3190
    765.8967
    773.3033
    780.5014
    787.5459
    794.5256
    801.4611
    808.3637
    815.2208
    822.0211
    828.7585
    835.4357
    842.1041
    848.7726
    855.4412
    862.1097
    868.7781
    875.4467
    882.1152
    888.7837
    895.4521
     -1.0000
     -1.0000
     -1.0000
     -1.0000
   1130.2142
   1133.1006
   1135.9862
   1138.8707
   1141.7532
   1144.6329
   1147.5090
   1150.3805
   1153.2462
   1156.1049
   1158.9547
   1161.7941
   1164.6208
   1167.4326
   1170.2264
   1172.9989
   1175.7469
   1178.4661
   1181.1509
   1183.7958
   1186.3767
   1188.9381
   1191.4209
   1193.8303
   1196.1530
   1198.3856
   1200.5249
   1202.5638
   1204.4969
   1206.3192
   1208.0270
   1209.6169
   1211.0876
   1212.4346
   1213.6571
   1214.7540
   1215.7241
   1216.5663
   1217.2799
   1217.8645
   1218.3196
   1218.6448
   1218.8400
   1218.9052
# Travel time at depth =  42.50 km.
     -1.0000
     -1.0000
     -1.0000
     -1.0000
    135.0189
    155.5969
    176.1470
    196.6657
    217.1489
    237.1978
    256.1962
    273.7957
    290.1534
    306.2935
    321.9817
    335.6591
    349.2410
    362.6906
    376.0160
    389.2684
    402.4467
    415.5206
    428.4613
    441.2648
    453.9257
    466.4362
    478.7930
    490.9946
    503.0372
    514.9182
    526.6365
    538.1912
    549.5812
    560.8067
    571.8710
    582.7709
    593.5042
    604.0729
    614.4778
    624.7167
    634.7910
    644.7032
    654.4540
    664.0418
    673.4661
    682.7265
    691.8234
    700.7557
    709.5200
    718.1169
    726.5500
    734.8196
    742.9210
    750.8493
    758.6075
    766.1863
    773.5939
    780.7933
    787.8383
    794.8183
    801.7540
    808.6567
    815.5141
    822.3147
    829.0525
    835.7298
    842.3983
    849.0668
    855.7354
    862.4038
    869.0723
    875.7408
    882.4094
    889.0778
    895.7463
     -1.0000
     -1.0000
     -1.0000
     -1.0000
   1130.5221
   1133.4084
   1136.2941
   1139.1785
   1142.0610
   1144.9408
   1147.8169
   1150.6884
   1153.5541
   1156.4127
   1159.2626
   1162.1021
   1164.9288
   1167.7407
   1170.5345
   1173.3070
   1176.0551
   1178.7743
   1181.4592
   1184.1041
   1186.6791
   1189.2467
   1191.7296
   1194.1392
   1196.4620
   1198.6947
   1200.8341
   1202.8733
   1204.8065
   1206.6289
   1208.3368
   1209.9270
   1211.3977
   1212.7449
   1213.9675
   1215.0646
   1216.0347
   1216.8770
   1217.5907
   1218.1753
   1218.6304
   1218.9557
   1219.1509
   1219.2161
# Travel time at depth =  45.00 km.
     -1.0000
     -1.0000
     -1.0000
     -1.0000
     -1.0000
    155.6143
    176.1711
    196.6957
    217.1843
    237.3013
    256.3280
    273.9829
    290.3443
    306.4891
    322.2137
    335.8922
    349.4755
    362.9272
    376.2536
    389.5069
    402.6862
    415.7617
    428.7040
    441.5092
    454.1718
    466.6841
    479.0426
    491.2460
    503.2903
    515.1731
    526.8931
    538.4495
    549.8411
    561.0682
    572.1340
    583.0355
    593.7703
    604.3406
    614.7468
    624.9872
    635.0629
    644.9765
    654.7285
    664.3176
    673.7432
    683.0049
    692.1029
    701.0365
    709.8020
    718.4000
    726.8342
    735.1049
    743.2075
    751.1368
    758.8961
    766.4760
    773.8845
    781.0853
    788.1306
    795.1110
    802.0469
    808.9498
    815.8074
    822.6083
    829.3465
    836.0240
    842.6925
    849.3610
    856.0295
    862.6980
    869.3665
    876.0350
    882.7036
    889.3720
    896.0405
     -1.0000
     -1.0000
     -1.0000
     -1.0000
   1130.8300
   1133.7163
   1136.6019
   1139.4865
   1142.3689
   1145.2487
   1148.1248
   1150.9963
   1153.8621
   1156.7206
   1159.5706
   1162.4100
   1165.2368
   1168.0487
   1170.8425
   1173.6151
   1176.3633
   1179.0825
   1181.7676
   1184.4125
   1186.9816
   1189.5553
   1192.0383
   1194.4481
   1196.7710
   1199.0039
   1201.1434
   1203.1829
   1205.1161
   1206.9387
   1208.6467
   1210.2371
   1211.7080
   1213.0552
   1214.2780
   1215.3751
   1216.3453
   1217.1877
   1217.9015
   1218.4862
   1218.9413
   1219.2666
   1219.4618
   1219.5270
# Travel time at depth =  50.00 km.
     -1.0000
     -1.0000
     -1.0000
     -1.0000
     -1.0000
     -1.0000
    176.2083
    196.7480
    217.2489
    237.5027
    256.5890
    274.3567
    290.7253
    306.8795
    322.6772
    336.3581
    349.9441
    363.3999
    376.7285
    389.9835
    403.1650
    416.2435
    429.1892
    441.9977
    454.6638
    467.1796
    479.5416
    491.7484
    503.7963
    515.6826
    527.4059
    538.9657
    550.3607
    561.5909
    572.6599
    583.5645
    594.3023
    604.8755
    615.2848
    625.5281
    635.6064
    645.5228
    655.2774
    664.8691
    674.2972
    683.5614
    692.6619
    701.5979
    710.3658
    718.9661
    727.4025
    735.6754
    743.7802
    751.7117
    759.4731
    767.0551
    774.4655
    781.6690
    788.7153
    795.6962
    802.6324
    809.5358
    816.3940
    823.1956
    829.9344
    836.6122
    843.2808
    849.9493
    856.6178
    863.2863
    869.9548
    876.6233
    883.2918
    889.9603
    896.6288
     -1.0000
     -1.0000
     -1.0000
     -1.0000
   1131.4456
   1134.3319
   1137.2177
   1140.1021
   1142.9845
   1145.8644
   1148.7405
   1151.6121
   1154.4778
   1157.3364
   1160.1864
   1163.0259
   1165.8528
   1168.6647
   1171.4586
   1174.2313
   1176.9795
   1179.6989
   1182.3840
   1185.0292
   1187.5863
   1190.1724
   1192.6558
   1195.0658
   1197.3890
   1199.6222
   1201.7621
   1203.8016
   1205.7354
   1207.5582
   1209.2666
   1210.8571
   1212.3282
   1213.6758
   1214.8987
   1215.9961
   1216.9666
   1217.8091
   1218.5229
   1219.1078
   1219.5630
   1219.8883
   1220.0836
   1220.1488
# Travel time at depth =  55.00 km.
     -1.0000
     -1.0000
     -1.0000
     -1.0000
     -1.0000
     -1.0000
     -1.0000
    196.7859
    217.3041
    237.6963
    256.8461
    274.7296
    291.1055
    307.2690
    323.1403
    336.8235
    350.4123
    363.8722
    377.2030
    390.4598
    403.6433
    416.7249
    429.6739
    442.4858
    455.1553
    467.6747
    480.0402
    492.2505
    504.3018
    516.1916
    527.9185
    539.4816
    550.8798
    562.1133
    573.1854
    584.0932
    594.8341
    605.4103
    615.8224
    626.0686
    636.1497
    646.0687
    655.8260
    665.4203
    674.8510
    684.1177
    693.2206
    702.1591
    710.9293
    719.5320
    727.9706
    736.2456
    744.3527
    752.2864
    760.0499
    767.6341
    775.0464
    782.2526
    789.2997
    796.2813
    803.2179
    810.1216
    816.9804
    823.7826
    830.5221
    837.2004
    843.8689
    850.5374
    857.2059
    863.8744
    870.5429
    877.2114
    883.8799
    890.5484
    897.2169
     -1.0000
     -1.0000
     -1.0000
     -1.0000
   1132.0612
   1134.9474
   1137.8331
   1140.7177
   1143.6001
   1146.4799
   1149.3561
   1152.2277
   1155.0934
   1157.9520
   1160.8021
   1163.6416
   1166.4686
   1169.2806
   1172.0746
   1174.8474
   1177.5957
   1180.3152
   1183.0005
   1185.6459
   1188.1909
   1190.7894
   1193.2729
   1195.6833
   1198.0068
   1200.2404
   1202.3805
   1204.4204
   1206.3544
   1208.1776
   1209.8862
   1211.4771
   1212.9485
   1214.2963
   1215.5194
   1216.6169
   1217.5875
   1218.4303
   1219.1443
   1219.7292
   1220.1846
   1220.5099
   1220.7053
   1220.7705
# Travel time at depth =  60.00 km.
     -1.0000
     -1.0000
     -1.0000
     -1.0000
     -1.0000
     -1.0000
     -1.0000
     -1.0000
    217.3451
    237.8364
    257.0993
    275.1017
    291.4847
    307.6576
    323.5623
    337.2886
    350.8801
    364.3440
    377.6772
    390.9357
    404.1213
    417.2059
    430.1583
    442.9735
    455.6465
    468.1695
    480.5385
    492.7523
    504.8072
    516.7004
    528.4307
    539.9971
    551.3987
    562.6355
    573.7107
    584.6216
    595.3656
    605.9448
    616.3599
    626.6089
    636.6929
    646.6146
    656.3745
    665.9714
    675.4047
    684.6738
    693.7792
    702.7200
    711.4927
    720.0977
    728.5386
    736.8157
    744.9250
    752.8610
    760.6265
    768.2130
    775.6272
    782.8361
    789.8842
    796.8663
    803.8033
    810.7074
    817.5668
    824.3696
    831.1098
    837.7885
    844.4569
    851.1254
    857.7939
    864.4625
    871.1309
    877.7994
    884.4680
    891.1365
    897.8050
     -1.0000
     -1.0000
     -1.0000
     -1.0000
   1132.6766
   1135.5630
   1138.4487
   1141.3331
   1144.2157
   1147.0955
   1149.9717
   1152.8433
   1155.7091
   1158.5677
   1161.4178
   1164.2574
   1167.0845
   1169.8965
   1172.6906
   1175.4634
   1178.2119
   1180.9315
   1183.6169
   1186.2625
   1188.7955
   1191.4065
   1193.8903
   1196.3009
   1198.6248
   1200.8585
   1202.9990
   1205.0393
   1206.9735
   1208.7970
   1210.5060
   1212.0970
   1213.5687
   1214.9167
   1216.1401
   1217.2379
   1218.2086
   1219.0515
   1219.7656
   1220.3507
   1220.8062
   1221.1316
   1221.3269
   1221.3922
# Travel time at depth =  70.00 km.
     -1.0000
     -1.0000
     -1.0000
     -1.0000
     -1.0000
     -1.0000
     -1.0000
     -1.0000
    226.0131
    238.2200
    257.5921
    275.8433
    292.2405
    308.4319
    324.3583
    338.2173
    351.8143
    365.2866
    378.6243
    391.8864
    405.0762
    418.1668
    431.1259
    443.9479
    456.6277
    469.1579
    481.5339
    493.7548
    505.8167
    517.7170
    529.4542
    541.0274
    552.4357
    563.6790
    574.7604
    585.6777
    596.4279
    607.0130
    617.4340
    627.6888
    637.7784
    647.7055
    657.4708
    667.0729
    676.5113
    685.7855
    694.8958
    703.8415
    712.6191
    721.2286
    729.6740
    737.9556
    746.0693
    754.0096
    761.7794
    769.3703
    776.7883
    784.0027
    791.0526
    798.0359
    804.9738
    811.8786
    818.7391
    825.5432
    832.2848
    838.9642
    845.6328
    852.3012
    858.9697
    865.6382
    872.3068
    878.9753
    885.6437
    892.3123
    898.9808
     -1.0000
     -1.0000
     -1.0000
     -1.0000
   1133.9076
   1136.7938
   1139.6796
   1142.5641
   1145.4467
   1148.3264
   1151.2026
   1154.0743
   1156.9402
   1159.7990
   1162.6490
   1165.4888
   1168.3159
   1171.1281
   1173.9224
   1176.6953
   1179.4440
   1182.1639
   1184.8496
   1187.4955
   1190.0043
   1192.6404
   1195.1246
   1197.5358
   1199.8602
   1202.0947
   1204.2357
   1206.2766
   1208.2115
   1210.0356
   1211.7451
   1213.3368
   1214.8091
   1216.1575
   1217.3813
   1218.4796
   1219.4507
   1220.2938
   1221.0083
   1221.5936
   1222.0492
   1222.3748
   1222.5702
   1222.6354
# Travel time at depth =  80.00 km.
     -1.0000
     -1.0000
     -1.0000
     -1.0000
     -1.0000
     -1.0000
     -1.0000
     -1.0000
    226.7356
    238.5021
    258.0641
    276.5815
    292.9926
    309.2024
    325.1506
    339.1445
    352.7468
    366.2274
    379.5700
    392.8356
    406.0294
    419.1261
    432.0919
    444.9207
    457.6075
    470.1449
    482.5280
    494.7560
    506.8250
    518.7322
    530.4764
    542.0565
    553.4715
    564.7213
    575.8090
    586.7327
    597.4891
    608.0802
    618.5071
    628.7678
    638.8630
    648.7955
    658.5661
    668.1736
    677.6171
    686.8964
    696.0115
    704.9622
    713.7446
    722.3589
    730.8087
    739.0947
    747.2130
    755.1577
    762.9318
    770.5270
    777.9489
    785.1688
    792.2206
    799.2051
    806.1437
    813.0493
    819.9110
    826.7163
    833.4593
    840.1396
    846.8081
    853.4766
    860.1451
    866.8137
    873.4821
    880.1506
    886.8192
    893.4877
    900.1561
     -1.0000
     -1.0000
     -1.0000
     -1.0000
   1135.1382
   1138.0245
   1140.9103
   1143.7948
   1146.6774
   1149.5571
   1152.4335
   1155.3051
   1158.1710
   1161.0299
   1163.8800
   1166.7198
   1169.5471
   1172.3595
   1175.1539
   1177.9271
   1180.6760
   1183.3961
   1186.0822
   1188.7283
   1191.2125
   1193.8740
   1196.3588
   1198.7705
   1201.0956
   1203.3307
   1205.4723
   1207.5138
   1209.4493
   1211.2740
   1212.9841
   1214.5764
   1216.0492
   1217.3981
   1218.6224
   1219.7211
   1220.6925
   1221.5360
   1222.2507
   1222.8363
   1223.2920
   1223.6177
   1223.8132
   1223.8785
# Travel time at depth = 100.00 km.
     -1.0000
     -1.0000
     -1.0000
     -1.0000
     -1.0000
     -1.0000
     -1.0000
     -1.0000
     -1.0000
    244.8421
    258.9160
    277.7961
    294.4858
    310.7319
    326.7236
    340.9935
    354.6067
    368.1036
    381.4567
    394.7295
    407.9313
    421.0397
    434.0193
    446.8616
    459.5624
    472.1143
    484.5117
    496.7539
    508.8372
    520.7587
    532.5168
    544.1107
    555.5394
    566.8022
    577.9027
    588.8392
    599.6082
    610.2115
    620.6503
    630.9228
    641.0293
    650.9728
    660.7542
    670.3723
    679.8262
    689.1157
    698.2408
    707.2013
    715.9935
    724.6172
    733.0760
    741.3710
    749.4982
    757.4518
    765.2345
    772.8387
    780.2683
    787.4995
    794.5551
    801.5421
    808.4824
    815.3894
    822.2534
    829.0612
    835.8070
    842.4891
    849.1576
    855.8261
    862.4946
    869.1631
    875.8316
    882.5001
    889.1686
    895.8372
    902.5056
     -1.0000
     -1.0000
     -1.0000
     -1.0000
   1137.5989
   1140.4852
   1143.3708
   1146.2554
   1149.1381
   1152.0179
   1154.8943
   1157.7660
   1160.6321
   1163.4910
   1166.3414
   1169.1814
   1172.0089
   1174.8214
   1177.6162
   1180.3899
   1183.1392
   1185.8597
   1188.5464
   1191.1932
   1193.6277
   1196.3406
   1198.8263
   1201.2393
   1203.5657
   1205.8019
   1207.9448
   1209.9875
   1211.9243
   1213.7502
   1215.4615
   1217.0549
   1218.5288
   1219.8788
   1221.1040
   1222.2034
   1223.1757
   1224.0198
   1224.7350
   1225.3210
   1225.7771
   1226.1030
   1226.2987
   1226.3640
# Travel time at depth = 150.00 km.
     -1.0000
     -1.0000
     -1.0000
     -1.0000
     -1.0000
     -1.0000
     -1.0000
     -1.0000
     -1.0000
    248.3590
    265.0162
    281.6206
    298.1212
    314.4554
    330.5559
    345.5605
    359.2006
    372.7350
    386.1208
    399.4126
    412.6339
    425.7705
    438.7849
    451.6620
    464.3985
    476.9872
    489.4214
    501.7001
    513.8201
    525.7780
    537.5719
    549.2011
    560.6646
    571.9614
    583.0944
    594.0636
    604.8649
    615.4992
    625.9684
    636.2711
    646.4068
    656.3783
    666.1873
    675.8325
    685.3130
    694.6285
    703.7791
    712.7646
    721.5820
    730.2298
    738.7118
    747.0293
    755.1796
    763.1559
    770.9604
    778.5875
    786.0369
    793.2969
    800.3630
    807.3565
    814.3010
    821.2118
    828.0815
    834.8956
    841.6485
    848.3357
    855.0042
    861.6727
    868.3412
    875.0097
    881.6782
    888.3467
    895.0152
    901.6837
    908.3522
     -1.0000
     -1.0000
     -1.0000
     -1.0000
   1143.7275
   1146.6139
   1149.4996
   1152.3843
   1155.2670
   1158.1470
   1161.0236
   1163.8955
   1166.7618
   1169.6211
   1172.4719
   1175.3124
   1178.1405
   1180.9537
   1183.7494
   1186.5239
   1189.2743
   1191.9962
   1194.6844
   1197.3330
   1199.6373
   1202.4845
   1204.9727
   1207.3885
   1209.7181
   1211.9574
   1214.1035
   1216.1495
   1218.0895
   1219.9186
   1221.6328
   1223.2290
   1224.7056
   1226.0581
   1227.2856
   1228.3872
   1229.3613
   1230.2072
   1230.9238
   1231.5109
   1231.9679
   1232.2944
   1232.4905
   1232.5560
# Travel time at depth = 200.00 km.
     -1.0000
     -1.0000
     -1.0000
     -1.0000
     -1.0000
     -1.0000
     -1.0000
     -1.0000
     -1.0000
     -1.0000
    268.3053
    284.9405
    301.4973
    317.9161
    334.1277
    349.9568
    363.6242
    377.1926
    390.6203
    403.9332
    417.1743
    430.3376
    443.3880
    456.3018
    469.0755
    481.7028
    494.1760
    506.4930
    518.6515
    530.6476
    542.4795
    554.1459
    565.6459
    576.9786
    588.1458
    599.1492
    609.9846
    620.6516
    631.1528
    641.4871
    651.6534
    661.6544
    671.4921
    681.1657
    690.6741
    700.0170
    709.1942
    718.2059
    727.0494
    735.7225
    744.2286
    752.5698
    760.7439
    768.7440
    776.5712
    784.2222
    791.6924
    798.9824
    806.0609
    813.0613
    820.0105
    826.9250
    833.8004
    840.6210
    847.3812
    854.0745
    860.7430
    867.4115
    874.0800
    880.7485
    887.4170
    894.0855
    900.7540
    907.4225
    914.0910
    920.7595
     -1.0000
     -1.0000
     -1.0000
     -1.0000
   1152.6445
   1155.5303
   1158.4149
   1161.2977
   1164.1780
   1167.0547
   1169.9269
   1172.7935
   1175.6531
   1178.5043
   1181.3452
   1184.1740
   1186.9879
   1189.7844
   1192.5599
   1195.3114
   1198.0347
   1200.7244
   1203.3748
   1205.5369
   1208.5305
   1211.0214
   1213.4402
   1215.7731
   1218.0156
   1220.1649
   1222.2142
   1224.1575
   1225.9897
   1227.7073
   1229.3064
   1230.7858
   1232.1410
   1233.3708
   1234.4746
   1235.4507
   1236.2982
   1237.0162
   1237.6046
   1238.0625
   1238.3898
   1238.5862
   1238.6519
# Travel time at depth = 250.00 km.
     -1.0000
     -1.0000
     -1.0000
     -1.0000
     -1.0000
     -1.0000
     -1.0000
     -1.0000
     -1.0000
     -1.0000
    271.3031
    287.9608
    304.5656
    321.0640
    337.3874
    353.4614
    367.8498
    381.4509
    394.9268
    408.2650
    421.5267
    434.7151
    447.8022
    460.7550
    473.5680
    486.2358
    498.7505
    511.1081
    523.3074
    535.3442
    547.2161
    558.9219
    570.4608
    581.8316
    593.0352
    604.0746
    614.9459
    625.6476
    636.1824
    646.5500
    656.7489
    666.7810
    676.6490
    686.3524
    695.8901
    705.2617
    714.4668
    723.5060
    732.3770
    741.0767
    749.6082
    757.9741
    766.1730
    774.1982
    782.0491
    789.7248
    797.2176
    804.5367
    811.6314
    818.6394
    825.5937
    832.5120
    839.3931
    846.2205
    852.9882
    859.6886
    866.3571
    873.0256
    879.6942
    886.3626
    893.0311
    899.6996
    906.3682
    913.0366
    919.7051
     -1.0000
     -1.0000
     -1.0000
     -1.0000
     -1.0000
   1158.5613
   1161.4471
   1164.3319
   1167.2147
   1170.0951
   1172.9720
   1175.8445
   1178.7113
   1181.5713
   1184.4230
   1187.2644
   1190.0938
   1192.9084
   1195.7058
   1198.4823
   1201.2350
   1203.9596
   1206.6509
   1209.3031
   1211.9097
   1214.4634
   1216.9568
   1219.3788
   1221.7151
   1223.9608
   1226.1135
   1228.1663
   1230.1129
   1231.9486
   1233.6693
   1235.2716
   1236.7539
   1238.1118
   1239.3442
   1240.4503
   1241.4283
   1242.2776
   1242.9973
   1243.5868
   1244.0457
   1244.3737
   1244.5704
   1244.6362
# Travel time at depth = 300.00 km.
     -1.0000
     -1.0000
     -1.0000
     -1.0000
     -1.0000
     -1.0000
     -1.0000
     -1.0000
     -1.0000
     -1.0000
     -1.0000
    290.6213
    307.2639
    323.8334
    340.2669
    356.4863
    371.8460
    385.4803
    399.0049
    412.3782
    425.6622
    438.8750
    451.9980
    464.9927
    477.8476
    490.5583
    503.1174
    515.5186
    527.7612
    539.8414
    551.7563
    563.5042
    575.0845
    586.4959
    597.7386
    608.8159
    619.7255
    630.4643
    641.0349
    651.4377
    661.6711
    671.7363
    681.6364
    691.3714
    700.9401
    710.3419
    719.5767
    728.6447
    737.5446
    746.2725
    754.8309
    763.2229
    771.4478
    779.4993
    787.3752
    795.0766
    802.5936
    809.9393
    817.0565
    824.0728
    831.0327
    837.9550
    844.8417
    851.6761
    858.4514
    865.1602
    871.8289
    878.4974
    885.1659
    891.8344
    898.5029
    905.1714
    911.8399
    918.5084
    925.1769
     -1.0000
     -1.0000
     -1.0000
     -1.0000
     -1.0000
   1164.3481
   1167.2340
   1170.1189
   1173.0018
   1175.8823
   1178.7594
   1181.6321
   1184.4993
   1187.3596
   1190.2117
   1193.0537
   1195.8837
   1198.6992
   1201.4974
   1204.2750
   1207.0288
   1209.7549
   1212.4478
   1215.1019
   1217.7107
   1220.2667
   1222.7628
   1225.1881
   1227.5280
   1229.7772
   1231.9333
   1233.9897
   1235.9399
   1237.7792
   1239.5032
   1241.1086
   1242.5941
   1243.9548
   1245.1899
   1246.2983
   1247.2784
   1248.1295
   1248.8507
   1249.4417
   1249.9015
   1250.2301
   1250.4275
   1250.4933
# Travel time at depth = 350.00 km.
     -1.0000
     -1.0000
     -1.0000
     -1.0000
     -1.0000
     -1.0000
     -1.0000
     -1.0000
     -1.0000
     -1.0000
     -1.0000
    292.8896
    309.5560
    326.1836
    342.7196
    359.0894
    375.2032
    389.2773
    402.8452
    416.2687
    429.5782
    442.8154
    455.9725
    469.0120
    481.9117
    494.6681
    507.2743
    519.7226
    532.0116
    544.1383
    556.0991
    567.8922
    579.5167
    590.9717
    602.2564
    613.3741
    624.3242
    635.1027
    645.7114
    656.1517
    666.4219
    676.5223
    686.4564
    696.2248
    705.8263
    715.2603
    724.5263
    733.6248
    742.5550
    751.3129
    759.8998
    768.3192
    776.5713
    784.6505
    792.5529
    800.2809
    807.8241
    815.1952
    822.3398
    829.3652
    836.3314
    843.2579
    850.1501
    856.9918
    863.7750
    870.4926
    877.1624
    883.8309
    890.4995
    897.1680
    903.8365
    910.5049
    917.1735
    923.8420
    930.5105
     -1.0000
     -1.0000
     -1.0000
     -1.0000
     -1.0000
   1170.0098
   1172.8956
   1175.7805
   1178.6636
   1181.5443
   1184.4215
   1187.2944
   1190.1620
   1193.0227
   1195.8752
   1198.7178
   1201.5483
   1204.3646
   1207.1638
   1209.9425
   1212.6976
   1215.4250
   1218.1196
   1220.7758
   1223.3867
   1225.9453
   1228.4442
   1230.8728
   1233.2164
   1235.4692
   1237.6290
   1239.6891
   1241.6431
   1243.4858
   1245.2135
   1246.8223
   1248.3109
   1249.6746
   1250.9124
   1252.0232
   1253.0056
   1253.8586
   1254.5815
   1255.1737
   1255.6346
   1255.9640
   1256.1617
   1256.2278
# Travel time at depth = 400.00 km.
     -1.0000
     -1.0000
     -1.0000
     -1.0000
     -1.0000
     -1.0000
     -1.0000
     -1.0000
     -1.0000
     -1.0000
     -1.0000
     -1.0000
    311.3868
    328.0517
    344.6732
    361.1902
    377.5116
    392.8369
    406.4459
    419.9303
    433.2715
    446.5344
    459.7232
    472.8088
    485.7570
    498.5623
    511.2188
    523.7181
    536.0569
    548.2335
    560.2437
    572.0853
    583.7573
    595.2589
    606.5890
    617.7498
    628.7430
    639.5640
    650.2134
    660.6935
    671.0029
    681.1411
    691.1112
    700.9150
    710.5513
    720.0192
    729.3185
    738.4493
    747.4113
    756.2010
    764.8181
    773.2665
    781.5471
    789.6555
    797.5859
    805.3416
    812.9127
    820.3090
    827.4856
    834.5211
    841.4943
    848.4253
    855.3229
    862.1721
    868.9634
    875.6900
    882.3623
    889.0308
    895.6993
    902.3678
    909.0363
    915.7048
    922.3734
    929.0418
    935.7103
     -1.0000
     -1.0000
     -1.0000
     -1.0000
     -1.0000
   1175.5509
   1178.4369
   1181.3219
   1184.2051
   1187.0858
   1189.9634
   1192.8365
   1195.7043
   1198.5654
   1201.4185
   1204.2616
   1207.0929
   1209.9099
   1212.7101
   1215.4899
   1218.2462
   1220.9752
   1223.6715
   1226.3296
   1228.9429
   1231.5042
   1234.0060
   1236.4380
   1238.7854
   1241.0419
   1243.2056
   1245.2694
   1247.2273
   1249.0740
   1250.8052
   1252.4176
   1253.9094
   1255.2762
   1256.5168
   1257.6304
   1258.6150
   1259.4701
   1260.1946
   1260.7882
   1261.2502
   1261.5804
   1261.7787
   1261.8448
# Travel time at depth = 450.00 km.
     -1.0000
     -1.0000
     -1.0000
     -1.0000
     -1.0000
     -1.0000
     -1.0000
     -1.0000
     -1.0000
     -1.0000
     -1.0000
     -1.0000
     -1.0000
    340.6685
    354.5209
    368.3547
    382.1515
    395.8900
    409.5445
    423.0927
    436.4874
    449.7810
    463.0025
    476.1361
    489.1412
    502.0028
    514.7168
    527.2750
    539.6713
    551.9048
    563.9716
    575.8687
    587.5949
    599.1493
    610.5311
    621.7408
    632.7822
    643.6511
    654.3464
    664.8708
    675.2239
    685.4044
    695.4148
    705.2578
    714.9326
    724.4382
    733.7742
    742.9406
    751.9376
    760.7621
    769.4125
    777.8929
    786.2047
    794.3446
    802.3060
    810.0916
    817.6936
    825.1167
    832.3304
    839.3778
    846.3589
    853.2950
    860.1980
    867.0552
    873.8552
    880.5914
    887.2677
    893.9362
    900.6047
    907.2732
    913.9417
    920.6102
    927.2787
    933.9473
    940.6157
     -1.0000
     -1.0000
     -1.0000
     -1.0000
     -1.0000
   1180.8229
   1183.7089
   1186.5939
   1189.4773
   1192.3582
   1195.2358
   1198.1094
   1200.9774
   1203.8390
   1206.6925
   1209.5363
   1212.3683
   1215.1862
   1217.9873
   1220.7683
   1223.5260
   1226.2566
   1228.9547
   1231.6150
   1234.2307
   1236.7948
   1239.2996
   1241.7354
   1244.0869
   1246.3474
   1248.5150
   1250.5831
   1252.5450
   1254.3958
   1256.1310
   1257.7471
   1259.2424
   1260.6127
   1261.8563
   1262.9725
   1263.9597
   1264.8169
   1265.5432
   1266.1383
   1266.6016
   1266.9326
   1267.1313
   1267.1978
# Travel time at depth = 500.00 km.
     -1.0000
     -1.0000
     -1.0000
     -1.0000
     -1.0000
     -1.0000
     -1.0000
     -1.0000
     -1.0000
     -1.0000
     -1.0000
     -1.0000
     -1.0000
     -1.0000
    357.1893
    371.0353
    384.8546
    398.6271
    412.3287
    425.9343
    439.4082
    452.7408
    465.9961
    479.1745
    492.2416
    505.1658
    517.9428
    530.5658
    543.0261
    555.3223
    567.4513
    579.4095
    591.1951
    602.8074
    614.2457
    625.5095
    636.6027
    647.5236
    658.2689
    668.8412
    679.2415
    689.4678
    699.5219
    709.4070
    719.1231
    728.6690
    738.0443
    747.2489
    756.2832
    765.1450
    773.8311
    782.3455
    790.6904
    798.8636
    806.8582
    814.6752
    822.3102
    829.7617
    837.0162
    844.0776
    851.0676
    858.0093
    864.9176
    871.7831
    878.5919
    885.3382
    892.0202
    898.6887
    905.3572
    912.0257
    918.6942
    925.3627
    932.0312
    938.6997
    945.3682
     -1.0000
     -1.0000
     -1.0000
     -1.0000
     -1.0000
   1185.9589
   1188.8450
   1191.7300
   1194.6135
   1197.4946
   1200.3724
   1203.2462
   1206.1147
   1208.9767
   1211.8307
   1214.6750
   1217.5078
   1220.3265
   1223.1287
   1225.9109
   1228.6700
   1231.4022
   1234.1024
   1236.7648
   1239.3831
   1241.9501
   1244.4581
   1246.8976
   1249.2534
   1251.5181
   1253.6901
   1255.7623
   1257.7286
   1259.5836
   1261.3230
   1262.9430
   1264.4421
   1265.8158
   1267.0627
   1268.1818
   1269.1715
   1270.0310
   1270.7593
   1271.3560
   1271.8203
   1272.1523
   1272.3516
   1272.4181
# Travel time at depth = 550.00 km.
     -1.0000
     -1.0000
     -1.0000
     -1.0000
     -1.0000
     -1.0000
     -1.0000
     -1.0000
     -1.0000
     -1.0000
     -1.0000
     -1.0000
     -1.0000
     -1.0000
    359.6033
    373.4572
    387.2950
    401.0982
    414.8450
    428.5085
    442.0644
    455.4626
    468.7556
    481.9752
    495.1036
    508.0979
    520.9440
    533.6371
    546.1686
    558.5333
    570.7302
    582.7552
    594.6058
    606.2811
    617.7806
    629.1036
    640.2527
    651.2292
    662.0287
    672.6527
    683.1033
    693.3788
    703.4798
    713.4098
    723.1699
    732.7588
    742.1758
    751.4210
    760.4948
    769.3957
    778.1201
    786.6705
    795.0503
    803.2585
    811.2881
    819.1383
    826.8079
    834.2899
    841.5875
    848.6660
    855.6656
    862.6138
    869.5273
    876.4010
    883.2191
    889.9756
    896.6652
    903.3337
    910.0022
    916.6707
    923.3392
    930.0077
    936.6762
    943.3447
    950.0132
     -1.0000
     -1.0000
     -1.0000
     -1.0000
     -1.0000
   1191.0020
   1193.8881
   1196.7733
   1199.6569
   1202.5381
   1205.4163
   1208.2903
   1211.1591
   1214.0215
   1216.8760
   1219.7209
   1222.5544
   1225.3741
   1228.1774
   1230.9609
   1233.7214
   1236.4553
   1239.1575
   1241.8221
   1244.4431
   1247.0131
   1249.5244
   1251.9678
   1254.3281
   1256.5970
   1258.7733
   1260.8502
   1262.8209
   1264.6804
   1266.4241
   1268.0481
   1269.5510
   1270.9285
   1272.1786
   1273.3007
   1274.2931
   1275.1549
   1275.8851
   1276.4835
   1276.9492
   1277.2821
   1277.4819
   1277.5486
# Travel time at depth = 600.00 km.
     -1.0000
     -1.0000
     -1.0000
     -1.0000
     -1.0000
     -1.0000
     -1.0000
     -1.0000
     -1.0000
     -1.0000
     -1.0000
     -1.0000
     -1.0000
     -1.0000
     -1.0000
    375.6010
    389.4518
    403.2812
    417.0692
    430.7915
    444.4195
    457.9205
    471.2644
    484.5260
    497.7100
    510.7812
    523.7045
    536.4749
    549.0850
    561.5264
    573.7980
    585.8965
    597.8187
    609.5633
    621.1298
    632.5176
    643.7277
    654.7639
    665.6224
    676.3023
    686.8068
    697.1353
    707.2869
    717.2651
    727.0720
    736.7067
    746.1683
    755.4567
    764.5723
    773.5146
    782.2797
    790.8686
    799.2853
    807.5301
    815.5967
    823.4819
    831.1874
    838.7029
    846.0408
    853.1448
    860.1552
    867.1106
    874.0295
    880.9112
    887.7387
    894.5059
    901.2051
    907.8735
    914.5421
    921.2106
    927.8791
    934.5475
    941.2161
    947.8846
    954.5531
     -1.0000
     -1.0000
     -1.0000
     -1.0000
     -1.0000
   1195.9552
   1198.8414
   1201.7266
   1204.6104
   1207.4918
   1210.3701
   1213.2444
   1216.1136
   1218.9764
   1221.8315
   1224.6771
   1227.5115
   1230.3320
   1233.1364
   1235.9211
   1238.6832
   1241.4188
   1244.1229
   1246.7900
   1249.4136
   1251.9867
   1254.5013
   1256.9489
   1259.3137
   1261.5872
   1263.7679
   1265.8495
   1267.8250
   1269.6890
   1271.4370
   1273.0654
   1274.5724
   1275.9535
   1277.2072
   1278.3324
   1279.3275
   1280.1918
   1280.9242
   1281.5242
   1281.9912
   1282.3251
   1282.5254
   1282.5924
# Travel time at depth = 650.00 km.
     -1.0000
     -1.0000
     -1.0000
     -1.0000
     -1.0000
     -1.0000
     -1.0000
     -1.0000
     -1.0000
     -1.0000
     -1.0000
     -1.0000
     -1.0000
     -1.0000
     -1.0000
     -1.0000
    391.2955
    405.1440
    418.9674
    432.7445
    446.4478
    460.0472
    473.4948
    486.8069
    500.0420
    513.1891
    526.2017
    539.0590
    551.7567
    564.2855
    576.6406
    588.8210
    600.8228
    612.6442
    624.2845
    635.7437
    647.0214
    658.1221
    669.0446
    679.7857
    690.3485
    700.7340
    710.9405
    720.9706
    730.8277
    740.5114
    750.0206
    759.3551
    768.5153
    777.5013
    786.3098
    794.9398
    803.3958
    811.6788
    819.7845
    827.7071
    835.4496
    843.0016
    850.3753
    857.5157
    864.5380
    871.5016
    878.4261
    885.3156
    892.1529
    898.9308
    905.6417
    912.3104
    918.9789
    925.6475
    932.3160
    938.9844
    945.6530
    952.3215
    958.9900
     -1.0000
     -1.0000
     -1.0000
     -1.0000
     -1.0000
   1200.8213
   1203.7075
   1206.5928
   1209.4767
   1212.3583
   1215.2368
   1218.1115
   1220.9810
   1223.8442
   1226.7000
   1229.5461
   1232.3812
   1235.2029
   1238.0083
   1240.7944
   1243.5580
   1246.2954
   1249.0016
   1251.6710
   1254.2975
   1256.8737
   1259.3918
   1261.8434
   1264.2130
   1266.4912
   1268.6768
   1270.7631
   1272.7433
   1274.6121
   1276.3649
   1277.9976
   1279.5087
   1280.8938
   1282.1510
   1283.2795
   1284.2776
   1285.1444
   1285.8789
   1286.4807
   1286.9492
   1287.2841
   1287.4850
   1287.5521
# Travel time at depth = 700.00 km.
     -1.0000
     -1.0000
     -1.0000
     -1.0000
     -1.0000
     -1.0000
     -1.0000
     -1.0000
     -1.0000
     -1.0000
     -1.0000
     -1.0000
     -1.0000
     -1.0000
     -1.0000
     -1.0000
     -1.0000
     -1.0000
     -1.0000
     -1.0000
     -1.0000
     -1.0000
     -1.0000
    488.1164
    501.4524
    514.6963
    527.8456
    540.8450
    553.6744
    566.3307
    578.8056
    591.0983
    603.2074
    615.1302
    626.8665
    638.4167
    649.7807
    660.9613
    671.9619
    682.7782
    693.4116
    703.8651
    714.1374
    724.2294
    734.1454
    743.8862
    753.4509
    762.8391
    772.0509
    781.0870
    789.9451
    798.6223
    807.1230
    815.4496
    823.5991
    831.5643
    839.3480
    846.9418
    854.3526
    861.5400
    868.5768
    875.5502
    882.4811
    889.3783
    896.2264
    903.0159
    909.7398
    916.4110
    923.0795
    929.7480
    936.4165
    943.0850
    949.7535
    956.4221
    963.0905
     -1.0000
     -1.0000
     -1.0000
     -1.0000
     -1.0000
   1205.3910
   1208.2771
   1211.1626
   1214.0465
   1216.9283
   1219.8071
   1222.6820
   1225.5520
   1228.4158
   1231.2720
   1234.1190
   1236.9550
   1239.7775
   1242.5842
   1245.3717
   1248.1370
   1250.8762
   1253.5847
   1256.2567
   1258.8861
   1261.4657
   1263.9877
   1266.4436
   1268.8184
   1271.1017
   1273.2924
   1275.3839
   1277.3694
   1279.2434
   1281.0011
   1282.6388
   1284.1543
   1285.5438
   1286.8049
   1287.9369
   1288.9382
   1289.8077
   1290.5447
   1291.1483
   1291.6183
   1291.9542
   1292.1559
   1292.2231
# Distance-dependent modelling error(s)
  35	2
	0.0	0.2	0.5	1.0	2.0	3.0	4.0	8.0
	12.0	15.0	17.0	19.0	25.0	33.0	37.0	49.0
	57.0	65.0	79.0	83.0	91.0	93.0	97.0	101.0
	104.0	109.0	114.0	119.0	121.0	129.0	137.0	139.0
	142.0	145.0	180.0
	0.0	200.0
#
	0.1
	0.5
	1.0
	1.5
	2.1
	2.4
	2.6
	2.7
	2.9
	3.6
	3.0
	2.1
	1.4
	1.4
	1.3
	1.3
	1.2
	1.1
	1.1
	1.2
	1.3
	1.4
	1.4
	2.0
	2.3
	2.6
	1.4
	1.4
	1.3
	1.3
	2.3
	3.3
	3.7
	1.7
	1.7
#
	0.7
	0.9
	1.2
	1.7
	2.3
	2.5
	2.7
	2.8
	3.0
	3.7
	3.1
	2.2
	1.7
	1.6
	1.5
	1.5
	1.4
	1.3
	1.3
	1.4
	1.5
	1.7
	1.7
	2.1
	2.5
	2.6
	1.7
	1.7
	1.5
	1.5
	2.5
	3.4
	3.9
	1.9
	1.9
#@(#)        ak135.pP     2.2     08/21/96
