# ak135 travel-time table for phase: PS          
 12   Number of depth samples at the following depths (km):
    0.00   15.00   35.00   50.00   75.00  100.00  150.00  200.00  250.00  300.00
  400.00  500.00
 50   Number of distance samples at the following distances (deg):
   90.00   91.00   92.00   93.00   94.00   95.00   96.00   97.00   98.00   99.00
  100.00  101.00  102.00  103.00  104.00  105.00  106.00  107.00  108.00  109.00
  110.00  111.00  112.00  113.00  114.00  115.00  116.00  117.00  118.00  119.00
  120.00  121.00  122.00  123.00  124.00  125.00  126.00  127.00  128.00  129.00
  130.00  131.00  132.00  133.00  134.00  135.00  136.00  137.00  138.00  139.00
# Travel time at depth =   0.00 km.
   1500.9780
   1512.0867
   1523.1816
   1534.2551
   1545.2998
   1556.3096
   1567.2798
   1578.2062
   1589.0840
   1599.9086
   1610.6763
   1621.3854
   1632.0348
   1642.6235
   1653.1499
   1663.6115
   1674.0057
   1684.3307
   1694.5858
   1704.7717
   1714.8892
   1724.2231
   1733.4344
   1742.6290
   1751.8031
   1760.9531
   1770.0759
   1779.1678
   1788.2253
   1797.2443
   1806.2209
   1815.1534
   1824.0490
   1832.9136
   1841.7505
   1850.5620
   1859.3488
   1868.1102
   1876.8462
   1885.5560
   1894.2395
   1902.8950
   1911.5204
   1920.1130
   1928.6714
   1937.1952
   1945.6844
   1954.1389
   1962.5575
   1970.9382
# Travel time at depth =  15.00 km.
   1498.8718
   1509.9795
   1521.0728
   1532.1438
   1543.1853
   1554.1915
   1565.1578
   1576.0798
   1586.9529
   1597.7725
   1608.5348
   1619.2384
   1629.8824
   1640.4657
   1650.9865
   1661.4421
   1671.8304
   1682.1493
   1692.3984
   1702.5786
   1712.6902
   1721.9563
   1731.1665
   1740.3596
   1749.5321
   1758.6803
   1767.8009
   1776.8904
   1785.9452
   1794.9613
   1803.9348
   1812.8643
   1821.7574
   1830.6200
   1839.4552
   1848.2649
   1857.0499
   1865.8097
   1874.5438
   1883.2518
   1891.9335
   1900.5869
   1909.2102
   1917.8007
   1926.3566
   1934.8781
   1943.3650
   1951.8171
   1960.2333
   1968.6115
# Travel time at depth =  35.00 km.
   1496.4214
   1507.5275
   1518.6178
   1529.6849
   1540.7216
   1551.7223
   1562.6824
   1573.5977
   1584.4633
   1595.2748
   1606.0289
   1616.7244
   1627.3600
   1637.9348
   1648.4469
   1658.8937
   1669.2728
   1679.5824
   1689.8226
   1699.9939
   1710.0383
   1719.2604
   1728.4689
   1737.6599
   1746.8298
   1755.9751
   1765.0925
   1774.1785
   1783.2291
   1792.2408
   1801.2095
   1810.1346
   1819.0244
   1827.8839
   1836.7163
   1845.5234
   1854.3058
   1863.0629
   1871.7943
   1880.4996
   1889.1785
   1897.8290
   1906.4490
   1915.0359
   1923.5884
   1932.1063
   1940.5898
   1949.0385
   1957.4509
   1965.8253
# Travel time at depth =  50.00 km.
   1495.3243
   1506.4281
   1517.5146
   1528.5768
   1539.6072
   1550.6008
   1561.5532
   1572.4600
   1583.3165
   1594.1183
   1604.8625
   1615.5480
   1626.1735
   1636.7383
   1647.2400
   1657.6761
   1668.0446
   1678.3434
   1688.5731
   1698.7341
   1708.6564
   1717.8770
   1727.0835
   1736.2722
   1745.4392
   1754.5813
   1763.6951
   1772.7770
   1781.8232
   1790.8301
   1799.7935
   1808.7141
   1817.6002
   1826.4564
   1835.2859
   1844.0902
   1852.8698
   1861.6240
   1870.3525
   1879.0549
   1887.7307
   1896.3781
   1904.9945
   1913.5778
   1922.1265
   1930.6407
   1939.1206
   1947.5654
   1955.9740
   1964.3444
# Travel time at depth =  75.00 km.
   1493.5079
   1504.6071
   1515.6868
   1526.7397
   1537.7594
   1548.7408
   1559.6799
   1570.5723
   1581.4131
   1592.1982
   1602.9258
   1613.5944
   1624.2031
   1634.7509
   1645.2351
   1655.6534
   1666.0037
   1676.2847
   1686.4968
   1696.6407
   1706.3600
   1715.5780
   1724.7812
   1733.9657
   1743.1279
   1752.2645
   1761.3722
   1770.4473
   1779.4860
   1788.4844
   1797.4390
   1806.3523
   1815.2323
   1824.0833
   1832.9077
   1841.7074
   1850.4822
   1859.2316
   1867.9552
   1876.6528
   1885.3234
   1893.9652
   1902.5758
   1911.1527
   1919.6952
   1928.2032
   1936.6769
   1945.1155
   1953.5173
   1961.8809
# Travel time at depth = 100.00 km.
   1491.7063
   1502.8000
   1513.8721
   1524.9150
   1535.9232
   1546.8921
   1557.8174
   1568.6946
   1579.5193
   1590.2876
   1600.9982
   1611.6498
   1622.2416
   1632.7720
   1643.2384
   1653.6387
   1663.9705
   1674.2335
   1684.4281
   1694.5547
   1704.0723
   1713.2876
   1722.4872
   1731.6674
   1740.8246
   1749.9554
   1759.0568
   1768.1248
   1777.1556
   1786.1456
   1795.0913
   1803.9977
   1812.8717
   1821.7173
   1830.5370
   1839.3319
   1848.1018
   1856.8463
   1865.5651
   1874.2576
   1882.9230
   1891.5591
   1900.1637
   1908.7343
   1917.2704
   1925.7722
   1934.2396
   1942.6718
   1951.0669
     -1.0000
# Travel time at depth = 150.00 km.
   1488.1803
   1499.2605
   1510.3143
   1521.3353
   1532.3187
   1543.2605
   1554.1561
   1565.0013
   1575.7920
   1586.5256
   1597.2014
   1607.8182
   1618.3749
   1628.8693
   1639.2991
   1649.6620
   1659.9565
   1670.1830
   1680.3419
   1690.3268
   1699.5491
   1708.7582
   1717.9500
   1727.1207
   1736.2672
   1745.3861
   1754.4740
   1763.5270
   1772.5416
   1781.5138
   1790.4424
   1799.3351
   1808.1975
   1817.0325
   1825.8424
   1834.6276
   1843.3876
   1852.1221
   1860.8307
   1869.5129
   1878.1675
   1886.7919
   1895.3837
   1903.9414
   1912.4647
   1920.9537
   1929.4083
   1937.8270
   1946.2085
     -1.0000
# Travel time at depth = 200.00 km.
   1484.8799
   1495.9420
   1506.9731
   1517.9683
   1528.9233
   1539.8341
   1550.6963
   1561.5057
   1572.2594
   1582.9561
   1593.5946
   1604.1742
   1614.6931
   1625.1488
   1635.5393
   1645.8624
   1656.1179
   1666.3063
   1676.4280
   1685.9720
   1695.1890
   1704.3907
   1713.5735
   1722.7339
   1731.8684
   1740.9741
   1750.0471
   1759.0839
   1768.0807
   1777.0337
   1785.9462
   1794.8257
   1803.6763
   1812.5006
   1821.3002
   1830.0751
   1838.8247
   1847.5487
   1856.2467
   1864.9180
   1873.5607
   1882.1724
   1890.7507
   1899.2949
   1907.8048
   1916.2806
   1924.7216
   1933.1262
   1941.4929
     -1.0000
# Travel time at depth = 250.00 km.
   1481.8461
   1492.8844
   1503.8879
   1514.8528
   1525.7748
   1536.6498
   1547.4738
   1558.2433
   1568.9568
   1579.6132
   1590.2117
   1600.7507
   1611.2283
   1621.6421
   1631.9899
   1642.2708
   1652.4851
   1662.6333
   1672.5850
   1681.8081
   1691.0182
   1700.2113
   1709.3838
   1718.5323
   1727.6538
   1736.7446
   1745.8013
   1754.8201
   1763.7974
   1772.7310
   1781.6279
   1790.4941
   1799.3329
   1808.1462
   1816.9351
   1825.6990
   1834.4375
   1843.1504
   1851.8372
   1860.4965
   1869.1263
   1877.7244
   1886.2885
   1894.8184
   1903.3142
   1911.7759
   1920.2024
   1928.5919
     -1.0000
     -1.0000
# Travel time at depth = 300.00 km.
   1479.1298
   1490.1375
   1501.1074
   1512.0358
   1522.9183
   1533.7515
   1544.5314
   1555.2565
   1565.9255
   1576.5377
   1587.0919
   1597.5861
   1608.0179
   1618.3854
   1628.6870
   1638.9227
   1649.0931
   1659.1984
   1668.6473
   1677.8643
   1687.0660
   1696.2490
   1705.4098
   1714.5450
   1723.6515
   1732.7257
   1741.7642
   1750.7629
   1759.7188
   1768.6337
   1777.5155
   1786.3683
   1795.1948
   1803.9968
   1812.7740
   1821.5262
   1830.2531
   1838.9540
   1847.6284
   1856.2747
   1864.8906
   1873.4735
   1882.0225
   1890.5375
   1899.0184
   1907.4650
   1915.8759
   1924.2491
     -1.0000
     -1.0000
# Travel time at depth = 400.00 km.
   1474.7255
   1485.6450
   1496.5209
   1507.3494
   1518.1277
   1528.8540
   1539.5272
   1550.1464
   1560.7106
   1571.2179
   1581.6661
   1592.0533
   1602.3777
   1612.6388
   1622.8368
   1632.9719
   1643.0027
   1652.2290
   1661.4438
   1670.6429
   1679.8229
   1688.9801
   1698.1117
   1707.2142
   1716.2845
   1725.3190
   1734.3138
   1743.2660
   1752.1783
   1761.0582
   1769.9095
   1778.7349
   1787.5358
   1796.3121
   1805.0636
   1813.7898
   1822.4902
   1831.1646
   1839.8107
   1848.4268
   1857.0101
   1865.5597
   1874.0757
   1882.5579
   1891.0060
   1899.4187
   1907.7944
     -1.0000
     -1.0000
     -1.0000
# Travel time at depth = 500.00 km.
     -1.0000
   1484.1676
   1494.7655
   1505.3433
   1515.8920
   1526.4050
   1536.8771
   1547.3040
   1557.6820
   1568.0085
   1578.2819
   1588.5010
   1598.6649
   1608.7731
   1618.8245
   1628.1256
   1637.3462
   1646.5532
   1655.7429
   1664.9119
   1674.0569
   1683.1750
   1692.2633
   1701.3181
   1710.3362
   1719.3142
   1728.2501
   1737.1499
   1746.0193
   1754.8616
   1763.6788
   1772.4719
   1781.2406
   1789.9846
   1798.7035
   1807.3969
   1816.0637
   1824.7025
   1833.3108
   1841.8864
   1850.4287
   1858.9376
   1867.4133
   1875.8551
   1884.2616
   1892.6313
     -1.0000
     -1.0000
     -1.0000
     -1.0000
# Distance-dependent modelling error(s)
   4	1
    0.00   36.00   40.00  180.00
#
   0.100
   6.500
   1.700
   1.700
#@(#)        ak135.PS     2.1     06 Jun 1996
