# ak135 travel-time table for phase: pSdiff      
 14   Number of depth samples at the following depths (km):
    0.00   15.00   35.00   50.00   75.00  100.00  150.00  200.00  250.00  300.00
  400.00  500.00  600.00  700.00
 23   Number of distance samples at the following distances (deg):
  100.00  102.00  104.00  106.00  108.00  110.00  112.00  114.00  116.00  118.00
  120.00  122.00  124.00  126.00  128.00  130.00  132.00  134.00  136.00  138.00
  140.00  142.00  144.00
# Travel time at depth =   0.00 km.
     -1.0000
   1539.5372
   1556.2185
   1572.8997
   1589.5809
   1606.2621
   1622.9432
   1639.6245
   1656.3057
   1672.9869
   1689.6681
   1706.3492
   1723.0305
   1739.7117
   1756.3929
   1773.0741
   1789.7552
   1806.4365
   1823.1177
   1839.7990
   1856.4801
   1873.1613
   1889.8425
# Travel time at depth =  15.00 km.
     -1.0000
   1541.8654
   1558.5465
   1575.2277
   1591.9089
   1608.5901
   1625.2714
   1641.9525
   1658.6337
   1675.3149
   1691.9961
   1708.6774
   1725.3585
   1742.0397
   1758.7209
   1775.4021
   1792.0834
   1808.7645
   1825.4457
   1842.1270
   1858.8081
   1875.4893
   1892.1705
# Travel time at depth =  35.00 km.
     -1.0000
   1544.6531
   1561.3342
   1578.0154
   1594.6967
   1611.3778
   1628.0591
   1644.7402
   1661.4214
   1678.1027
   1694.7838
   1711.4651
   1728.1462
   1744.8274
   1761.5087
   1778.1898
   1794.8711
   1811.5522
   1828.2334
   1844.9147
   1861.5958
   1878.2771
   1894.9583
# Travel time at depth =  50.00 km.
     -1.0000
   1546.1353
   1562.8165
   1579.4977
   1596.1790
   1612.8601
   1629.5413
   1646.2225
   1662.9037
   1679.5850
   1696.2661
   1712.9473
   1729.6285
   1746.3097
   1762.9910
   1779.6721
   1796.3533
   1813.0345
   1829.7157
   1846.3970
   1863.0781
   1879.7593
   1896.4406
# Travel time at depth =  75.00 km.
     -1.0000
   1548.6000
   1565.2811
   1581.9623
   1598.6436
   1615.3247
   1632.0060
   1648.6871
   1665.3683
   1682.0496
   1698.7307
   1715.4120
   1732.0931
   1748.7743
   1765.4556
   1782.1367
   1798.8180
   1815.4991
   1832.1803
   1848.8616
   1865.5427
   1882.2240
   1898.9052
# Travel time at depth = 100.00 km.
     -1.0000
   1551.0574
   1567.7385
   1584.4197
   1601.1010
   1617.7821
   1634.4633
   1651.1445
   1667.8257
   1684.5070
   1701.1881
   1717.8693
   1734.5505
   1751.2317
   1767.9130
   1784.5941
   1801.2753
   1817.9565
   1834.6377
   1851.3190
   1868.0001
   1884.6813
   1901.3625
# Travel time at depth = 150.00 km.
     -1.0000
   1555.9260
   1572.6073
   1589.2885
   1605.9697
   1622.6509
   1639.3320
   1656.0133
   1672.6945
   1689.3757
   1706.0569
   1722.7380
   1739.4193
   1756.1005
   1772.7817
   1789.4629
   1806.1440
   1822.8253
   1839.5065
   1856.1877
   1872.8689
   1889.5500
   1906.2313
# Travel time at depth = 200.00 km.
     -1.0000
   1560.6470
   1577.3281
   1594.0093
   1610.6906
   1627.3717
   1644.0529
   1660.7341
   1677.4153
   1694.0966
   1710.7777
   1727.4589
   1744.1401
   1760.8213
   1777.5026
   1794.1837
   1810.8649
   1827.5461
   1844.2273
   1860.9086
   1877.5897
   1894.2709
   1910.9521
# Travel time at depth = 250.00 km.
     -1.0000
   1565.1963
   1581.8774
   1598.5587
   1615.2399
   1631.9210
   1648.6023
   1665.2834
   1681.9646
   1698.6459
   1715.3270
   1732.0083
   1748.6895
   1765.3706
   1782.0519
   1798.7330
   1815.4143
   1832.0955
   1848.7766
   1865.4579
   1882.1390
   1898.8203
   1915.5015
# Travel time at depth = 300.00 km.
     -1.0000
     -1.0000
   1586.2295
   1602.9106
   1619.5918
   1636.2731
   1652.9542
   1669.6355
   1686.3167
   1702.9978
   1719.6791
   1736.3602
   1753.0415
   1769.7227
   1786.4038
   1803.0851
   1819.7662
   1836.4475
   1853.1287
   1869.8098
   1886.4911
   1903.1722
   1919.8535
# Travel time at depth = 400.00 km.
     -1.0000
     -1.0000
   1594.3427
   1611.0239
   1627.7051
   1644.3862
   1661.0675
   1677.7487
   1694.4299
   1711.1111
   1727.7922
   1744.4735
   1761.1547
   1777.8359
   1794.5171
   1811.1982
   1827.8795
   1844.5607
   1861.2418
   1877.9231
   1894.6042
   1911.2855
   1927.9667
# Travel time at depth = 500.00 km.
     -1.0000
     -1.0000
     -1.0000
   1617.8483
   1634.5295
   1651.2107
   1667.8920
   1684.5731
   1701.2543
   1717.9355
   1734.6167
   1751.2980
   1767.9791
   1784.6603
   1801.3416
   1818.0227
   1834.7040
   1851.3851
   1868.0663
   1884.7476
   1901.4287
   1918.1099
   1934.7911
# Travel time at depth = 600.00 km.
     -1.0000
     -1.0000
     -1.0000
   1623.8542
   1640.5355
   1657.2167
   1673.8979
   1690.5791
   1707.2603
   1723.9415
   1740.6227
   1757.3040
   1773.9851
   1790.6663
   1807.3475
   1824.0287
   1840.7100
   1857.3911
   1874.0723
   1890.7535
   1907.4347
   1924.1160
   1940.7971
# Travel time at depth = 700.00 km.
     -1.0000
     -1.0000
     -1.0000
     -1.0000
   1645.2782
   1661.9594
   1678.6405
   1695.3218
   1712.0029
   1728.6842
   1745.3654
   1762.0465
   1778.7278
   1795.4089
   1812.0902
   1828.7714
   1845.4525
   1862.1338
   1878.8149
   1895.4961
   1912.1774
   1928.8585
   1945.5398
# Distance-dependent modelling error(s)   
   3   1
  100.00  116.00  144.00
#
   0.700
   5.000
  15.000
#@(#)        ak135.pSdiff     2.1     06 Jun 1996
