# ak135 travel-time table for phase: pSKSdf      
 14   Number of depth samples at the following depths (km):
    0.00   15.00   35.00   50.00   75.00  100.00  150.00  200.00  250.00  300.00
  400.00  500.00  600.00  700.00
 38   Number of distance samples at the following distances (deg):
  106.00  108.00  110.00  112.00  114.00  116.00  118.00  120.00  122.00  124.00
  126.00  128.00  130.00  132.00  134.00  136.00  138.00  140.00  142.00  144.00
  146.00  148.00  150.00  152.00  154.00  156.00  158.00  160.00  162.00  164.00
  166.00  168.00  170.00  172.00  174.00  176.00  178.00  180.00
# Travel time at depth =   0.00 km.
   1538.9728
   1542.8208
   1546.6667
   1550.5090
   1554.3458
   1558.1750
   1561.9938
   1565.7991
   1569.5873
   1573.3540
   1577.0938
   1580.8002
   1584.4669
   1588.0859
   1591.6471
   1595.1399
   1598.5525
   1601.8734
   1605.0861
   1608.1726
   1611.1289
   1613.9491
   1616.6244
   1619.1481
   1621.5144
   1623.7185
   1625.7578
   1627.6278
   1629.3252
   1630.8491
   1632.1973
   1633.3683
   1634.3608
   1635.1742
   1635.8075
   1636.2601
   1636.5319
   1636.6226
# Travel time at depth =  15.00 km.
   1541.5459
   1545.3939
   1549.2399
   1553.0823
   1556.9192
   1560.7483
   1564.5671
   1568.3726
   1572.1609
   1575.9277
   1579.6677
   1583.3744
   1587.0415
   1590.6608
   1594.2223
   1597.7156
   1601.1288
   1604.4502
   1607.6636
   1610.7509
   1613.7078
   1616.5286
   1619.2047
   1621.7290
   1624.0959
   1626.3008
   1628.3407
   1630.2112
   1631.9092
   1633.4336
   1634.7821
   1635.9535
   1636.9464
   1637.7600
   1638.3934
   1638.8462
   1639.1180
   1639.2087
# Travel time at depth =  35.00 km.
   1544.6964
   1548.5444
   1552.3905
   1556.2329
   1560.0698
   1563.8990
   1567.7180
   1571.5237
   1575.3121
   1579.0792
   1582.8195
   1586.5265
   1590.1940
   1593.8137
   1597.3759
   1600.8698
   1604.2837
   1607.6061
   1610.8204
   1613.9087
   1616.8666
   1619.6885
   1622.3656
   1624.8910
   1627.2589
   1629.4646
   1631.5054
   1633.3767
   1635.0756
   1636.6006
   1637.9497
   1639.1216
   1640.1150
   1640.9290
   1641.5627
   1642.0157
   1642.2877
   1642.3784
# Travel time at depth =  50.00 km.
   1546.5436
   1550.3916
   1554.2377
   1558.0801
   1561.9171
   1565.7465
   1569.5656
   1573.3712
   1577.1599
   1580.9272
   1584.6677
   1588.3751
   1592.0430
   1595.6632
   1599.2260
   1602.7205
   1606.1351
   1609.4583
   1612.6736
   1615.7628
   1618.7218
   1621.5447
   1624.2228
   1626.7490
   1629.1179
   1631.3246
   1633.3662
   1635.2383
   1636.9379
   1638.4635
   1639.8134
   1640.9857
   1641.9795
   1642.7938
   1643.4279
   1643.8811
   1644.1532
   1644.2440
# Travel time at depth =  75.00 km.
   1549.6210
   1553.4690
   1557.3151
   1561.1576
   1564.9946
   1568.8241
   1572.6434
   1576.4493
   1580.2384
   1584.0060
   1587.7471
   1591.4550
   1595.1235
   1598.7445
   1602.3082
   1605.8038
   1609.2197
   1612.5442
   1615.7611
   1618.8521
   1621.8126
   1624.6371
   1627.3169
   1629.8448
   1632.2153
   1634.4235
   1636.4664
   1638.3398
   1640.0406
   1641.5674
   1642.9182
   1644.0914
   1645.0859
   1645.9009
   1646.5354
   1646.9890
   1647.2612
   1647.3522
# Travel time at depth = 100.00 km.
   1552.6969
   1556.5449
   1560.3910
   1564.2336
   1568.0708
   1571.9004
   1575.7198
   1579.5261
   1583.3154
   1587.0835
   1590.8250
   1594.5334
   1598.2026
   1601.8245
   1605.3890
   1608.8857
   1612.3029
   1615.6288
   1618.8472
   1621.9398
   1624.9021
   1627.7283
   1630.4097
   1632.9392
   1635.3113
   1637.5210
   1639.5654
   1641.4403
   1643.1422
   1644.6702
   1646.0219
   1647.1960
   1648.1913
   1649.0068
   1649.6418
   1650.0958
   1650.3683
   1650.4592
# Travel time at depth = 150.00 km.
   1558.8256
   1562.6737
   1566.5199
   1570.3627
   1574.2001
   1578.0299
   1581.8497
   1585.6565
   1589.4464
   1593.2152
   1596.9576
   1600.6672
   1604.3378
   1607.9613
   1611.5277
   1615.0266
   1618.4463
   1621.7749
   1624.9966
   1628.0928
   1631.0582
   1633.8878
   1636.5726
   1639.1056
   1641.4810
   1643.6937
   1645.7410
   1647.6187
   1649.3230
   1650.8533
   1652.2070
   1653.3831
   1654.3798
   1655.1967
   1655.8325
   1656.2871
   1656.5601
   1656.6512
# Travel time at depth = 200.00 km.
   1564.8561
   1568.7042
   1572.5505
   1576.3934
   1580.2311
   1584.0613
   1587.8815
   1591.6887
   1595.4792
   1599.2488
   1602.9922
   1606.7030
   1610.3750
   1614.0001
   1617.5685
   1621.0697
   1624.4919
   1627.8234
   1631.0485
   1634.1481
   1637.1171
   1639.9502
   1642.6385
   1645.1749
   1647.5536
   1649.7695
   1651.8198
   1653.7003
   1655.4073
   1656.9399
   1658.2959
   1659.4736
   1660.4720
   1661.2902
   1661.9271
   1662.3824
   1662.6558
   1662.7471
# Travel time at depth = 250.00 km.
   1570.7729
   1574.6211
   1578.4675
   1582.3105
   1586.1483
   1589.9789
   1593.7996
   1597.6072
   1601.3984
   1605.1688
   1608.9132
   1612.6252
   1616.2986
   1619.9254
   1623.4958
   1626.9994
   1630.4242
   1633.7587
   1636.9872
   1640.0906
   1643.0631
   1645.8998
   1648.5918
   1651.1318
   1653.5139
   1655.7333
   1657.7866
   1659.6700
   1661.3799
   1662.9149
   1664.2729
   1665.4526
   1666.4526
   1667.2721
   1667.9102
   1668.3662
   1668.6400
   1668.7314
# Travel time at depth = 300.00 km.
   1576.5598
   1580.4080
   1584.2545
   1588.0977
   1591.9358
   1595.7666
   1599.5876
   1603.3959
   1607.1877
   1610.9590
   1614.7043
   1618.4176
   1622.0924
   1625.7211
   1629.2936
   1632.7996
   1636.2272
   1639.5646
   1642.7968
   1645.9039
   1648.8802
   1651.7207
   1654.4165
   1656.9602
   1659.3459
   1661.5687
   1663.6255
   1665.5120
   1667.2245
   1668.7621
   1670.1224
   1671.3042
   1672.3059
   1673.1267
   1673.7659
   1674.2227
   1674.4969
   1674.5885
# Travel time at depth = 400.00 km.
   1587.7626
   1591.6108
   1595.4575
   1599.3010
   1603.1395
   1606.9711
   1610.7930
   1614.6023
   1618.3955
   1622.1685
   1625.9160
   1629.6320
   1633.3099
   1636.9423
   1640.5192
   1644.0302
   1647.4636
   1650.8075
   1654.0471
   1657.1625
   1660.1467
   1662.9952
   1665.6991
   1668.2507
   1670.6442
   1672.8744
   1674.9379
   1676.8309
   1678.5496
   1680.0925
   1681.4578
   1682.6437
   1683.6490
   1684.4729
   1685.1144
   1685.5729
   1685.8481
   1685.9401
# Travel time at depth = 500.00 km.
   1598.1705
   1602.0188
   1605.8657
   1609.7095
   1613.5486
   1617.3807
   1621.2036
   1625.0142
   1628.8090
   1632.5837
   1636.3337
   1640.0526
   1643.7339
   1647.3702
   1650.9520
   1654.4686
   1657.9086
   1661.2595
   1664.5074
   1667.6320
   1670.6249
   1673.4824
   1676.1952
   1678.7557
   1681.1578
   1683.3962
   1685.4675
   1687.3679
   1689.0931
   1690.6422
   1692.0129
   1693.2036
   1694.2130
   1695.0402
   1695.6842
   1696.1447
   1696.4210
   1696.5133
# Travel time at depth = 600.00 km.
     -1.0000
   1612.0153
   1615.8623
   1619.7065
   1623.5461
   1627.3790
   1631.2028
   1635.0146
   1638.8110
   1642.5879
   1646.3403
   1650.0623
   1653.7472
   1657.3878
   1660.9747
   1664.4973
   1667.9441
   1671.3027
   1674.5596
   1677.6938
   1680.6964
   1683.5635
   1686.2860
   1688.8561
   1691.2675
   1693.5148
   1695.5945
   1697.5028
   1699.2354
   1700.7910
   1702.1675
   1703.3634
   1704.3772
   1705.2079
   1705.8549
   1706.3173
   1706.5948
   1706.6875
# Travel time at depth = 700.00 km.
     -1.0000
   1621.4510
   1625.2982
   1629.1428
   1632.9830
   1636.8167
   1640.6415
   1644.4547
   1648.2528
   1652.0319
   1655.7870
   1659.5123
   1663.2010
   1666.8464
   1670.4390
   1673.9680
   1677.4222
   1680.7892
   1684.0555
   1687.2007
   1690.2137
   1693.0913
   1695.8246
   1698.4053
   1700.8269
   1703.0841
   1705.1730
   1707.0901
   1708.8307
   1710.3936
   1711.7766
   1712.9783
   1713.9968
   1714.8317
   1715.4817
   1715.9463
   1716.2252
   1716.3184
# Modelling error(s)
   1   1
#
   1.700
#@(#)        ak135.pSKSdf     2.1     06 Jun 1996
