# ak135 travel-time table for phase: pSKSac      
 14   Number of depth samples at the following depths (km):
    0.00   15.00   35.00   50.00   75.00  100.00  150.00  200.00  250.00  300.00
  400.00  500.00  600.00  700.00
 82   Number of distance samples at the following distances (deg):
   63.00   64.00   65.00   66.00   67.00   68.00   69.00   70.00   71.00   72.00
   73.00   74.00   75.00   76.00   77.00   78.00   79.00   80.00   81.00   82.00
   83.00   84.00   85.00   86.00   87.00   88.00   89.00   90.00   91.00   92.00
   93.00   94.00   95.00   96.00   97.00   98.00   99.00  100.00  101.00  102.00
  103.00  104.00  105.00  106.00  107.00  108.00  109.00  110.00  111.00  112.00
  113.00  114.00  115.00  116.00  117.00  118.00  119.00  120.00  121.00  122.00
  123.00  124.00  125.00  126.00  127.00  128.00  129.00  130.00  131.00  132.00
  133.00  134.00  135.00  136.00  137.00  138.00  139.00  140.00  141.00  142.00
  143.00  144.00
# Travel time at depth =   0.00 km.
   1222.7198
   1230.3108
   1237.9005
   1245.4880
   1253.0720
   1260.6511
   1268.2238
   1275.7887
   1283.3440
   1290.8876
   1298.4177
   1305.9340
   1313.4336
   1320.9047
   1328.2727
   1335.5303
   1342.6855
   1349.7255
   1356.6433
   1363.4395
   1370.1121
   1376.6608
   1383.0890
   1389.3995
   1395.5930
   1401.6743
   1407.6497
   1413.5225
   1419.2950
   1424.9695
   1430.5476
   1436.0319
   1441.4238
   1446.7255
   1451.9379
   1457.0629
   1462.1033
   1467.0612
   1471.9375
   1476.7328
   1481.4475
   1486.0828
   1490.6403
   1495.1230
   1499.5337
   1503.8734
   1508.1429
   1512.3420
   1516.4707
   1520.5300
   1524.5208
   1528.4425
   1532.2952
   1536.0792
   1539.7953
   1543.4434
   1547.0239
   1550.5380
   1553.9861
   1557.3679
   1560.6824
   1563.9296
   1567.1108
   1570.2267
   1573.2769
   1576.2610
   1579.1796
   1582.0327
   1584.8191
   1587.5378
   1590.1904
   1592.7787
   1595.3052
   1597.7728
   1600.1858
   1602.5481
   1604.8621
   1607.1294
   1609.3518
   1611.5333
   1613.6765
   1615.7805
# Travel time at depth =  15.00 km.
     -1.0000
   1232.6852
   1240.2750
   1247.8627
   1255.4469
   1263.0262
   1270.5994
   1278.1648
   1285.7207
   1293.2650
   1300.7959
   1308.3130
   1315.8138
   1323.2876
   1330.6630
   1337.9261
   1345.0873
   1352.1337
   1359.0579
   1365.8602
   1372.5392
   1379.0939
   1385.5278
   1391.8439
   1398.0427
   1404.1290
   1410.1090
   1415.9862
   1421.7631
   1427.4415
   1433.0236
   1438.5115
   1443.9072
   1449.2123
   1454.4281
   1459.5563
   1464.5997
   1469.5605
   1474.4398
   1479.2380
   1483.9554
   1488.5934
   1493.1534
   1497.6385
   1502.0515
   1506.3934
   1510.6652
   1514.8663
   1518.9972
   1523.0585
   1527.0511
   1530.9749
   1534.8295
   1538.6154
   1542.3333
   1545.9832
   1549.5654
   1553.0811
   1556.5309
   1559.9143
   1563.2303
   1566.4791
   1569.6619
   1572.7792
   1575.8308
   1578.8163
   1581.7363
   1584.5907
   1587.3784
   1590.0985
   1592.7523
   1595.3417
   1597.8694
   1600.3380
   1602.7518
   1605.1150
   1607.4298
   1609.6978
   1611.9209
   1614.1030
   1616.2468
   1618.3514
# Travel time at depth =  35.00 km.
     -1.0000
   1235.5421
   1243.1322
   1250.7201
   1258.3046
   1265.8845
   1273.4583
   1281.0243
   1288.5811
   1296.1266
   1303.6587
   1311.1770
   1318.6794
   1326.1565
   1333.5431
   1340.8146
   1347.9844
   1355.0403
   1361.9741
   1368.7858
   1375.4740
   1382.0377
   1388.4802
   1394.8044
   1401.0112
   1407.1049
   1413.0917
   1418.9755
   1424.7585
   1430.4431
   1436.0310
   1441.5244
   1446.9255
   1452.2357
   1457.4565
   1462.5895
   1467.6376
   1472.6028
   1477.4863
   1482.2886
   1487.0101
   1491.6520
   1496.2157
   1500.7043
   1505.1206
   1509.4659
   1513.7408
   1517.9452
   1522.0790
   1526.1433
   1530.1389
   1534.0654
   1537.9229
   1541.7115
   1545.4320
   1549.0846
   1552.6694
   1556.1875
   1559.6398
   1563.0255
   1566.3440
   1569.5950
   1572.7799
   1575.8994
   1578.9531
   1581.9407
   1584.8627
   1587.7190
   1590.5087
   1593.2307
   1595.8864
   1598.4774
   1601.0067
   1603.4768
   1605.8920
   1608.2563
   1610.5723
   1612.8413
   1615.0654
   1617.2484
   1619.3931
   1621.4985
# Travel time at depth =  50.00 km.
     -1.0000
   1237.0970
   1244.6871
   1252.2753
   1259.8602
   1267.4406
   1275.0149
   1282.5817
   1290.1394
   1297.6859
   1305.2192
   1312.7389
   1320.2429
   1327.7231
   1335.1210
   1342.4012
   1349.5798
   1356.6455
   1363.5890
   1370.4102
   1377.1079
   1383.6807
   1390.1318
   1396.4644
   1402.6791
   1408.7802
   1414.7739
   1420.6642
   1426.4536
   1432.1442
   1437.7378
   1443.2368
   1448.6432
   1453.9586
   1459.1843
   1464.3221
   1469.3746
   1474.3441
   1479.2319
   1484.0383
   1488.7639
   1493.4095
   1497.9771
   1502.4691
   1506.8887
   1511.2372
   1515.5151
   1519.7227
   1523.8595
   1527.9268
   1531.9250
   1535.8545
   1539.7146
   1543.5060
   1547.2291
   1550.8842
   1554.4714
   1557.9919
   1561.4465
   1564.8346
   1568.1554
   1571.4086
   1574.5956
   1577.7172
   1580.7729
   1583.7626
   1586.6864
   1589.5447
   1592.3363
   1595.0602
   1597.7175
   1600.3103
   1602.8411
   1605.3126
   1607.7290
   1610.0946
   1612.4116
   1614.6818
   1616.9069
   1619.0907
   1621.2361
   1623.3425
# Travel time at depth =  75.00 km.
     -1.0000
   1239.6836
   1247.2739
   1254.8624
   1262.4479
   1270.0289
   1277.6044
   1285.1724
   1292.7316
   1300.2799
   1307.8153
   1315.3370
   1322.8436
   1330.3285
   1337.7443
   1345.0396
   1352.2328
   1359.3148
   1366.2747
   1373.1119
   1379.8256
   1386.4138
   1392.8795
   1399.2261
   1405.4545
   1411.5680
   1417.5734
   1423.4749
   1429.2749
   1434.9756
   1440.5790
   1446.0874
   1451.5028
   1456.8269
   1462.0609
   1467.2067
   1472.2667
   1477.2437
   1482.1384
   1486.9518
   1491.6841
   1496.3363
   1500.9099
   1505.4078
   1509.8330
   1514.1868
   1518.4701
   1522.6827
   1526.8247
   1530.8969
   1534.8999
   1538.8341
   1542.6989
   1546.4946
   1550.2222
   1553.8816
   1557.4729
   1560.9974
   1564.4559
   1567.8479
   1571.1725
   1574.4294
   1577.6200
   1580.7451
   1583.8043
   1586.7972
   1589.7244
   1592.5859
   1595.3807
   1598.1077
   1600.7679
   1603.3635
   1605.8969
   1608.3708
   1610.7894
   1613.1569
   1615.4758
   1617.7477
   1619.9745
   1622.1598
   1624.3065
   1626.4143
# Travel time at depth = 100.00 km.
     -1.0000
   1242.2642
   1249.8546
   1257.4435
   1265.0295
   1272.6115
   1280.1877
   1287.7570
   1295.3176
   1302.8678
   1310.4053
   1317.9290
   1325.4381
   1332.9271
   1340.3596
   1347.6704
   1354.8782
   1361.9767
   1368.9532
   1375.8068
   1382.5365
   1389.1405
   1395.6211
   1401.9819
   1408.2242
   1414.3506
   1420.3678
   1426.2805
   1432.0913
   1437.8024
   1443.4158
   1448.9336
   1454.3582
   1459.6910
   1464.9336
   1470.0874
   1475.1553
   1480.1394
   1485.0415
   1489.8618
   1494.6010
   1499.2598
   1503.8396
   1508.3435
   1512.7743
   1517.1335
   1521.4222
   1525.6401
   1529.7871
   1533.8643
   1537.8722
   1541.8112
   1545.6805
   1549.4808
   1553.2128
   1556.8765
   1560.4722
   1564.0007
   1567.4631
   1570.8591
   1574.1875
   1577.4482
   1580.6425
   1583.7710
   1586.8337
   1589.8301
   1592.7605
   1595.6252
   1598.4232
   1601.1533
   1603.8167
   1606.4150
   1608.9510
   1611.4274
   1613.8481
   1616.2177
   1618.5385
   1620.8121
   1623.0405
   1625.2273
   1627.3755
   1629.4847
# Travel time at depth = 150.00 km.
     -1.0000
   1247.3844
   1254.9752
   1262.5647
   1270.1517
   1277.7351
   1285.3132
   1292.8849
   1300.4484
   1308.0021
   1315.5436
   1323.0715
   1330.5856
   1338.0818
   1345.5420
   1352.8870
   1360.1243
   1367.2555
   1374.2666
   1381.1536
   1387.9164
   1394.5530
   1401.0643
   1407.4545
   1413.7252
   1419.8782
   1425.9199
   1431.8558
   1437.6888
   1443.4213
   1449.0551
   1454.5924
   1460.0356
   1465.3865
   1470.6465
   1475.8170
   1480.9006
   1485.9000
   1490.8168
   1495.6515
   1500.4045
   1505.0769
   1509.6697
   1514.1858
   1518.6281
   1522.9985
   1527.2980
   1531.5266
   1535.6842
   1539.7714
   1543.7892
   1547.7378
   1551.6168
   1555.4264
   1559.1674
   1562.8400
   1566.4442
   1569.9810
   1573.4515
   1576.8555
   1580.1919
   1583.4602
   1586.6619
   1589.7976
   1592.8673
   1595.8707
   1598.8079
   1601.6792
   1604.4838
   1607.2202
   1609.8896
   1612.4938
   1615.0352
   1617.5166
   1619.9418
   1622.3153
   1624.6400
   1626.9174
   1629.1490
   1631.3389
   1633.4899
   1635.6021
# Travel time at depth = 200.00 km.
     -1.0000
     -1.0000
   1259.9592
   1267.5493
   1275.1373
   1282.7220
   1290.3020
   1297.8760
   1305.4423
   1312.9993
   1320.5450
   1328.0774
   1335.5959
   1343.0986
   1350.5762
   1357.9617
   1365.2301
   1372.3945
   1379.4418
   1386.3640
   1393.1615
   1399.8325
   1406.3766
   1412.7977
   1419.0985
   1425.2799
   1431.3478
   1437.3081
   1443.1644
   1448.9193
   1454.5746
   1460.1324
   1465.5953
   1470.9651
   1476.2434
   1481.4314
   1486.5317
   1491.5470
   1496.4790
   1501.3287
   1506.0964
   1510.7828
   1515.3892
   1519.9181
   1524.3724
   1528.7545
   1533.0653
   1537.3051
   1541.4735
   1545.5713
   1549.5994
   1553.5581
   1557.4470
   1561.2664
   1565.0166
   1568.6984
   1572.3116
   1575.8571
   1579.3359
   1582.7482
   1586.0929
   1589.3693
   1592.5785
   1595.7218
   1598.7990
   1601.8094
   1604.7535
   1607.6317
   1610.4431
   1613.1863
   1615.8621
   1618.4722
   1621.0192
   1623.5057
   1625.9357
   1628.3135
   1630.6421
   1632.9232
   1635.1586
   1637.3514
   1639.5054
   1641.6205
# Travel time at depth = 250.00 km.
     -1.0000
     -1.0000
   1264.7855
   1272.3760
   1279.9648
   1287.5508
   1295.1326
   1302.7087
   1310.2777
   1317.8381
   1325.3881
   1332.9250
   1340.4482
   1347.9569
   1355.4448
   1362.8713
   1370.1741
   1377.3722
   1384.4572
   1391.4170
   1398.2511
   1404.9586
   1411.5376
   1417.9917
   1424.3242
   1430.5360
   1436.6317
   1442.6182
   1448.4993
   1454.2777
   1459.9557
   1465.5353
   1471.0189
   1476.4086
   1481.7062
   1486.9127
   1492.0305
   1497.0625
   1502.0106
   1506.8760
   1511.6591
   1516.3602
   1520.9810
   1525.5232
   1529.9902
   1534.3845
   1538.7072
   1542.9585
   1547.1384
   1551.2473
   1555.2861
   1559.2554
   1563.1547
   1566.9840
   1570.7443
   1574.4355
   1578.0582
   1581.6127
   1585.1002
   1588.5211
   1591.8744
   1595.1592
   1598.3765
   1601.5275
   1604.6123
   1607.6302
   1610.5817
   1613.4669
   1616.2854
   1619.0356
   1621.7180
   1624.3345
   1626.8872
   1629.3793
   1631.8141
   1634.1963
   1636.5292
   1638.8142
   1641.0532
   1643.2494
   1645.4062
   1647.5245
# Travel time at depth = 300.00 km.
     -1.0000
     -1.0000
   1269.4307
   1277.0215
   1284.6111
   1292.1982
   1299.7816
   1307.3600
   1314.9318
   1322.4955
   1330.0494
   1337.5912
   1345.1194
   1352.6334
   1360.1299
   1367.5900
   1374.9324
   1382.1653
   1389.2891
   1396.2893
   1403.1625
   1409.9084
   1416.5253
   1423.0146
   1429.3809
   1435.6255
   1441.7512
   1447.7655
   1453.6730
   1459.4766
   1465.1787
   1470.7814
   1476.2870
   1481.6978
   1487.0156
   1492.2418
   1497.3782
   1502.4279
   1507.3929
   1512.2749
   1517.0741
   1521.7909
   1526.4266
   1530.9832
   1535.4636
   1539.8707
   1544.2057
   1548.4694
   1552.6613
   1556.7817
   1560.8318
   1564.8120
   1568.7223
   1572.5623
   1576.3328
   1580.0341
   1583.6665
   1587.2305
   1590.7273
   1594.1571
   1597.5193
   1600.8130
   1604.0387
   1607.1979
   1610.2906
   1613.3165
   1616.2755
   1619.1682
   1621.9940
   1624.7516
   1627.4409
   1630.0640
   1632.6229
   1635.1206
   1637.5607
   1639.9475
   1642.2847
   1644.5739
   1646.8167
   1649.0164
   1651.1764
   1653.2980
# Travel time at depth = 400.00 km.
     -1.0000
     -1.0000
     -1.0000
   1285.7766
   1293.3673
   1300.9564
   1308.5428
   1316.1254
   1323.7024
   1331.2726
   1338.8344
   1346.3857
   1353.9246
   1361.4496
   1368.9602
   1376.4513
   1383.8893
   1391.2009
   1398.4048
   1405.4932
   1412.4531
   1419.2839
   1425.9844
   1432.5533
   1438.9945
   1445.3113
   1451.5050
   1457.5813
   1463.5471
   1469.4061
   1475.1613
   1480.8146
   1486.3685
   1491.8256
   1497.1877
   1502.4567
   1507.6339
   1512.7222
   1517.7244
   1522.6420
   1527.4761
   1532.2268
   1536.8953
   1541.4828
   1545.9924
   1550.4272
   1554.7892
   1559.0790
   1563.2968
   1567.4424
   1571.5166
   1575.5205
   1579.4541
   1583.3170
   1587.1095
   1590.8325
   1594.4861
   1598.0704
   1601.5868
   1605.0360
   1608.4174
   1611.7299
   1614.9736
   1618.1503
   1621.2601
   1624.3029
   1627.2782
   1630.1868
   1633.0283
   1635.8015
   1638.5059
   1641.1429
   1643.7152
   1646.2252
   1648.6764
   1651.0734
   1653.4198
   1655.7179
   1657.9690
   1660.1761
   1662.3429
   1664.4713
# Travel time at depth = 500.00 km.
     -1.0000
     -1.0000
     -1.0000
     -1.0000
   1300.9691
   1308.5597
   1316.1487
   1323.7349
   1331.3170
   1338.8937
   1346.4633
   1354.0244
   1361.5750
   1369.1128
   1376.6367
   1384.1460
   1391.6349
   1399.0614
   1406.3583
   1413.5455
   1420.6116
   1427.5450
   1434.3462
   1441.0133
   1447.5463
   1453.9501
   1460.2274
   1466.3802
   1472.4164
   1478.3419
   1484.1600
   1489.8737
   1495.4849
   1500.9965
   1506.4108
   1511.7300
   1516.9553
   1522.0891
   1527.1344
   1532.0935
   1536.9679
   1541.7579
   1546.4642
   1551.0881
   1555.6318
   1560.0989
   1564.4916
   1568.8114
   1573.0587
   1577.2332
   1581.3352
   1585.3661
   1589.3263
   1593.2152
   1597.0331
   1600.7805
   1604.4581
   1608.0659
   1611.6046
   1615.0756
   1618.4786
   1621.8126
   1625.0770
   1628.2734
   1631.4027
   1634.4645
   1637.4584
   1640.3848
   1643.2440
   1646.0349
   1648.7562
   1651.4095
   1653.9967
   1656.5209
   1658.9849
   1661.3933
   1663.7504
   1666.0585
   1668.3190
   1670.5347
   1672.7091
   1674.8450
# Travel time at depth = 600.00 km.
     -1.0000
     -1.0000
     -1.0000
     -1.0000
     -1.0000
   1315.4636
   1323.0542
   1330.6433
   1338.2299
   1345.8123
   1353.3893
   1360.9594
   1368.5210
   1376.0723
   1383.6107
   1391.1353
   1398.6453
   1406.1350
   1413.5634
   1420.8583
   1428.0400
   1435.0957
   1442.0143
   1448.7964
   1455.4401
   1461.9465
   1468.3213
   1474.5668
   1480.6865
   1486.6893
   1492.5804
   1498.3633
   1504.0405
   1509.6146
   1515.0885
   1520.4645
   1525.7446
   1530.9304
   1536.0247
   1541.0305
   1545.9500
   1550.7839
   1555.5327
   1560.1975
   1564.7799
   1569.2831
   1573.7102
   1578.0632
   1582.3430
   1586.5494
   1590.6825
   1594.7432
   1598.7325
   1602.6503
   1606.4961
   1610.2706
   1613.9747
   1617.6082
   1621.1718
   1624.6666
   1628.0933
   1631.4507
   1634.7380
   1637.9562
   1641.1066
   1644.1892
   1647.2034
   1650.1495
   1653.0281
   1655.8381
   1658.5782
   1661.2493
   1663.8531
   1666.3928
   1668.8710
   1671.2921
   1673.6609
   1675.9800
   1678.2509
   1680.4760
   1682.6589
   1684.8029
# Travel time at depth = 700.00 km.
     -1.0000
     -1.0000
     -1.0000
     -1.0000
     -1.0000
     -1.0000
   1328.9453
   1336.5363
   1344.1260
   1351.7134
   1359.2971
   1366.8760
   1374.4484
   1382.0126
   1389.5671
   1397.1094
   1404.6379
   1412.1521
   1419.6483
   1427.1018
   1434.4199
   1441.6180
   1448.6866
   1455.6119
   1462.3947
   1469.0332
   1475.5295
   1481.8899
   1488.1168
   1494.2158
   1500.1958
   1506.0624
   1511.8188
   1517.4679
   1523.0127
   1528.4561
   1533.8004
   1539.0477
   1544.2000
   1549.2605
   1554.2322
   1559.1168
   1563.9148
   1568.6268
   1573.2544
   1577.7998
   1582.2667
   1586.6578
   1590.9745
   1595.2172
   1599.3855
   1603.4803
   1607.5026
   1611.4528
   1615.3303
   1619.1356
   1622.8695
   1626.5322
   1630.1239
   1633.6458
   1637.0988
   1640.4824
   1643.7957
   1647.0385
   1650.2125
   1653.3185
   1656.3556
   1659.3239
   1662.2239
   1665.0552
   1667.8164
   1670.5074
   1673.1301
   1675.6873
   1678.1818
   1680.6174
   1682.9993
   1685.3306
   1687.6132
   1689.8489
   1692.0414
   1694.1942
# Modelling error(s)
   1   1
#
   1.700
#@(#)        ak135.pSKSac     2.1     06 Jun 1996
