# ak135 travel-time table for phase: pS (All 1st pS branches)
 20   Number of depth samples at the following depths (km):
    0.00   10.00   20.00   30.00   35.00   50.00   60.00   70.00   80.00  100.00
  120.00  150.00  200.00  250.00  300.00  350.00  400.00  500.00  600.00  700.00
 85   Number of distance samples at the following distances (deg):
   53.00   54.50   56.00   57.50   59.00   60.50   62.00   63.50   65.00   66.50
   68.00   69.50   71.00   72.50   74.00   75.50   77.00   78.50   80.00   81.50
   83.00   84.50   86.00   87.50   89.00   90.50   92.00   93.50   95.00   96.50
   98.00   99.50  101.00  102.50  104.00  105.50  107.00  108.50  110.00  111.50
  113.00  114.50  116.00  117.50  119.00  120.50  122.00  123.50  125.00  126.50
  128.00  129.50  131.00  132.50  134.00  135.50  137.00  138.50  140.00  141.50
  143.00  144.50  146.00  147.50  149.00  150.50  152.00  153.50  155.00  156.50
  158.00  159.50  161.00  162.50  164.00  165.50  167.00  168.50  170.00  171.50
  173.00  174.50  176.00  177.50  179.00
# Travel time at depth =   0.00 km.
   1009.1183
   1029.4480
   1049.5377
   1069.3782
   1088.9662
   1108.3054
   1127.3936
   1146.2264
   1164.8035
   1183.1260
   1201.1931
   1219.0026
   1236.5540
   1253.8444
   1270.8677
   1287.6217
   1304.1112
   1320.3308
   1336.2810
   1351.9637
   1367.3623
   1379.8896
   1389.3995
   1398.6472
   1407.6497
   1416.4211
   1424.9695
   1433.3014
   1441.4238
   1449.3428
   1457.0629
   1464.5924
   1471.9375
   1479.1002
   1486.0828
   1492.8909
   1499.5337
   1506.0170
   1512.3420
   1518.5090
   1524.5208
   1530.3774
   1536.0792
   1541.6278
   1547.0239
   1552.2703
   1557.3679
   1562.3143
   1567.1108
   1571.7600
   1576.2610
   1580.6144
   1584.8191
   1588.8723
   1591.6471
   1594.2737
   1596.8569
   1599.3918
   1601.8734
   1604.2942
   1606.6458
   1608.9240
   1611.1289
   1613.2573
   1615.3053
   1617.2698
   1619.1481
   1620.9379
   1622.6370
   1624.2439
   1625.7578
   1627.1764
   1628.4980
   1629.7225
   1630.8491
   1631.8768
   1632.8051
   1633.6332
   1634.3608
   1634.9877
   1635.5134
   1635.9375
   1636.2601
   1636.4808
   1636.5999
# Travel time at depth =  10.00 km.
   1010.3293
   1030.6731
   1050.7772
   1070.6322
   1090.2343
   1109.5870
   1128.6887
   1147.5349
   1166.1249
   1184.4601
   1202.5398
   1220.3615
   1237.9248
   1255.2272
   1272.2625
   1289.0280
   1305.5286
   1321.7593
   1337.7201
   1353.4137
   1368.8232
   1381.5138
   1391.0292
   1400.2821
   1409.2893
   1418.0652
   1426.6176
   1434.9534
   1443.0795
   1451.0018
   1458.7252
   1466.2578
   1473.6058
   1480.7714
   1487.7566
   1494.5671
   1501.2123
   1507.6978
   1514.0250
   1520.1940
   1526.2076
   1532.0664
   1537.7700
   1543.3204
   1548.7183
   1553.9662
   1559.0656
   1564.0135
   1568.8115
   1573.4622
   1577.9646
   1582.3193
   1586.5253
   1590.5798
   1593.3639
   1595.9907
   1598.5743
   1601.1094
   1603.5913
   1606.0125
   1608.3643
   1610.6428
   1612.8481
   1614.9768
   1617.0253
   1618.9901
   1620.8687
   1622.6588
   1624.3583
   1625.9655
   1627.4797
   1628.8986
   1630.2206
   1631.4453
   1632.5720
   1633.6000
   1634.5283
   1635.3567
   1636.0845
   1636.7115
   1637.2373
   1637.6615
   1637.9841
   1638.2050
   1638.3240
# Travel time at depth =  20.00 km.
   1011.5374
   1031.8954
   1052.0140
   1071.8835
   1091.4998
   1110.8663
   1129.9814
   1148.8412
   1167.4442
   1185.7922
   1203.8844
   1221.7184
   1239.2938
   1256.6082
   1273.6554
   1290.4325
   1306.9443
   1323.1864
   1339.1578
   1354.8623
   1370.2827
   1383.1375
   1392.6584
   1401.9166
   1410.9285
   1419.7087
   1428.2653
   1436.6050
   1444.7347
   1452.6606
   1460.3872
   1467.9229
   1475.2738
   1482.4421
   1489.4301
   1496.2432
   1502.8906
   1509.3783
   1515.7076
   1521.8788
   1527.8944
   1533.7551
   1539.4606
   1545.0128
   1550.4124
   1555.6621
   1560.7629
   1565.7125
   1570.5121
   1575.1642
   1579.6680
   1584.0240
   1588.2314
   1592.2872
   1595.0807
   1597.7078
   1600.2915
   1602.8268
   1605.3091
   1607.7306
   1610.0828
   1612.3617
   1614.5673
   1616.6964
   1618.7451
   1620.7103
   1622.5892
   1624.3796
   1626.0796
   1627.6870
   1629.2015
   1630.6207
   1631.9430
   1633.1680
   1634.2949
   1635.3230
   1636.2516
   1637.0802
   1637.8081
   1638.4352
   1638.9612
   1639.3855
   1639.7081
   1639.9291
   1640.0481
# Travel time at depth =  30.00 km.
   1012.4575
   1032.8342
   1052.9717
   1072.8600
   1092.4944
   1111.8784
   1131.0109
   1149.8875
   1168.5068
   1186.8707
   1204.9784
   1222.8276
   1240.4178
   1257.7467
   1274.8086
   1291.5997
   1308.1251
   1324.3807
   1340.3650
   1356.0823
   1371.5159
   1384.5619
   1394.0892
   1403.3535
   1412.3707
   1421.1560
   1429.7173
   1438.0614
   1446.1953
   1454.1251
   1461.8555
   1469.3947
   1476.7489
   1483.9204
   1490.9115
   1497.7273
   1504.3774
   1510.8676
   1517.1995
   1523.3729
   1529.3907
   1535.2537
   1540.9613
   1546.5155
   1551.9171
   1557.1687
   1562.2715
   1567.2228
   1572.0240
   1576.6777
   1581.1832
   1585.5408
   1589.7496
   1593.8069
   1596.6108
   1599.2382
   1601.8223
   1604.3579
   1606.8405
   1609.2623
   1611.6149
   1613.8942
   1616.1002
   1618.2297
   1620.2788
   1622.2444
   1624.1238
   1625.9146
   1627.6147
   1629.2227
   1630.7374
   1632.1570
   1633.4795
   1634.7047
   1635.8320
   1636.8604
   1637.7892
   1638.6179
   1639.3461
   1639.9733
   1640.4994
   1640.9238
   1641.2466
   1641.4675
   1641.5865
# Travel time at depth =  35.00 km.
   1012.9147
   1033.3025
   1053.4489
   1073.3468
   1092.9904
   1112.3832
   1131.5243
   1150.4094
   1169.0370
   1187.4088
   1205.5243
   1223.3812
   1240.9789
   1258.3152
   1275.3843
   1292.1825
   1308.7147
   1324.9772
   1340.9678
   1356.6915
   1372.1317
   1385.2738
   1394.8044
   1404.0718
   1413.0917
   1421.8794
   1430.4431
   1438.7893
   1446.9255
   1454.8573
   1462.5895
   1470.1304
   1477.4863
   1484.6594
   1491.6520
   1498.4692
   1505.1206
   1511.6122
   1517.9452
   1524.1198
   1530.1389
   1536.0028
   1541.7115
   1547.2668
   1552.6694
   1557.9219
   1563.0255
   1567.9778
   1572.7799
   1577.4344
   1581.9407
   1586.2991
   1590.5087
   1594.5667
   1597.3759
   1600.0033
   1602.5875
   1605.1233
   1607.6061
   1610.0281
   1612.3809
   1614.6604
   1616.8666
   1618.9963
   1621.0457
   1623.0114
   1624.8910
   1626.6820
   1628.3823
   1629.9904
   1631.5054
   1632.9250
   1634.2478
   1635.4731
   1636.6006
   1637.6290
   1638.5580
   1639.3867
   1640.1150
   1640.7423
   1641.2684
   1641.6929
   1642.0157
   1642.2367
   1642.3557
# Travel time at depth =  50.00 km.
     -1.0000
   1033.6018
   1053.8695
   1073.8595
   1093.5789
   1113.0369
   1132.2369
   1151.1765
   1169.8541
   1188.2721
   1206.4309
   1224.3290
   1241.9656
   1259.3392
   1276.4448
   1293.2776
   1309.8423
   1326.1367
   1342.1572
   1357.9103
   1373.3802
   1386.9211
   1396.4644
   1405.7434
   1414.7739
   1423.5714
   1432.1442
   1440.4990
   1448.6432
   1456.5826
   1464.3221
   1471.8698
   1479.2319
   1486.4113
   1493.4095
   1500.2323
   1506.8887
   1513.3850
   1519.7227
   1525.9017
   1531.9250
   1537.7932
   1543.5060
   1549.0652
   1554.4714
   1559.7274
   1564.8346
   1569.7903
   1574.5956
   1579.2533
   1583.7626
   1588.1238
   1592.3363
   1596.3970
   1599.2260
   1601.8539
   1604.4386
   1606.9750
   1609.4583
   1611.8811
   1614.2346
   1616.5149
   1618.7218
   1620.8522
   1622.9022
   1624.8688
   1626.7490
   1628.5408
   1630.2418
   1631.8505
   1633.3662
   1634.7865
   1636.1097
   1637.3356
   1638.4635
   1639.4924
   1640.4218
   1641.2510
   1641.9795
   1642.6071
   1643.1334
   1643.5581
   1643.8811
   1644.1022
   1644.2213
# Travel time at depth =  60.00 km.
     -1.0000
     -1.0000
   1054.1105
   1074.1754
   1093.9521
   1113.4569
   1132.6986
   1151.6761
   1170.3885
   1188.8384
   1207.0271
   1224.9532
   1242.6163
   1260.0155
   1277.1459
   1294.0021
   1310.5889
   1326.9049
   1342.9458
   1358.7185
   1374.2085
   1388.0181
   1397.5697
   1406.8567
   1415.8943
   1424.6984
   1433.2772
   1441.6379
   1449.7875
   1457.7321
   1465.4763
   1473.0284
   1480.3949
   1487.5784
   1494.5806
   1501.4070
   1508.0668
   1514.5662
   1520.9070
   1527.0891
   1533.1154
   1538.9863
   1544.7017
   1550.2634
   1555.6724
   1560.9307
   1566.0402
   1570.9982
   1575.8055
   1580.4653
   1584.9767
   1589.3398
   1593.5542
   1597.6168
   1600.4590
   1603.0872
   1605.6722
   1608.2091
   1610.6927
   1613.1160
   1615.4701
   1617.7509
   1619.9583
   1622.0891
   1624.1396
   1626.1067
   1627.9874
   1629.7797
   1631.4812
   1633.0903
   1634.6063
   1636.0271
   1637.3507
   1638.5769
   1639.7052
   1640.7344
   1641.6641
   1642.4934
   1643.2222
   1643.8500
   1644.3765
   1644.8013
   1645.1244
   1645.3455
   1645.4646
# Travel time at depth =  70.00 km.
     -1.0000
     -1.0000
     -1.0000
   1074.4662
   1094.3079
   1113.8635
   1133.1489
   1152.1661
   1170.9144
   1189.3971
   1207.6163
   1225.5714
   1243.2615
   1260.6865
   1277.8419
   1294.7222
   1311.3312
   1327.6692
   1343.7307
   1359.5232
   1375.0334
   1389.1141
   1398.6742
   1407.9692
   1417.0139
   1425.8246
   1434.4097
   1442.7761
   1450.9312
   1458.8809
   1466.6300
   1474.1866
   1481.5574
   1488.7449
   1495.7512
   1502.5812
   1509.2444
   1515.7471
   1522.0909
   1528.2761
   1534.3052
   1540.1790
   1545.8971
   1551.4615
   1556.8728
   1562.1335
   1567.2455
   1572.2057
   1577.0153
   1581.6771
   1586.1904
   1590.5557
   1594.7720
   1598.8363
   1601.6919
   1604.3204
   1606.9059
   1609.4430
   1611.9271
   1614.3508
   1616.7053
   1618.9866
   1621.1946
   1623.3259
   1625.3770
   1627.3445
   1629.2257
   1631.0184
   1632.7205
   1634.3300
   1635.8464
   1637.2676
   1638.5916
   1639.8181
   1640.9468
   1641.9762
   1642.9061
   1643.7358
   1644.4647
   1645.0928
   1645.6194
   1646.0443
   1646.3676
   1646.5886
   1646.7079
# Travel time at depth =  80.00 km.
     -1.0000
     -1.0000
     -1.0000
   1074.7251
   1094.6439
   1114.2555
   1133.5873
   1152.6458
   1171.4315
   1189.9480
   1208.1986
   1226.1831
   1243.9009
   1261.3522
   1278.5330
   1295.4376
   1312.0693
   1328.4294
   1344.5120
   1360.3245
   1375.8551
   1390.2091
   1399.7777
   1409.0808
   1418.1327
   1426.9500
   1435.5414
   1443.9137
   1452.0742
   1460.0291
   1467.7831
   1475.3442
   1482.7194
   1489.9110
   1496.9213
   1503.7550
   1510.4215
   1516.9274
   1523.2744
   1529.4626
   1535.4946
   1541.3712
   1547.0922
   1552.6592
   1558.0730
   1563.3362
   1568.4503
   1573.4130
   1578.2247
   1582.8887
   1587.4039
   1591.7711
   1595.9894
   1600.0557
   1602.9244
   1605.5533
   1608.1392
   1610.6766
   1613.1613
   1615.5853
   1617.9404
   1620.2222
   1622.4305
   1624.5625
   1626.6140
   1628.5820
   1630.4637
   1632.2570
   1633.9594
   1635.5693
   1637.0863
   1638.5078
   1639.8322
   1641.0592
   1642.1881
   1643.2179
   1644.1481
   1644.9779
   1645.7072
   1646.3353
   1646.8622
   1647.2872
   1647.6105
   1647.8317
   1647.9509
# Travel time at depth = 100.00 km.
     -1.0000
     -1.0000
     -1.0000
     -1.0000
   1095.2399
   1114.9893
   1134.4243
   1153.5720
   1172.4374
   1191.0251
   1209.3411
   1227.3866
   1245.1615
   1262.6667
   1279.8998
   1296.8544
   1313.5325
   1329.9376
   1346.0634
   1361.9161
   1377.4884
   1392.3960
   1401.9819
   1411.3014
   1420.3678
   1429.1985
   1437.8024
   1446.1865
   1454.3582
   1462.3235
   1470.0874
   1477.6577
   1485.0415
   1492.2416
   1499.2598
   1506.1010
   1512.7743
   1519.2867
   1525.6401
   1531.8344
   1537.8722
   1543.7545
   1549.4808
   1555.0532
   1560.4722
   1565.7401
   1570.8591
   1575.8263
   1580.6425
   1585.3107
   1589.8301
   1594.2012
   1598.4232
   1602.4933
   1605.3890
   1608.0186
   1610.6051
   1613.1433
   1615.6288
   1618.0538
   1620.4099
   1622.6926
   1624.9021
   1627.0349
   1629.0875
   1631.0565
   1632.9392
   1634.7334
   1636.4368
   1638.0476
   1639.5654
   1640.9878
   1642.3129
   1643.5405
   1644.6702
   1645.7006
   1646.6312
   1647.4617
   1648.1913
   1648.8198
   1649.3470
   1649.7723
   1650.0958
   1650.3171
   1650.4365
# Travel time at depth = 120.00 km.
     -1.0000
     -1.0000
     -1.0000
     -1.0000
     -1.0000
   1115.6365
   1135.1996
   1154.4485
   1173.4014
   1192.0662
   1210.4515
   1228.5614
   1246.3961
   1263.9576
   1281.2444
   1298.2510
   1314.9771
   1331.4282
   1347.5985
   1363.4926
   1379.1072
   1394.4271
   1404.1820
   1413.5179
   1422.5991
   1431.4434
   1440.0601
   1448.4562
   1456.6389
   1464.6149
   1472.3888
   1479.9684
   1487.3610
   1494.5695
   1501.5957
   1508.4445
   1515.1248
   1521.6438
   1528.0035
   1534.2040
   1540.2477
   1546.1357
   1551.8677
   1557.4453
   1562.8695
   1568.1423
   1573.2660
   1578.2379
   1583.0585
   1587.7310
   1592.2545
   1596.6295
   1600.8556
   1604.9293
   1607.8524
   1610.4825
   1613.0697
   1615.6088
   1618.0950
   1620.5211
   1622.8782
   1625.1620
   1627.3723
   1629.5062
   1631.5598
   1633.5298
   1635.4136
   1637.2086
   1638.9130
   1640.5247
   1642.0433
   1643.4666
   1644.7925
   1646.0209
   1647.1510
   1648.1821
   1649.1134
   1649.9443
   1650.6743
   1651.3033
   1651.8308
   1652.2563
   1652.5800
   1652.8015
   1652.9209
# Travel time at depth = 150.00 km.
     -1.0000
     -1.0000
     -1.0000
     -1.0000
     -1.0000
     -1.0000
   1136.1349
   1155.5947
   1174.7084
   1193.5085
   1212.0115
   1230.2275
   1248.1604
   1265.8126
   1283.1853
   1300.2745
   1317.0775
   1333.6011
   1349.8418
   1365.8005
   1381.4805
   1396.8640
   1407.4545
   1416.8160
   1425.9199
   1434.7850
   1443.4213
   1451.8356
   1460.0356
   1468.0278
   1475.8170
   1483.4108
   1490.8168
   1498.0382
   1505.0769
   1511.9371
   1518.6281
   1525.1571
   1531.5266
   1537.7365
   1543.7892
   1549.6860
   1555.4264
   1561.0122
   1566.4442
   1571.7245
   1576.8555
   1581.8345
   1586.6619
   1591.3408
   1595.8707
   1600.2517
   1604.4838
   1608.5632
   1611.5277
   1614.1589
   1616.7472
   1619.2874
   1621.7749
   1624.2024
   1626.5610
   1628.8464
   1631.0582
   1633.1937
   1635.2488
   1637.2203
   1639.1056
   1640.9021
   1642.6079
   1644.2211
   1645.7410
   1647.1654
   1648.4926
   1649.7220
   1650.8533
   1651.8853
   1652.8174
   1653.6490
   1654.3798
   1655.0093
   1655.5372
   1655.9633
   1656.2871
   1656.5089
   1656.6284
# Travel time at depth = 200.00 km.
     -1.0000
     -1.0000
     -1.0000
     -1.0000
     -1.0000
     -1.0000
     -1.0000
     -1.0000
     -1.0000
   1195.3951
   1214.1798
   1232.6256
   1250.7599
   1268.5927
   1286.1312
   1303.3772
   1320.3267
   1336.9844
   1353.3550
   1369.4336
   1385.2294
   1400.7294
   1412.7977
   1422.2039
   1431.3478
   1440.2491
   1448.9193
   1457.3655
   1465.5953
   1473.6156
   1481.4314
   1489.0498
   1496.4790
   1503.7228
   1510.7828
   1517.6631
   1524.3724
   1530.9187
   1537.3051
   1543.5311
   1549.5994
   1555.5114
   1561.2664
   1566.8661
   1572.3116
   1577.6049
   1582.7482
   1587.7396
   1592.5785
   1597.2687
   1601.8094
   1606.2009
   1610.4431
   1614.5325
   1617.5685
   1620.2013
   1622.7915
   1625.3337
   1627.8234
   1630.2534
   1632.6146
   1634.9026
   1637.1171
   1639.2551
   1641.3130
   1643.2871
   1645.1749
   1646.9740
   1648.6823
   1650.2977
   1651.8198
   1653.2465
   1654.5756
   1655.8070
   1656.9399
   1657.9735
   1658.9071
   1659.7401
   1660.4720
   1661.1025
   1661.6313
   1662.0580
   1662.3824
   1662.6045
   1662.7242
# Travel time at depth = 250.00 km.
     -1.0000
     -1.0000
     -1.0000
     -1.0000
     -1.0000
     -1.0000
     -1.0000
     -1.0000
   1264.7855
   1276.1707
   1287.5508
   1234.3055
   1252.7820
   1270.8741
   1288.6312
   1306.0725
   1323.2024
   1340.0217
   1356.5421
   1372.7623
   1388.6870
   1404.3175
   1417.9917
   1427.4451
   1436.6317
   1445.5717
   1454.2777
   1462.7577
   1471.0189
   1479.0688
   1486.9127
   1494.5571
   1502.0106
   1509.2778
   1516.3602
   1523.2616
   1529.9902
   1536.5547
   1542.9585
   1549.2017
   1555.2861
   1561.2137
   1566.9840
   1572.5985
   1578.0582
   1583.3647
   1588.5211
   1593.5253
   1598.3765
   1603.0781
   1607.6302
   1612.0326
   1616.2854
   1620.3851
   1623.4958
   1626.1304
   1628.7224
   1631.2667
   1633.7587
   1636.1912
   1638.5553
   1640.8459
   1643.0631
   1645.2039
   1647.2644
   1649.2413
   1651.1318
   1652.9335
   1654.6443
   1656.2622
   1657.7866
   1659.2155
   1660.5468
   1661.7800
   1662.9149
   1663.9501
   1664.8853
   1665.7196
   1666.4526
   1667.0842
   1667.6139
   1668.0413
   1668.3662
   1668.5886
   1668.7086
# Travel time at depth = 300.00 km.
     -1.0000
     -1.0000
     -1.0000
     -1.0000
     -1.0000
     -1.0000
     -1.0000
     -1.0000
   1269.4307
   1280.8165
   1292.1982
   1303.5715
   1314.9318
   1326.2738
   1290.4530
   1308.1984
   1325.5763
   1342.6113
   1359.3176
   1375.7108
   1391.7899
   1407.5681
   1423.0146
   1432.5183
   1441.7512
   1450.7323
   1459.4766
   1467.9923
   1476.2870
   1484.3682
   1492.2418
   1499.9137
   1507.3929
   1514.6848
   1521.7909
   1528.7146
   1535.4636
   1542.0471
   1548.4694
   1554.7303
   1560.8318
   1566.7760
   1572.5623
   1578.1920
   1583.6665
   1588.9872
   1594.1571
   1599.1747
   1604.0387
   1608.7526
   1613.3165
   1617.7301
   1621.9940
   1626.1046
   1629.2936
   1631.9299
   1634.5239
   1637.0704
   1639.5646
   1641.9998
   1644.3667
   1646.6603
   1648.8802
   1651.0238
   1653.0872
   1655.0669
   1656.9602
   1658.7646
   1660.4780
   1662.0985
   1663.6255
   1665.0566
   1666.3900
   1667.6254
   1668.7621
   1669.7991
   1670.7357
   1671.5715
   1672.3059
   1672.9385
   1673.4690
   1673.8972
   1674.2227
   1674.4456
   1674.5657
# Travel time at depth = 350.00 km.
     -1.0000
     -1.0000
     -1.0000
     -1.0000
     -1.0000
     -1.0000
     -1.0000
     -1.0000
     -1.0000
   1285.2830
   1296.6661
   1308.0420
   1319.4060
   1330.7532
   1342.0774
   1353.3723
   1364.6343
   1344.6044
   1361.5875
   1378.2067
   1394.4872
   1410.4401
   1426.0750
   1437.4255
   1446.7083
   1455.7335
   1464.5184
   1473.0721
   1481.4023
   1489.5168
   1497.4220
   1505.1232
   1512.6296
   1519.9474
   1527.0784
   1534.0256
   1540.7963
   1547.3999
   1553.8414
   1560.1212
   1566.2405
   1572.2019
   1578.0051
   1583.6509
   1589.1410
   1594.4764
   1599.6605
   1604.6921
   1609.5695
   1614.2960
   1618.8724
   1623.2980
   1627.5734
   1631.6953
   1634.9663
   1637.6045
   1640.2006
   1642.7493
   1645.2458
   1647.6837
   1650.0537
   1652.3502
   1654.5730
   1656.7196
   1658.7859
   1660.7687
   1662.6648
   1664.4720
   1666.1882
   1667.8114
   1669.3408
   1670.7744
   1672.1101
   1673.3477
   1674.4862
   1675.5250
   1676.4634
   1677.3007
   1678.0363
   1678.6700
   1679.2015
   1679.6304
   1679.9565
   1680.1798
   1680.3000
# Travel time at depth = 400.00 km.
     -1.0000
     -1.0000
     -1.0000
     -1.0000
     -1.0000
     -1.0000
     -1.0000
     -1.0000
     -1.0000
   1289.5721
   1300.9564
   1312.3347
   1323.7024
   1335.0546
   1346.3857
   1357.6887
   1368.9602
   1380.1843
   1391.2009
   1380.0885
   1396.6713
   1412.8656
   1428.7102
   1442.1683
   1451.5050
   1460.5778
   1469.4061
   1478.0005
   1486.3685
   1494.5183
   1502.4567
   1510.1890
   1517.7244
   1525.0695
   1532.2268
   1539.1990
   1545.9924
   1552.6173
   1559.0790
   1565.3785
   1571.5166
   1577.4962
   1583.3170
   1588.9797
   1594.4861
   1599.8370
   1605.0360
   1610.0823
   1614.9736
   1619.7135
   1624.3029
   1628.7408
   1633.0283
   1637.1621
   1640.5192
   1643.1592
   1645.7573
   1648.3083
   1650.8075
   1653.2482
   1655.6212
   1657.9209
   1660.1467
   1662.2963
   1664.3657
   1666.3514
   1668.2507
   1670.0609
   1671.7800
   1673.4059
   1674.9379
   1676.3740
   1677.7122
   1678.9518
   1680.0925
   1681.1332
   1682.0732
   1682.9120
   1683.6490
   1684.2839
   1684.8164
   1685.2461
   1685.5729
   1685.7965
   1685.9170
# Travel time at depth = 500.00 km.
     -1.0000
     -1.0000
     -1.0000
     -1.0000
     -1.0000
     -1.0000
     -1.0000
     -1.0000
     -1.0000
     -1.0000
   1308.5597
   1319.9421
   1331.3170
   1342.6794
   1354.0244
   1365.3456
   1376.6367
   1387.8937
   1399.0614
   1409.9659
   1420.6116
   1430.9623
   1441.0133
   1450.7640
   1460.2274
   1469.4125
   1478.3419
   1487.0298
   1495.4849
   1503.7156
   1511.7300
   1519.5334
   1527.1344
   1534.5413
   1541.7579
   1548.7864
   1555.6318
   1562.3044
   1568.8114
   1575.1550
   1581.3352
   1587.3551
   1593.2152
   1598.9155
   1604.4581
   1609.8438
   1615.0756
   1620.1543
   1625.0770
   1629.8464
   1634.4645
   1638.9299
   1643.2440
   1647.4042
   1650.9520
   1653.5962
   1656.1990
   1658.7550
   1661.2595
   1663.7063
   1666.0861
   1668.3925
   1670.6249
   1672.7812
   1674.8574
   1676.8499
   1678.7557
   1680.5724
   1682.2979
   1683.9297
   1685.4675
   1686.9092
   1688.2524
   1689.4971
   1690.6422
   1691.6870
   1692.6309
   1693.4730
   1694.2130
   1694.8505
   1695.3851
   1695.8165
   1696.1447
   1696.3691
   1696.4902
# Travel time at depth = 600.00 km.
     -1.0000
     -1.0000
     -1.0000
     -1.0000
     -1.0000
     -1.0000
     -1.0000
     -1.0000
     -1.0000
     -1.0000
   1315.4636
   1326.8490
   1338.2299
   1349.6016
   1360.9594
   1372.2981
   1383.6107
   1394.8923
   1406.1350
   1417.2255
   1428.0400
   1438.5721
   1448.7964
   1458.7101
   1468.3213
   1477.6418
   1486.6893
   1495.4852
   1504.0405
   1512.3640
   1520.4645
   1528.3492
   1536.0247
   1543.5010
   1550.7839
   1557.8755
   1564.7799
   1571.5060
   1578.0632
   1584.4554
   1590.6825
   1596.7468
   1602.6503
   1608.3922
   1613.9747
   1619.3987
   1624.6666
   1629.7806
   1634.7380
   1639.5398
   1644.1892
   1648.6849
   1653.0281
   1657.2169
   1660.9747
   1663.6234
   1666.2310
   1668.7925
   1671.3027
   1673.7561
   1676.1431
   1678.4568
   1680.6964
   1682.8599
   1684.9434
   1686.9431
   1688.8561
   1690.6798
   1692.4120
   1694.0505
   1695.5945
   1697.0421
   1698.3911
   1699.6409
   1700.7910
   1701.8403
   1702.7882
   1703.6339
   1704.3772
   1705.0175
   1705.5544
   1705.9878
   1706.3173
   1706.5428
   1706.6643
# Travel time at depth = 700.00 km.
     -1.0000
     -1.0000
     -1.0000
     -1.0000
     -1.0000
     -1.0000
     -1.0000
     -1.0000
     -1.0000
     -1.0000
     -1.0000
   1332.7408
   1344.1260
   1355.5057
   1366.8760
   1378.2316
   1389.5671
   1400.8754
   1412.1521
   1423.3857
   1434.4199
   1445.1699
   1455.6119
   1465.7321
   1475.5295
   1485.0199
   1494.2158
   1503.1431
   1511.8188
   1520.2532
   1528.4561
   1536.4362
   1544.2000
   1551.7573
   1559.1168
   1566.2815
   1573.2544
   1580.0428
   1586.6578
   1593.1051
   1599.3855
   1605.5005
   1611.4528
   1617.2419
   1622.8695
   1628.3368
   1633.6458
   1638.7993
   1643.7957
   1648.6340
   1653.3185
   1657.8483
   1662.2239
   1666.4446
   1670.4390
   1673.0923
   1675.7052
   1678.2726
   1680.7892
   1683.2495
   1685.6444
   1687.9663
   1690.2137
   1692.3851
   1694.4766
   1696.4844
   1698.4053
   1700.2367
   1701.9764
   1703.6222
   1705.1730
   1706.6273
   1707.9825
   1709.2382
   1710.3936
   1711.4479
   1712.4003
   1713.2501
   1713.9968
   1714.6401
   1715.1798
   1715.6152
   1715.9463
   1716.1730
   1716.2950
# Distance-dependent modelling error(s)
   7	1
    0.00   16.00   18.00   98.00  112.00  114.00  180.00
#
   0.100
   5.000
   1.200
   1.200
   5.000
   1.200
   1.200
#@(#)        ak135.pS     2.1     06 Jun 1996
