# ak135 travel-time table for phase: S (All 1st S branches)
 14   Number of depth samples at the following depths (km):
    0.00   15.00   35.00   50.00   75.00  100.00  150.00  200.00  250.00  300.00
  400.00  500.00  600.00  700.00
181   Number of distance samples at the following distances (deg):
    0.00    1.00    2.00    3.00    4.00    5.00    6.00    7.00    8.00    9.00
   10.00   11.00   12.00   13.00   14.00   15.00   16.00   17.00   18.00   19.00
   20.00   21.00   22.00   23.00   24.00   25.00   26.00   27.00   28.00   29.00
   30.00   31.00   32.00   33.00   34.00   35.00   36.00   37.00   38.00   39.00
   40.00   41.00   42.00   43.00   44.00   45.00   46.00   47.00   48.00   49.00
   50.00   51.00   52.00   53.00   54.00   55.00   56.00   57.00   58.00   59.00
   60.00   61.00   62.00   63.00   64.00   65.00   66.00   67.00   68.00   69.00
   70.00   71.00   72.00   73.00   74.00   75.00   76.00   77.00   78.00   79.00
   80.00   81.00   82.00   83.00   84.00   85.00   86.00   87.00   88.00   89.00
   90.00   91.00   92.00   93.00   94.00   95.00   96.00   97.00   98.00   99.00
  100.00  101.00  102.00  103.00  104.00  105.00  106.00  107.00  108.00  109.00
  110.00  111.00  112.00  113.00  114.00  115.00  116.00  117.00  118.00  119.00
  120.00  121.00  122.00  123.00  124.00  125.00  126.00  127.00  128.00  129.00
  130.00  131.00  132.00  133.00  134.00  135.00  136.00  137.00  138.00  139.00
  140.00  141.00  142.00  143.00  144.00  145.00  146.00  147.00  148.00  149.00
  150.00  151.00  152.00  153.00  154.00  155.00  156.00  157.00  158.00  159.00
  160.00  161.00  162.00  163.00  164.00  165.00  166.00  167.00  168.00  169.00
  170.00  171.00  172.00  173.00  174.00  175.00  176.00  177.00  178.00  179.00
  180.00
# Travel time at depth =   0.00 km.
      0.0000
     32.1369
     60.7509
     85.4304
    110.1028
    134.7648
    159.4130
    184.0442
    208.6549
    233.2419
    257.8018
    282.3313
    306.8270
    331.2858
    355.7042
    380.0789
    404.4070
    428.6866
    452.9174
    477.0984
    499.7720
    519.6588
    539.2975
    557.8826
    574.1425
    590.2617
    606.1381
    621.9316
    637.6942
    653.4299
    669.1386
    684.8145
    700.4460
    716.0218
    731.5310
    746.9668
    762.3249
    777.6033
    792.7990
    807.9084
    822.9281
    837.8554
    852.6882
    867.4244
    882.0625
    896.6008
    911.0380
    925.3719
    939.6003
    953.7213
    967.7341
    981.6389
    995.4338
   1009.1183
   1022.6975
   1036.1718
   1049.5377
   1062.7927
   1075.9354
   1088.9662
   1101.8867
   1114.6963
   1127.3936
   1139.9773
   1152.4470
   1164.8035
   1177.0468
   1189.1769
   1201.1931
   1213.0948
   1224.8818
   1236.5540
   1248.1102
   1259.5488
   1270.8677
   1282.0667
   1293.1477
   1304.1112
   1314.9547
   1325.6768
   1336.2810
   1346.7670
   1357.1287
   1367.3623
   1376.6608
   1383.0890
   1389.3995
   1395.5930
   1401.6743
   1407.6497
   1413.5225
   1419.2950
   1424.9695
   1430.5476
   1436.0319
   1441.4238
   1446.7255
   1451.9379
   1457.0629
   1462.1033
   1467.0612
   1471.9375
   1476.7328
   1481.4475
   1486.0828
   1490.6403
   1495.1230
   1499.5337
   1503.8734
   1508.1429
   1512.3420
   1516.4707
   1520.5300
   1524.5208
   1528.4425
   1532.2952
   1536.0792
   1539.7953
   1543.4434
   1547.0239
   1550.5380
   1553.9861
   1557.3679
   1560.6824
   1563.9296
   1567.1108
   1570.2267
   1573.2769
   1576.2610
   1579.1796
   1582.0327
   1584.8191
   1587.5378
   1589.8744
   1591.6471
   1593.4027
   1595.1399
   1596.8569
   1598.5525
   1600.2252
   1601.8734
   1603.4946
   1605.0861
   1606.6458
   1608.1726
   1609.6672
   1611.1289
   1612.5565
   1613.9491
   1615.3053
   1616.6244
   1617.9056
   1619.1481
   1620.3512
   1621.5144
   1622.6370
   1623.7185
   1624.7589
   1625.7578
   1626.7144
   1627.6278
   1628.4980
   1629.3252
   1630.1090
   1630.8491
   1631.5453
   1632.1973
   1632.8051
   1633.3683
   1633.8870
   1634.3608
   1634.7899
   1635.1742
   1635.5134
   1635.8075
   1636.0564
   1636.2601
   1636.4186
   1636.5319
   1636.5999
   1636.6226
# Travel time at depth =  15.00 km.
      4.3353
     31.9775
     57.9791
     82.6577
    107.3286
    131.9886
    156.6343
    181.2624
    205.8695
    230.4523
    255.0076
    279.5319
    304.0219
    328.4745
    352.8863
    377.2538
    401.5744
    425.8464
    450.0695
    474.2426
    496.3794
    516.2420
    535.8524
    554.1495
    570.3989
    586.5042
    602.3652
    618.1559
    633.9164
    649.6501
    665.3567
    681.0297
    696.6573
    712.2285
    727.7325
    743.1626
    758.5149
    773.7874
    788.9770
    804.0800
    819.0931
    834.0139
    848.8398
    863.5693
    878.2006
    892.7320
    907.1622
    921.4891
    935.7103
    949.8242
    963.8300
    977.7277
    991.5154
   1005.1931
   1018.7657
   1032.2334
   1045.5925
   1058.8407
   1071.9766
   1085.0007
   1097.9147
   1110.7177
   1123.4083
   1135.9856
   1148.4489
   1160.7988
   1173.0359
   1185.1598
   1197.1698
   1209.0653
   1220.8461
   1232.5123
   1244.0625
   1255.4950
   1266.8076
   1278.0006
   1289.0758
   1300.0336
   1310.8712
   1321.5875
   1332.1862
   1342.6666
   1353.0223
   1363.2502
   1372.4148
   1378.8398
   1385.1472
   1391.3375
   1397.4161
   1403.3888
   1409.2590
   1415.0292
   1420.7013
   1426.2772
   1431.7592
   1437.1492
   1442.4487
   1447.6591
   1452.7822
   1457.8208
   1462.7770
   1467.6517
   1472.4453
   1477.1584
   1481.7921
   1486.3481
   1490.8296
   1495.2388
   1499.5773
   1503.8456
   1508.0433
   1512.1708
   1516.2290
   1520.2185
   1524.1390
   1527.9906
   1531.7736
   1535.4885
   1539.1356
   1542.7152
   1546.2281
   1549.6754
   1553.0563
   1556.3698
   1559.6161
   1562.7964
   1565.9115
   1568.9607
   1571.9441
   1574.8618
   1577.7141
   1580.4998
   1583.2178
   1585.5458
   1587.3184
   1589.0739
   1590.8108
   1592.5278
   1594.2231
   1595.8956
   1597.5437
   1599.1648
   1600.7560
   1602.3154
   1603.8422
   1605.3365
   1606.7980
   1608.2255
   1609.6177
   1610.9738
   1612.2926
   1613.5736
   1614.8159
   1616.0188
   1617.1819
   1618.3043
   1619.3856
   1620.4258
   1621.4244
   1622.3809
   1623.2942
   1624.1643
   1624.9913
   1625.7749
   1626.5149
   1627.2109
   1627.8628
   1628.4705
   1629.0336
   1629.5521
   1630.0260
   1630.4550
   1630.8391
   1631.1782
   1631.4723
   1631.7212
   1631.9248
   1632.0834
   1632.1965
   1632.2645
   1632.2872
# Travel time at depth =  35.00 km.
      9.6763
     30.3757
     55.0577
     79.7344
    104.4026
    129.0590
    153.7001
    178.3227
    202.9234
    227.4989
    252.0459
    276.5612
    301.0413
    325.4832
    349.8833
    374.2384
    398.5462
    422.8052
    447.0154
    471.1748
    492.4436
    512.2676
    531.8337
    549.6966
    565.9303
    582.0125
    597.8535
    613.6404
    629.3977
    645.1284
    660.8316
    676.5001
    692.1219
    707.6860
    723.1820
    738.6036
    753.9473
    769.2109
    784.3912
    799.4847
    814.4882
    829.3989
    844.2149
    858.9342
    873.5552
    888.0764
    902.4963
    916.8126
    931.0233
    945.1265
    959.1218
    973.0090
    986.7861
   1000.4537
   1014.0166
   1027.4744
   1040.8234
   1054.0614
   1067.1871
   1080.2015
   1093.1058
   1105.8990
   1118.5801
   1131.1476
   1143.6013
   1155.9419
   1168.1697
   1180.2843
   1192.2852
   1204.1715
   1215.9434
   1227.6006
   1239.1417
   1250.5653
   1261.8689
   1273.0531
   1284.1198
   1295.0690
   1305.8978
   1316.6058
   1327.1964
   1337.6685
   1348.0155
   1358.2350
   1367.2040
   1373.6243
   1379.9269
   1386.1128
   1392.1873
   1398.1560
   1404.0226
   1409.7892
   1415.4578
   1421.0304
   1426.5093
   1431.8961
   1437.1927
   1442.4003
   1447.5206
   1452.5566
   1457.5103
   1462.3826
   1467.1738
   1471.8846
   1476.5160
   1481.0699
   1485.5493
   1489.9565
   1494.2932
   1498.5596
   1502.7556
   1506.8812
   1510.9376
   1514.9254
   1518.8445
   1522.6943
   1526.4757
   1530.1891
   1533.8347
   1537.4127
   1540.9243
   1544.3701
   1547.7496
   1551.0618
   1554.3066
   1557.4857
   1560.5995
   1563.6476
   1566.6298
   1569.5463
   1572.3975
   1575.1819
   1577.8988
   1580.2144
   1581.9868
   1583.7422
   1585.4789
   1587.1957
   1588.8909
   1590.5631
   1592.2109
   1593.8317
   1595.4226
   1596.9817
   1598.5081
   1600.0022
   1601.4634
   1602.8905
   1604.2825
   1605.6382
   1606.9568
   1608.2374
   1609.4795
   1610.6821
   1611.8447
   1612.9669
   1614.0480
   1615.0879
   1616.0864
   1617.0425
   1617.9556
   1618.8254
   1619.6522
   1620.4357
   1621.1754
   1621.8712
   1622.5229
   1623.1305
   1623.6935
   1624.2118
   1624.6855
   1625.1145
   1625.4985
   1625.8375
   1626.1315
   1626.3802
   1626.5839
   1626.7423
   1626.8556
   1626.9236
   1626.9462
# Travel time at depth =  50.00 km.
     13.0234
     30.7437
     55.1432
     79.7238
    104.3279
    128.9314
    153.5248
    178.1022
    202.6595
    227.1928
    251.6983
    276.1727
    300.6125
    325.0143
    349.3745
    373.6907
    397.9609
    422.1845
    446.3603
    470.4710
    490.4726
    510.2527
    529.7693
    547.1852
    563.4033
    579.4587
    595.2851
    611.0682
    626.8224
    642.5503
    658.2500
    673.9139
    689.5299
    705.0869
    720.5750
    735.9882
    751.3233
    766.5782
    781.7495
    796.8337
    811.8276
    826.7286
    841.5349
    856.2443
    870.8553
    885.3666
    899.7765
    914.0826
    928.2831
    942.3761
    956.3613
    970.2385
    984.0054
    997.6633
   1011.2170
   1024.6653
   1038.0046
   1051.2330
   1064.3491
   1077.3542
   1090.2493
   1103.0334
   1115.7052
   1128.2635
   1140.7083
   1153.0399
   1165.2589
   1177.3649
   1189.3571
   1201.2349
   1212.9983
   1224.6471
   1236.1799
   1247.5950
   1258.8903
   1270.0663
   1281.1250
   1292.0662
   1302.8870
   1313.5872
   1324.1702
   1334.6345
   1344.9735
   1355.1852
   1363.9746
   1370.3905
   1376.6890
   1382.8708
   1388.9417
   1394.9069
   1400.7700
   1406.5334
   1412.1990
   1417.7686
   1423.2445
   1428.6287
   1433.9226
   1439.1276
   1444.2454
   1449.2791
   1454.2305
   1459.1005
   1463.8895
   1468.5983
   1473.2277
   1477.7795
   1482.2571
   1486.6626
   1490.9976
   1495.2622
   1499.4565
   1503.5807
   1507.6355
   1511.6218
   1515.5392
   1519.3877
   1523.1676
   1526.8796
   1530.5238
   1534.1005
   1537.6107
   1541.0554
   1544.4336
   1547.7445
   1550.9882
   1554.1661
   1557.2788
   1560.3257
   1563.3068
   1566.2223
   1569.0724
   1571.8557
   1574.5717
   1576.8761
   1578.6484
   1580.4036
   1582.1401
   1583.8567
   1585.5516
   1587.2236
   1588.8712
   1590.4918
   1592.0824
   1593.6412
   1595.1674
   1596.6611
   1598.1221
   1599.5490
   1600.9407
   1602.2961
   1603.6144
   1604.8948
   1606.1366
   1607.3389
   1608.5013
   1609.6233
   1610.7041
   1611.7438
   1612.7419
   1613.6979
   1614.6107
   1615.4805
   1616.3070
   1617.0902
   1617.8298
   1618.5255
   1619.1770
   1619.7844
   1620.3473
   1620.8655
   1621.3391
   1621.7679
   1622.1519
   1622.4908
   1622.7847
   1623.0334
   1623.2369
   1623.3954
   1623.5085
   1623.5765
   1623.5992
# Travel time at depth =  75.00 km.
     18.5956
     32.7038
     55.9077
     80.0954
    104.4860
    128.9396
    153.4135
    177.8884
    202.3531
    226.8004
    251.2246
    275.6208
    299.9847
    324.3129
    348.6022
    372.8507
    397.0571
    421.2188
    445.3321
    467.2636
    487.2000
    506.9037
    526.3359
    543.0136
    559.2052
    575.2059
    591.0206
    606.7978
    622.5469
    638.2697
    653.9634
    669.6192
    685.2251
    700.7698
    716.2446
    731.6436
    746.9644
    762.2045
    777.3605
    792.4290
    807.4067
    822.2916
    837.0813
    851.7742
    866.3685
    880.8631
    895.2560
    909.5452
    923.7285
    937.8043
    951.7726
    965.6328
    979.3827
    993.0246
   1006.5626
   1019.9949
   1033.3181
   1046.5303
   1059.6304
   1072.6198
   1085.4994
   1098.2681
   1110.9244
   1123.4674
   1135.8970
   1148.2139
   1160.4182
   1172.5095
   1184.4872
   1196.3507
   1208.1000
   1219.7346
   1231.2534
   1242.6543
   1253.9354
   1265.0977
   1276.1431
   1287.0708
   1297.8781
   1308.5652
   1319.1356
   1329.5869
   1339.9125
   1350.1111
   1358.5995
   1365.0082
   1371.2996
   1377.4747
   1383.5392
   1389.4987
   1395.3562
   1401.1141
   1406.7744
   1412.3391
   1417.8102
   1423.1897
   1428.4791
   1433.6797
   1438.7935
   1443.8232
   1448.7708
   1453.6371
   1458.4225
   1463.1277
   1467.7535
   1472.3022
   1476.7767
   1481.1793
   1485.5114
   1489.7733
   1493.9648
   1498.0862
   1502.1384
   1506.1222
   1510.0371
   1513.8831
   1517.6605
   1521.3702
   1525.0121
   1528.5865
   1532.0947
   1535.5371
   1538.9132
   1542.2220
   1545.4637
   1548.6398
   1551.7505
   1554.7955
   1557.7748
   1560.6886
   1563.5369
   1566.3186
   1569.0327
   1571.3185
   1573.0906
   1574.8453
   1576.5817
   1578.2979
   1579.9924
   1581.6642
   1583.3113
   1584.9314
   1586.5216
   1588.0800
   1589.6056
   1591.0990
   1592.5594
   1593.9858
   1595.3771
   1596.7321
   1598.0499
   1599.3300
   1600.5712
   1601.7731
   1602.9351
   1604.0566
   1605.1370
   1606.1763
   1607.1742
   1608.1296
   1609.0421
   1609.9115
   1610.7377
   1611.5206
   1612.2599
   1612.9553
   1613.6066
   1614.2136
   1614.7762
   1615.2943
   1615.7677
   1616.1964
   1616.5802
   1616.9189
   1617.2128
   1617.4613
   1617.6649
   1617.8231
   1617.9363
   1618.0043
   1618.0269
# Travel time at depth = 100.00 km.
     24.1606
     35.7377
     57.3807
     80.9383
    104.9905
    129.2214
    153.5280
    177.8662
    202.2132
    226.5552
    250.8825
    275.1884
    299.4674
    323.7159
    347.9306
    372.1083
    396.2454
    420.3382
    444.0065
    464.0748
    483.9416
    503.5654
    522.5627
    538.8594
    555.0231
    570.9707
    586.7764
    602.5479
    618.2919
    634.0095
    649.6969
    665.3439
    680.9392
    696.4713
    711.9323
    727.3170
    742.6232
    757.8483
    772.9887
    788.0412
    803.0027
    817.8710
    832.6440
    847.3201
    861.8977
    876.3754
    890.7512
    905.0231
    919.1890
    933.2475
    947.1988
    961.0417
    974.7746
    988.4004
   1001.9226
   1015.3387
   1028.6456
   1041.8413
   1054.9253
   1067.8990
   1080.7631
   1093.5161
   1106.1569
   1118.6843
   1131.0988
   1143.4006
   1155.5902
   1167.6669
   1179.6299
   1191.4789
   1203.2139
   1214.8344
   1226.3389
   1237.7253
   1248.9923
   1260.1409
   1271.1727
   1282.0869
   1292.8806
   1303.5547
   1314.1123
   1324.5503
   1334.8623
   1345.0477
   1353.2332
   1359.6346
   1365.9188
   1372.0872
   1378.1454
   1384.0989
   1389.9508
   1395.7034
   1401.3584
   1406.9180
   1412.3843
   1417.7590
   1423.0441
   1428.2402
   1433.3499
   1438.3756
   1443.3192
   1448.1819
   1452.9636
   1457.6652
   1462.2876
   1466.8330
   1471.3044
   1475.7041
   1480.0332
   1484.2922
   1488.4811
   1492.5997
   1496.6493
   1500.6305
   1504.5428
   1508.3862
   1512.1614
   1515.8687
   1519.5082
   1523.0803
   1526.5863
   1530.0267
   1533.4006
   1536.7074
   1539.9470
   1543.1211
   1546.2299
   1549.2731
   1552.2505
   1555.1625
   1558.0090
   1560.7889
   1563.5013
   1565.7683
   1567.5400
   1569.2947
   1571.0306
   1572.7465
   1574.4408
   1576.1121
   1577.7588
   1579.3784
   1580.9683
   1582.5260
   1584.0513
   1585.5442
   1587.0042
   1588.4302
   1589.8209
   1591.1754
   1592.4929
   1593.7723
   1595.0132
   1596.2146
   1597.3762
   1598.4973
   1599.5773
   1600.6161
   1601.6136
   1602.5687
   1603.4808
   1604.3499
   1605.1758
   1605.9584
   1606.6974
   1607.3925
   1608.0435
   1608.6503
   1609.2126
   1609.7305
   1610.2037
   1610.6322
   1611.0157
   1611.3545
   1611.6481
   1611.8966
   1612.1000
   1612.2583
   1612.3713
   1612.4392
   1612.4619
# Travel time at depth = 150.00 km.
     35.2697
     43.6127
     62.0490
     83.9191
    106.9992
    130.5902
    154.4292
    178.3996
    202.4412
    226.5195
    250.6132
    274.7076
    298.7922
    322.8587
    346.9005
    370.9120
    394.8212
    417.6608
    437.8068
    457.7458
    477.4609
    496.9164
    514.3607
    530.6027
    546.7007
    562.5582
    578.3488
    594.1091
    609.8429
    625.5495
    641.2227
    656.8510
    672.4232
    687.9288
    703.3613
    718.7167
    733.9930
    749.1873
    764.2958
    779.3157
    794.2440
    809.0786
    823.8178
    838.4597
    853.0031
    867.4462
    881.7873
    896.0240
    910.1546
    924.1782
    938.0948
    951.9029
    965.6014
    979.1949
    992.6849
   1006.0681
   1019.3418
   1032.5043
   1045.5557
   1058.4977
   1071.3301
   1084.0514
   1096.6605
   1109.1567
   1121.5404
   1133.8120
   1145.9716
   1158.0184
   1169.9519
   1181.7716
   1193.4778
   1205.0693
   1216.5449
   1227.9025
   1239.1407
   1250.2615
   1261.2661
   1272.1527
   1282.9188
   1293.5665
   1304.0983
   1314.5093
   1324.7938
   1334.9528
   1342.5256
   1348.9122
   1355.1821
   1361.3369
   1367.3824
   1373.3241
   1379.1646
   1384.9060
   1390.5504
   1396.0999
   1401.5564
   1406.9218
   1412.1976
   1417.3850
   1422.4862
   1427.5039
   1432.4398
   1437.2948
   1442.0691
   1446.7634
   1451.3790
   1455.9178
   1460.3829
   1464.7766
   1469.0999
   1473.3531
   1477.5363
   1481.6494
   1485.6937
   1489.6697
   1493.5768
   1497.4153
   1501.1854
   1504.8879
   1508.5227
   1512.0903
   1515.5919
   1519.0280
   1522.3976
   1525.7001
   1528.9357
   1532.1057
   1535.2107
   1538.2500
   1541.2236
   1544.1321
   1546.9751
   1549.7513
   1552.4604
   1554.6893
   1556.4604
   1558.2145
   1559.9497
   1561.6649
   1563.3585
   1565.0291
   1566.6750
   1568.2938
   1569.8826
   1571.4395
   1572.9637
   1574.4557
   1575.9148
   1577.3398
   1578.7296
   1580.0833
   1581.3998
   1582.6783
   1583.9182
   1585.1188
   1586.2794
   1587.3997
   1588.4788
   1589.5168
   1590.5135
   1591.4679
   1592.3793
   1593.2476
   1594.0728
   1594.8547
   1595.5931
   1596.2876
   1596.9381
   1597.5444
   1598.1063
   1598.6238
   1599.0966
   1599.5247
   1599.9080
   1600.2463
   1600.5397
   1600.7880
   1600.9912
   1601.1494
   1601.2623
   1601.3302
   1601.3528
# Travel time at depth = 200.00 km.
     46.3537
     52.7770
     68.4295
     88.3912
    110.2384
    132.9846
    156.2036
    179.6914
    203.3391
    227.0831
    250.8853
    274.7195
    298.5670
    322.3565
    345.6602
    368.6641
    391.3645
    411.6771
    431.6757
    451.4675
    471.0171
    489.9073
    506.2244
    522.4109
    538.4078
    554.2228
    570.0002
    585.7497
    601.4728
    617.1672
    632.8239
    648.4313
    663.9783
    679.4561
    694.8589
    710.1841
    725.4296
    740.5920
    755.6677
    770.6539
    785.5481
    800.3483
    815.0527
    829.6598
    844.1682
    858.5760
    872.8815
    887.0823
    901.1769
    915.1651
    929.0463
    942.8186
    956.4829
    970.0438
    983.5007
    996.8501
   1010.0898
   1023.2186
   1036.2372
   1049.1469
   1061.9470
   1074.6361
   1087.2130
   1099.6775
   1112.0300
   1124.2709
   1136.3999
   1148.4165
   1160.3198
   1172.1099
   1183.7866
   1195.3489
   1206.7950
   1218.1229
   1229.3323
   1240.4249
   1251.4017
   1262.2601
   1272.9985
   1283.6198
   1294.1248
   1304.5081
   1314.7649
   1324.8971
   1331.8488
   1338.2206
   1344.4758
   1350.6168
   1356.6498
   1362.5792
   1368.4081
   1374.1385
   1379.7722
   1385.3113
   1390.7579
   1396.1138
   1401.3802
   1406.5587
   1411.6514
   1416.6610
   1421.5890
   1426.4363
   1431.2031
   1435.8901
   1440.4985
   1445.0306
   1449.4895
   1453.8771
   1458.1945
   1462.4419
   1466.6193
   1470.7268
   1474.7657
   1478.7363
   1482.6383
   1486.4716
   1490.2367
   1493.9343
   1497.5643
   1501.1273
   1504.6244
   1508.0560
   1511.4214
   1514.7195
   1517.9509
   1521.1169
   1524.2180
   1527.2534
   1530.2233
   1533.1281
   1535.9674
   1538.7400
   1541.4456
   1543.6359
   1545.4065
   1547.1598
   1548.8945
   1550.6090
   1552.3019
   1553.9716
   1555.6168
   1557.2346
   1558.8225
   1560.3784
   1561.9017
   1563.3928
   1564.8510
   1566.2750
   1567.6638
   1569.0165
   1570.3320
   1571.6096
   1572.8485
   1574.0482
   1575.2080
   1576.3273
   1577.4056
   1578.4429
   1579.4387
   1580.3922
   1581.3029
   1582.1705
   1582.9950
   1583.7764
   1584.5140
   1585.2080
   1585.8579
   1586.4637
   1587.0251
   1587.5421
   1588.0145
   1588.4423
   1588.8252
   1589.1633
   1589.4564
   1589.7045
   1589.9076
   1590.0656
   1590.1785
   1590.2462
   1590.2688
# Travel time at depth = 250.00 km.
     57.3448
     62.5159
     75.8941
     93.9462
    114.3990
    136.1169
    158.5405
    181.3762
    204.4550
    227.6688
    250.9309
    274.1637
    297.2966
    320.2701
    343.0396
    365.5767
    385.8299
    405.8739
    425.7257
    445.3513
    464.7213
    481.9897
    498.2485
    514.3716
    530.2618
    546.0587
    561.8239
    577.5624
    593.2742
    608.9543
    624.5920
    640.1760
    655.6955
    671.1436
    686.5155
    701.8094
    717.0226
    732.1515
    747.1930
    762.1443
    777.0032
    791.7677
    806.4362
    821.0073
    835.4794
    849.8509
    864.1194
    878.2833
    892.3410
    906.2927
    920.1373
    933.8730
    947.5028
    961.0301
    974.4526
    987.7673
   1000.9721
   1014.0663
   1027.0514
   1039.9280
   1052.6948
   1065.3508
   1077.8948
   1090.3268
   1102.6475
   1114.8568
   1126.9546
   1138.9401
   1150.8126
   1162.5724
   1174.2189
   1185.7510
   1197.1667
   1208.4644
   1219.6443
   1230.7084
   1241.6565
   1252.4860
   1263.1960
   1273.7903
   1284.2678
   1294.6223
   1304.8510
   1314.7997
   1321.2733
   1327.6298
   1333.8702
   1339.9973
   1346.0173
   1351.9346
   1357.7516
   1363.4706
   1369.0934
   1374.6219
   1380.0585
   1385.4045
   1390.6616
   1395.8309
   1400.9150
   1405.9163
   1410.8363
   1415.6757
   1420.4347
   1425.1143
   1429.7156
   1434.2408
   1438.6932
   1443.0746
   1447.3859
   1451.6274
   1455.7988
   1459.9008
   1463.9341
   1467.8993
   1471.7958
   1475.6238
   1479.3839
   1483.0765
   1486.7017
   1490.2600
   1493.7524
   1497.1796
   1500.5404
   1503.8341
   1507.0613
   1510.2233
   1513.3202
   1516.3517
   1519.3177
   1522.2186
   1525.0543
   1527.8232
   1530.5253
   1532.6761
   1534.4462
   1536.1989
   1537.9329
   1539.6467
   1541.3387
   1543.0077
   1544.6520
   1546.2689
   1547.8558
   1549.4108
   1550.9331
   1552.4232
   1553.8804
   1555.3035
   1556.6913
   1558.0430
   1559.3575
   1560.6342
   1561.8722
   1563.0709
   1564.2297
   1565.3481
   1566.4255
   1567.4619
   1568.4570
   1569.4098
   1570.3196
   1571.1865
   1572.0104
   1572.7909
   1573.5281
   1574.2214
   1574.8707
   1575.4760
   1576.0370
   1576.5535
   1577.0254
   1577.4528
   1577.8354
   1578.1732
   1578.4661
   1578.7139
   1578.9167
   1579.0746
   1579.1874
   1579.2551
   1579.2777
# Travel time at depth = 300.00 km.
     68.1325
     72.4232
     83.9592
    100.2064
    119.1880
    139.7379
    161.2108
    183.2397
    205.6029
    228.1549
    250.7899
    273.4253
    295.9946
    318.4462
    340.3004
    360.5162
    380.5863
    400.4761
    420.1535
    439.5901
    458.0636
    474.3909
    490.5895
    506.6176
    522.4398
    538.2214
    553.9745
    569.7014
    585.4003
    601.0633
    616.6788
    632.2361
    647.7256
    663.1415
    678.4808
    693.7413
    708.9200
    724.0134
    739.0186
    753.9330
    768.7546
    783.4816
    798.1124
    812.6456
    827.0797
    841.4128
    855.6426
    869.7676
    883.7869
    897.7004
    911.5067
    925.2047
    938.7990
    952.2910
    965.6773
    978.9556
    992.1240
   1005.1825
   1018.1328
   1030.9747
   1043.7069
   1056.3284
   1068.8381
   1081.2365
   1093.5239
   1105.7004
   1117.7657
   1129.7189
   1141.5596
   1153.2877
   1164.9028
   1176.4034
   1187.7877
   1199.0540
   1210.2035
   1221.2378
   1232.1561
   1242.9554
   1253.6366
   1264.2029
   1274.6514
   1284.9761
   1295.1758
   1304.4569
   1310.9142
   1317.2551
   1323.4802
   1329.5930
   1335.5997
   1341.5043
   1347.3093
   1353.0166
   1358.6281
   1364.1459
   1369.5719
   1374.9080
   1380.1553
   1385.3152
   1390.3904
   1395.3831
   1400.2947
   1405.1260
   1409.8771
   1414.5490
   1419.1427
   1423.6610
   1428.1068
   1432.4817
   1436.7867
   1441.0221
   1445.1875
   1449.2836
   1453.3112
   1457.2706
   1461.1616
   1464.9843
   1468.7391
   1472.4265
   1476.0466
   1479.6000
   1483.0879
   1486.5103
   1489.8665
   1493.1555
   1496.3783
   1499.5361
   1502.6289
   1505.6562
   1508.6183
   1511.5154
   1514.3472
   1517.1123
   1519.8105
   1521.9208
   1523.6902
   1525.4423
   1527.1757
   1528.8887
   1530.5800
   1532.2480
   1533.8916
   1535.5076
   1537.0934
   1538.6472
   1540.1686
   1541.6577
   1543.1139
   1544.5359
   1545.9229
   1547.2734
   1548.5870
   1549.8627
   1551.0996
   1552.2974
   1553.4553
   1554.5728
   1555.6493
   1556.6848
   1557.6790
   1558.6309
   1559.5399
   1560.4060
   1561.2291
   1562.0092
   1562.7456
   1563.4382
   1564.0870
   1564.6918
   1565.2522
   1565.7682
   1566.2397
   1566.6667
   1567.0490
   1567.3865
   1567.6791
   1567.9268
   1568.1294
   1568.2871
   1568.3998
   1568.4674
   1568.4900
# Travel time at depth = 400.00 km.
     89.1191
     92.2658
    101.1060
    114.2884
    130.4573
    148.5917
    168.0078
    188.2611
    209.0591
    230.2031
    250.8450
    271.2262
    291.5257
    311.7161
    331.7693
    351.6581
    371.3568
    390.8418
    410.0927
    427.6365
    443.9575
    460.1521
    476.1790
    492.0023
    507.7846
    523.5385
    539.2662
    554.9661
    570.6308
    586.2487
    601.8091
    617.3029
    632.7240
    648.0692
    663.3366
    678.5233
    693.6258
    708.6412
    723.5670
    738.4011
    753.1419
    767.7876
    782.3369
    796.7883
    811.1401
    825.3901
    839.5365
    853.5784
    867.5156
    881.3470
    895.0712
    908.6912
    922.2101
    935.6253
    948.9340
    962.1342
    975.2252
    988.2086
   1001.0848
   1013.8527
   1026.5111
   1039.0590
   1051.4961
   1063.8234
   1076.0405
   1088.1476
   1100.1438
   1112.0283
   1123.8014
   1135.4626
   1147.0110
   1158.4447
   1169.7618
   1180.9623
   1192.0480
   1203.0193
   1213.8738
   1224.6100
   1235.2308
   1245.7371
   1256.1234
   1266.3853
   1276.5240
   1284.4026
   1290.8259
   1297.1339
   1303.3271
   1309.4104
   1315.3894
   1321.2676
   1327.0471
   1332.7299
   1338.3177
   1343.8130
   1349.2172
   1354.5322
   1359.7590
   1364.8994
   1369.9558
   1374.9305
   1379.8248
   1384.6389
   1389.3734
   1394.0291
   1398.6074
   1403.1111
   1407.5428
   1411.9043
   1416.1963
   1420.4187
   1424.5713
   1428.6550
   1432.6707
   1436.6183
   1440.4977
   1444.3088
   1448.0526
   1451.7292
   1455.3387
   1458.8818
   1462.3597
   1465.7725
   1469.1188
   1472.3983
   1475.6119
   1478.7609
   1481.8448
   1484.8636
   1487.8173
   1490.7062
   1493.5299
   1496.2869
   1498.9775
   1501.0024
   1502.7706
   1504.5214
   1506.2532
   1507.9647
   1509.6543
   1511.3208
   1512.9624
   1514.5763
   1516.1600
   1517.7117
   1519.2310
   1520.7180
   1522.1720
   1523.5919
   1524.9767
   1526.3252
   1527.6366
   1528.9102
   1530.1450
   1531.3407
   1532.4967
   1533.6122
   1534.6868
   1535.7205
   1536.7129
   1537.6631
   1538.5704
   1539.4349
   1540.2565
   1541.0349
   1541.7700
   1542.4614
   1543.1090
   1543.7125
   1544.2719
   1544.7870
   1545.2576
   1545.6837
   1546.0653
   1546.4021
   1546.6941
   1546.9413
   1547.1436
   1547.3009
   1547.4135
   1547.4810
   1547.5035
# Travel time at depth = 500.00 km.
    108.5685
    110.9907
    117.9399
    128.6538
    142.2367
    157.8887
    174.9851
    193.0628
    211.7824
    230.8965
    250.2275
    269.6518
    289.0854
    308.4683
    327.7552
    346.9109
    365.9063
    383.5973
    399.9998
    416.2767
    432.4296
    448.3852
    464.1958
    479.9711
    495.7190
    511.4409
    527.1340
    542.7898
    558.3972
    573.9457
    589.4272
    604.8362
    620.1701
    635.4270
    650.6038
    665.6973
    680.7047
    695.6235
    710.4520
    725.1882
    739.8308
    754.3782
    768.8293
    783.1821
    797.4345
    811.5848
    825.6321
    839.5761
    853.4160
    867.1499
    880.7806
    894.3113
    907.7401
    921.0639
    934.2808
    947.3899
    960.3922
    973.2887
    986.0784
    998.7600
   1011.3325
   1023.7955
   1036.1495
   1048.3949
   1060.5312
   1072.5581
   1084.4746
   1096.2808
   1107.9763
   1119.5605
   1131.0319
   1142.3884
   1153.6290
   1164.7552
   1175.7686
   1186.6671
   1197.4486
   1208.1144
   1218.6672
   1229.1036
   1239.4178
   1249.6093
   1259.4851
   1265.9867
   1272.3726
   1278.6438
   1284.8021
   1290.8530
   1296.8015
   1302.6503
   1308.4017
   1314.0574
   1319.6191
   1325.0892
   1330.4694
   1335.7610
   1340.9651
   1346.0837
   1351.1196
   1356.0745
   1360.9492
   1365.7444
   1370.4603
   1375.0981
   1379.6593
   1384.1469
   1388.5632
   1392.9097
   1397.1870
   1401.3949
   1405.5334
   1409.6034
   1413.6057
   1417.5402
   1421.4065
   1425.2051
   1428.9366
   1432.6012
   1436.1989
   1439.7307
   1443.1976
   1446.5992
   1449.9348
   1453.2037
   1456.4071
   1459.5460
   1462.6204
   1465.6295
   1468.5739
   1471.4537
   1474.2683
   1477.0165
   1479.6985
   1481.6293
   1483.3959
   1485.1450
   1486.8752
   1488.5851
   1490.2728
   1491.9374
   1493.5769
   1495.1886
   1496.7699
   1498.3191
   1499.8359
   1501.3207
   1502.7723
   1504.1899
   1505.5723
   1506.9183
   1508.2274
   1509.4985
   1510.7312
   1511.9247
   1513.0784
   1514.1917
   1515.2642
   1516.2958
   1517.2861
   1518.2344
   1519.1399
   1520.0026
   1520.8225
   1521.5994
   1522.3329
   1523.0228
   1523.6689
   1524.2712
   1524.8295
   1525.3434
   1525.8130
   1526.2383
   1526.6190
   1526.9551
   1527.2465
   1527.4930
   1527.6949
   1527.8521
   1527.9642
   1528.0316
   1528.0541
# Travel time at depth = 600.00 km.
    127.1698
    129.1100
    134.7331
    143.5976
    155.0980
    168.6501
    183.7404
    199.9566
    216.9782
    234.5601
    252.5170
    270.7085
    289.0280
    307.3950
    325.0106
    341.5504
    357.9851
    374.2998
    390.4980
    406.5551
    422.4019
    438.1929
    453.9543
    469.6895
    485.3984
    501.0755
    516.7105
    532.2934
    547.8143
    563.2672
    578.6476
    593.9538
    609.1835
    624.3336
    639.4012
    654.3837
    669.2789
    684.0850
    698.8004
    713.4236
    727.9532
    742.3879
    756.7259
    770.9651
    785.1040
    799.1415
    813.0776
    826.9113
    840.6407
    854.2687
    867.7984
    881.2277
    894.5536
    907.7743
    920.8887
    933.8979
    946.8027
    959.6024
    972.2956
    984.8813
    997.3589
   1009.7289
   1021.9916
   1034.1467
   1046.1938
   1058.1322
   1069.9614
   1081.6815
   1093.2917
   1104.7909
   1116.1770
   1127.4486
   1138.6067
   1149.6527
   1160.5862
   1171.4044
   1182.1071
   1192.6975
   1203.1747
   1213.5327
   1223.7688
   1233.8848
   1242.0333
   1248.4930
   1254.8386
   1261.0707
   1267.1920
   1273.2086
   1279.1245
   1284.9421
   1290.6633
   1296.2899
   1301.8239
   1307.2672
   1312.6215
   1317.8879
   1323.0677
   1328.1635
   1333.1771
   1338.1106
   1342.9645
   1347.7393
   1352.4353
   1357.0538
   1361.5968
   1366.0671
   1370.4669
   1374.7974
   1379.0588
   1383.2512
   1387.3745
   1391.4298
   1395.4177
   1399.3380
   1403.1904
   1406.9755
   1410.6937
   1414.3453
   1417.9304
   1421.4501
   1424.9050
   1428.2949
   1431.6187
   1434.8762
   1438.0687
   1441.1970
   1444.2609
   1447.2598
   1450.1941
   1453.0641
   1455.8690
   1458.6074
   1461.2803
   1463.1101
   1464.8752
   1466.6227
   1468.3511
   1470.0590
   1471.7448
   1473.4072
   1475.0444
   1476.6537
   1478.2324
   1479.7789
   1481.2933
   1482.7755
   1484.2246
   1485.6396
   1487.0194
   1488.3629
   1489.6694
   1490.9381
   1492.1682
   1493.3591
   1494.5104
   1495.6213
   1496.6915
   1497.7211
   1498.7094
   1499.6554
   1500.5588
   1501.4197
   1502.2377
   1503.0128
   1503.7448
   1504.4331
   1505.0778
   1505.6787
   1506.2356
   1506.7483
   1507.2169
   1507.6411
   1508.0210
   1508.3563
   1508.6470
   1508.8931
   1509.0945
   1509.2511
   1509.3630
   1509.4303
   1509.4528
# Travel time at depth = 700.00 km.
    144.6422
    146.2333
    150.8685
    158.2802
    168.0537
    179.7561
    192.9787
    207.3569
    222.5791
    238.3737
    254.5030
    270.7847
    287.1064
    303.4024
    319.6427
    335.8142
    351.8908
    367.8054
    383.6188
    399.3977
    415.1497
    430.8767
    446.5771
    462.2446
    477.8693
    493.4427
    508.9565
    524.4054
    539.7855
    555.0953
    570.3324
    585.4940
    600.5773
    615.5798
    630.4991
    645.3334
    660.0811
    674.7406
    689.3104
    703.7894
    718.1757
    732.4675
    746.6630
    760.7606
    774.7598
    788.6604
    802.4606
    816.1597
    829.7611
    843.2664
    856.6728
    869.9778
    883.1798
    896.2778
    909.2731
    922.1661
    934.9559
    947.6412
    960.2211
    972.6948
    985.0630
    997.3257
   1009.4827
   1021.5336
   1033.4774
   1045.3140
   1057.0431
   1068.6642
   1080.1760
   1091.5768
   1102.8649
   1114.0408
   1125.1061
   1136.0608
   1146.9022
   1157.6295
   1168.2452
   1178.7501
   1189.1389
   1199.4073
   1209.5566
   1219.2906
   1225.8196
   1232.2339
   1238.5352
   1244.7244
   1250.8059
   1256.7854
   1262.6656
   1268.4490
   1274.1373
   1279.7322
   1285.2356
   1290.6495
   1295.9755
   1301.2144
   1306.3678
   1311.4382
   1316.4277
   1321.3378
   1326.1688
   1330.9210
   1335.5953
   1340.1929
   1344.7161
   1349.1675
   1353.5491
   1357.8618
   1362.1060
   1366.2811
   1370.3879
   1374.4270
   1378.3992
   1382.3038
   1386.1409
   1389.9110
   1393.6147
   1397.2521
   1400.8234
   1404.3296
   1407.7715
   1411.1484
   1414.4592
   1417.7043
   1420.8849
   1424.0015
   1427.0537
   1430.0413
   1432.9647
   1435.8240
   1438.6180
   1441.3459
   1443.9485
   1445.7283
   1447.4917
   1449.2373
   1450.9637
   1452.6694
   1454.3530
   1456.0132
   1457.6479
   1459.2544
   1460.8302
   1462.3739
   1463.8855
   1465.3649
   1466.8112
   1468.2234
   1469.6003
   1470.9409
   1472.2446
   1473.5105
   1474.7378
   1475.9261
   1477.0747
   1478.1831
   1479.2509
   1480.2778
   1481.2638
   1482.2075
   1483.1088
   1483.9675
   1484.7836
   1485.5568
   1486.2867
   1486.9734
   1487.6165
   1488.2158
   1488.7714
   1489.2828
   1489.7501
   1490.1733
   1490.5522
   1490.8867
   1491.1766
   1491.4221
   1491.6229
   1491.7792
   1491.8909
   1491.9580
   1491.9803
# Distance-dependent modelling error(s)
   7	1
    0.00   16.00   18.00   98.00  112.00  114.00  180.00
#
   0.100
   5.500
   1.300
   1.300
   5.500
   1.300
   1.300
#@(#)        ak135.S     2.1     06 Jun 1996
