# ak135 travel-time table for phase: ScP         
 14   Number of depth samples at the following depths (km):
    0.00   15.00   35.00   50.00   75.00  100.00  150.00  200.00  250.00  300.00
  400.00  500.00  600.00  700.00
 64   Number of distance samples at the following distances (deg):
    0.00    1.00    2.00    3.00    4.00    5.00    6.00    7.00    8.00    9.00
   10.00   11.00   12.00   13.00   14.00   15.00   16.00   17.00   18.00   19.00
   20.00   21.00   22.00   23.00   24.00   25.00   26.00   27.00   28.00   29.00
   30.00   31.00   32.00   33.00   34.00   35.00   36.00   37.00   38.00   39.00
   40.00   41.00   42.00   43.00   44.00   45.00   46.00   47.00   48.00   49.00
   50.00   51.00   52.00   53.00   54.00   55.00   56.00   57.00   58.00   59.00
   60.00   61.00   62.00   63.00
# Travel time at depth =   0.00 km.
    723.7369
    723.7992
    723.9859
    724.2969
    724.7319
    725.2903
    725.9719
    726.7757
    727.7010
    728.7471
    729.9128
    731.1970
    732.5984
    734.1159
    735.7479
    737.4929
    739.3492
    741.3153
    743.3892
    745.5692
    747.8531
    750.2391
    752.7249
    755.3085
    757.9876
    760.7599
    763.6231
    766.5747
    769.6124
    772.7336
    775.9360
    779.2168
    782.5735
    786.0035
    789.5043
    793.0731
    796.7073
    800.4042
    804.1611
    807.9755
    811.8444
    815.7654
    819.7357
    823.7526
    827.8136
    831.9159
    836.0570
    840.2343
    844.4452
    848.6872
    852.9578
    857.2546
    861.5753
    865.9174
    870.2787
    874.6572
    879.0504
    883.4566
    887.8736
    892.2996
    896.7328
    901.1715
    905.6141
    910.0588
# Travel time at depth =  15.00 km.
    719.4016
    719.4639
    719.6507
    719.9619
    720.3970
    720.9559
    721.6377
    722.4420
    723.3678
    724.4144
    725.5806
    726.8654
    728.2676
    729.7858
    731.4186
    733.1644
    735.0217
    736.9886
    739.0635
    741.2444
    743.5293
    745.9163
    748.4032
    750.9879
    753.6680
    756.4413
    759.3056
    762.2584
    765.2971
    768.4194
    771.6229
    774.9047
    778.2625
    781.6936
    785.1954
    788.7652
    792.4003
    796.0982
    799.8561
    803.6713
    807.5411
    811.4630
    815.4341
    819.4518
    823.5135
    827.6165
    831.7582
    835.9362
    840.1476
    844.3902
    848.6613
    852.9586
    857.2797
    861.6221
    865.9838
    870.3625
    874.7560
    879.1624
    883.5797
    888.0058
    892.4391
    896.8779
    901.3205
    905.7653
# Travel time at depth =  35.00 km.
    714.0605
    714.1229
    714.3099
    714.6213
    715.0568
    715.6160
    716.2983
    717.1032
    718.0297
    719.0771
    720.2442
    721.5299
    722.9331
    724.4524
    726.0863
    727.8333
    729.6918
    731.6601
    733.7363
    735.9186
    738.2050
    740.5934
    743.0818
    745.6680
    748.3497
    751.1247
    753.9905
    756.9448
    759.9852
    763.1091
    766.3141
    769.5975
    772.9568
    776.3895
    779.8928
    783.4640
    787.1006
    790.7999
    794.5591
    798.3757
    802.2468
    806.1698
    810.1421
    814.1609
    818.2237
    822.3278
    826.4705
    830.6492
    834.8616
    839.1049
    843.3767
    847.6747
    851.9963
    856.3394
    860.7015
    865.0807
    869.4746
    873.8813
    878.2988
    882.7252
    887.1586
    891.5975
    896.0402
    900.4851
# Travel time at depth =  50.00 km.
    710.7136
    710.7759
    710.9630
    711.2747
    711.7104
    712.2700
    712.9529
    713.7582
    714.6854
    715.7335
    716.9013
    718.1879
    719.5920
    721.1122
    722.7472
    724.4953
    726.3549
    728.3244
    730.4019
    732.5854
    734.8731
    737.2629
    739.7526
    742.3402
    745.0233
    747.7997
    750.6669
    753.6227
    756.6645
    759.7899
    762.9962
    766.2811
    769.6418
    773.0758
    776.5804
    780.1530
    783.7909
    787.4915
    791.2519
    795.0696
    798.9419
    802.8660
    806.8394
    810.8593
    814.9230
    819.0280
    823.1715
    827.3511
    831.5641
    835.8082
    840.0807
    844.3793
    848.7015
    853.0450
    857.4076
    861.7871
    866.1814
    870.5883
    875.0060
    879.4327
    883.8663
    888.3053
    892.7480
    897.1930
# Travel time at depth =  75.00 km.
    705.1413
    705.2037
    705.3911
    705.7030
    706.1393
    706.6995
    707.3831
    708.1895
    709.1177
    710.1669
    711.3360
    712.6240
    714.0296
    715.5515
    717.1882
    718.9381
    720.7996
    722.7711
    724.8506
    727.0363
    729.3262
    731.7183
    734.2103
    736.8002
    739.4857
    742.2644
    745.1340
    748.0922
    751.1364
    754.2642
    757.4730
    760.7601
    764.1232
    767.5595
    771.0664
    774.6412
    778.2813
    781.9839
    785.7465
    789.5662
    793.4404
    797.3664
    801.3416
    805.3631
    809.4285
    813.5349
    817.6799
    821.8609
    826.0753
    830.3205
    834.5941
    838.8936
    843.2167
    847.5611
    851.9244
    856.3046
    860.6994
    865.1069
    869.5250
    873.9519
    878.3859
    882.8251
    887.2679
    891.7129
# Travel time at depth = 100.00 km.
    699.5763
    699.6388
    699.8264
    700.1387
    700.5755
    701.1364
    701.8207
    702.6280
    703.5573
    704.6076
    705.7781
    707.0675
    708.4747
    709.9982
    711.6366
    713.3884
    715.2518
    717.2253
    719.3069
    721.4948
    723.7869
    726.1812
    728.6756
    731.2678
    733.9557
    736.7368
    739.6089
    742.5695
    745.6161
    748.7463
    751.9575
    755.2471
    758.6125
    762.0511
    765.5603
    769.1374
    772.7797
    776.4844
    780.2491
    784.0708
    787.9470
    791.8748
    795.8517
    799.8750
    803.9420
    808.0500
    812.1965
    816.3788
    820.5945
    824.8409
    829.1156
    833.4161
    837.7402
    842.0854
    846.4495
    850.8303
    855.2256
    859.6336
    864.0521
    868.4794
    872.9136
    877.3529
    881.7959
    886.2410
# Travel time at depth = 150.00 km.
    688.4672
    688.5298
    688.7178
    689.0309
    689.4688
    690.0309
    690.7169
    691.5261
    692.4575
    693.5103
    694.6833
    695.9757
    697.3860
    698.9128
    700.5548
    702.3103
    704.1777
    706.1553
    708.2411
    710.4334
    712.7300
    715.1290
    717.6281
    720.2250
    722.9178
    725.7038
    728.5808
    731.5463
    734.5979
    737.7330
    740.9490
    744.2435
    747.6137
    751.0571
    754.5709
    758.1525
    761.7993
    765.5084
    769.2772
    773.1031
    776.9832
    780.9149
    784.8954
    788.9221
    792.9924
    797.1036
    801.2531
    805.4381
    809.6564
    813.9052
    818.1821
    822.4847
    826.8105
    831.1574
    835.5230
    839.9051
    844.3016
    848.7106
    853.1299
    857.5578
    861.9925
    866.4323
    870.8754
    875.3206
# Travel time at depth = 200.00 km.
    677.3832
    677.4460
    677.6345
    677.9483
    678.3872
    678.9507
    679.6384
    680.4494
    681.3830
    682.4382
    683.6141
    684.9094
    686.3229
    687.8531
    689.4988
    691.2581
    693.1296
    695.1113
    697.2015
    699.3983
    701.6995
    704.1031
    706.6070
    709.2089
    711.9066
    714.6976
    717.5796
    720.5502
    723.6068
    726.7469
    729.9679
    733.2673
    736.6425
    740.0906
    743.6092
    747.1954
    750.8467
    754.5603
    758.3334
    762.1634
    766.0475
    769.9830
    773.9672
    777.9976
    782.0712
    786.1855
    790.3380
    794.5259
    798.7467
    802.9980
    807.2771
    811.5818
    815.9095
    820.2581
    824.6251
    829.0086
    833.4062
    837.8162
    842.2363
    846.6649
    851.1001
    855.5402
    859.9836
    864.4288
# Travel time at depth = 250.00 km.
    666.3921
    666.4551
    666.6440
    666.9586
    667.3986
    667.9636
    668.6528
    669.4658
    670.4017
    671.4595
    672.6381
    673.9365
    675.3533
    676.8871
    678.5364
    680.2997
    682.1753
    684.1614
    686.2560
    688.4574
    690.7633
    693.1718
    695.6807
    698.2876
    700.9903
    703.7864
    706.6736
    709.6494
    712.7111
    715.8564
    719.0826
    722.3871
    725.7672
    729.2203
    732.7438
    736.3348
    739.9907
    743.7088
    747.4863
    751.3205
    755.2087
    759.1482
    763.1362
    767.1701
    771.2472
    775.3648
    779.5203
    783.7111
    787.9346
    792.1884
    796.4698
    800.7765
    805.1061
    809.4564
    813.8250
    818.2098
    822.6086
    827.0195
    831.4405
    835.8698
    840.3054
    844.7459
    849.1896
    853.6349
# Travel time at depth = 300.00 km.
    655.6044
    655.6675
    655.8569
    656.1723
    656.6135
    657.1799
    657.8709
    658.6860
    659.6242
    660.6846
    661.8661
    663.1677
    664.5879
    666.1254
    667.7786
    669.5460
    671.4259
    673.4164
    675.5157
    677.7219
    680.0328
    682.4463
    684.9603
    687.5724
    690.2804
    693.0819
    695.9744
    698.9555
    702.0226
    705.1733
    708.4048
    711.7145
    715.0999
    718.5581
    722.0865
    725.6826
    729.3433
    733.0660
    736.8481
    740.6867
    744.5792
    748.5228
    752.5146
    756.5523
    760.6329
    764.7538
    768.9125
    773.1063
    777.3325
    781.5888
    785.8726
    790.1815
    794.5131
    798.8651
    803.2353
    807.6215
    812.0215
    816.4333
    820.8552
    825.2851
    829.7213
    834.1622
    838.6060
    843.0514
# Travel time at depth = 400.00 km.
    634.6179
    634.6813
    634.8718
    635.1889
    635.6324
    636.2019
    636.8967
    637.7161
    638.6593
    639.7253
    640.9131
    642.2214
    643.6489
    645.1942
    646.8557
    648.6318
    650.5208
    652.5208
    654.6299
    656.8463
    659.1676
    661.5918
    664.1166
    666.7398
    669.4590
    672.2718
    675.1757
    678.1681
    681.2466
    684.4085
    687.6512
    690.9721
    694.3684
    697.8375
    701.3766
    704.9829
    708.6538
    712.3865
    716.1781
    720.0260
    723.9274
    727.8795
    731.8797
    735.9252
    740.0132
    744.1412
    748.3065
    752.5064
    756.7385
    761.0001
    765.2888
    769.6022
    773.9379
    778.2935
    782.6669
    787.0560
    791.4584
    795.8724
    800.2960
    804.7272
    809.1644
    813.6060
    818.0503
     -1.0000
# Travel time at depth = 500.00 km.
    615.1685
    615.2324
    615.4240
    615.7430
    616.1893
    616.7622
    617.4612
    618.2856
    619.2344
    620.3068
    621.5015
    622.8174
    624.2531
    625.8071
    627.4780
    629.2639
    631.1632
    633.1740
    635.2942
    637.5219
    639.8550
    642.2913
    644.8283
    647.4639
    650.1957
    653.0211
    655.9377
    658.9429
    662.0342
    665.2088
    668.4641
    671.7975
    675.2061
    678.6873
    682.2383
    685.8563
    689.5385
    693.2822
    697.0845
    700.9427
    704.8541
    708.8158
    712.8251
    716.8793
    720.9756
    725.1114
    729.2840
    733.4908
    737.7292
    741.9968
    746.2909
    750.6093
    754.9494
    759.3091
    763.6860
    768.0781
    772.4833
    776.8995
    781.3249
    785.7576
    790.1959
    794.6382
    799.0829
     -1.0000
# Travel time at depth = 600.00 km.
    596.5671
    596.6314
    596.8243
    597.1455
    597.5947
    598.1714
    598.8751
    599.7048
    600.6599
    601.7391
    602.9415
    604.2657
    605.7104
    607.2741
    608.9551
    610.7518
    612.6623
    614.6848
    616.8171
    619.0574
    621.4033
    623.8526
    626.4030
    629.0522
    631.7977
    634.6369
    637.5674
    640.5865
    643.6915
    646.8799
    650.1490
    653.4958
    656.9178
    660.4122
    663.9760
    667.6066
    671.3011
    675.0567
    678.8707
    682.7401
    686.6622
    690.6342
    694.6533
    698.7168
    702.8220
    706.9662
    711.1467
    715.3608
    719.6061
    723.8799
    728.1798
    732.5034
    736.8483
    741.2122
    745.5930
    749.9883
    754.3962
    758.8148
    763.2421
    767.6763
    772.1157
    776.5587
    781.0037
     -1.0000
# Travel time at depth = 700.00 km.
    579.0947
    579.1595
    579.3538
    579.6774
    580.1299
    580.7109
    581.4197
    582.2555
    583.2175
    584.3045
    585.5154
    586.8489
    588.3037
    589.8781
    591.5705
    593.3792
    595.3022
    597.3378
    599.4836
    601.7379
    604.0980
    606.5620
    609.1273
    611.7916
    614.5522
    617.4069
    620.3528
    623.3873
    626.5078
    629.7115
    632.9957
    636.3576
    639.7944
    643.3033
    646.8814
    650.5259
    654.2341
    658.0029
    661.8295
    665.7112
    669.6452
    673.6285
    677.6585
    681.7324
    685.8473
    690.0006
    694.1897
    698.4119
    702.6646
    706.9453
    711.2515
    715.5808
    719.9308
    724.2993
    728.6840
    733.0829
    737.4938
    741.9148
    746.3441
    750.7798
    755.2203
    759.6641
    764.1094
     -1.0000
# Modelling error(s)
   1   1
#
   2.000
#@(#)        ak135.ScP     2.1     06 Jun 1996
