# ak135 travel-time table for phase: ScS         
 14   Number of depth samples at the following depths (km):
    0.00   15.00   35.00   50.00   75.00  100.00  150.00  200.00  250.00  300.00
  400.00  500.00  600.00  700.00
101   Number of distance samples at the following distances (deg):
    0.00    1.00    2.00    3.00    4.00    5.00    6.00    7.00    8.00    9.00
   10.00   11.00   12.00   13.00   14.00   15.00   16.00   17.00   18.00   19.00
   20.00   21.00   22.00   23.00   24.00   25.00   26.00   27.00   28.00   29.00
   30.00   31.00   32.00   33.00   34.00   35.00   36.00   37.00   38.00   39.00
   40.00   41.00   42.00   43.00   44.00   45.00   46.00   47.00   48.00   49.00
   50.00   51.00   52.00   53.00   54.00   55.00   56.00   57.00   58.00   59.00
   60.00   61.00   62.00   63.00   64.00   65.00   66.00   67.00   68.00   69.00
   70.00   71.00   72.00   73.00   74.00   75.00   76.00   77.00   78.00   79.00
   80.00   81.00   82.00   83.00   84.00   85.00   86.00   87.00   88.00   89.00
   90.00   91.00   92.00   93.00   94.00   95.00   96.00   97.00   98.00   99.00
  100.00
# Travel time at depth =   0.00 km.
    935.7845
    935.8730
    936.1386
    936.5809
    937.1998
    937.9946
    938.9648
    940.1097
    941.4283
    942.9198
    944.5829
    946.4166
    948.4193
    950.5897
    952.9262
    955.4271
    958.0907
    960.9151
    963.8983
    967.0384
    970.3331
    973.7804
    977.3779
    981.1233
    985.0143
    989.0484
    993.2231
    997.5361
   1001.9845
   1006.5659
   1011.2777
   1016.1172
   1021.0818
   1026.1687
   1031.3754
   1036.6990
   1042.1368
   1047.6864
   1053.3447
   1059.1094
   1064.9777
   1070.9468
   1077.0142
   1083.1771
   1089.4332
   1095.7797
   1102.2141
   1108.7338
   1115.3364
   1122.0194
   1128.7804
   1135.6169
   1142.5266
   1149.5071
   1156.5562
   1163.6715
   1170.8508
   1178.0920
   1185.3929
   1192.7515
   1200.1654
   1207.6328
   1215.1516
   1222.7200
   1230.3358
   1237.9973
   1245.7025
   1253.4498
   1261.2373
   1269.0634
   1276.9260
   1284.8239
   1292.7551
   1300.7183
   1308.7118
   1316.7340
   1324.7836
   1332.8589
   1340.9587
   1349.0815
   1357.2261
   1365.3909
   1373.5748
   1381.7766
   1389.9949
   1398.2286
   1406.4764
   1414.7375
   1423.0105
   1431.2944
   1439.5881
   1447.8907
   1456.2012
   1464.5184
   1472.8417
   1481.1699
   1489.5023
   1497.8379
   1506.1760
   1514.5156
   1522.8561
# Travel time at depth =  15.00 km.
    931.4492
    931.5378
    931.8035
    932.2462
    932.8655
    933.6609
    934.6318
    935.7775
    937.0972
    938.5897
    940.2541
    942.0890
    944.0932
    946.2651
    948.6033
    951.1059
    953.7713
    956.5976
    959.5828
    962.7249
    966.0218
    969.4713
    973.0710
    976.8188
    980.7122
    984.7487
    988.9260
    993.2413
    997.6923
   1002.2763
   1006.9907
   1011.8328
   1016.8000
   1021.8895
   1027.0988
   1032.4250
   1037.8655
   1043.4176
   1049.0787
   1054.8459
   1060.7167
   1066.6884
   1072.7583
   1078.9238
   1085.1823
   1091.5312
   1097.9680
   1104.4901
   1111.0950
   1117.7803
   1124.5435
   1131.3822
   1138.2939
   1145.2766
   1152.3278
   1159.4451
   1166.6263
   1173.8695
   1181.1722
   1188.5325
   1195.9482
   1203.4172
   1210.9377
   1218.5077
   1226.1250
   1233.7880
   1241.4948
   1249.2434
   1257.0322
   1264.8595
   1272.7234
   1280.6224
   1288.5548
   1296.5190
   1304.5135
   1312.5367
   1320.5873
   1328.6635
   1336.7642
   1344.8877
   1353.0330
   1361.1986
   1369.3832
   1377.5854
   1385.8043
   1394.0386
   1402.2870
   1410.5485
   1418.8219
   1427.1061
   1435.4001
   1443.7031
   1452.0138
   1460.3313
   1468.6547
   1476.9832
   1485.3157
   1493.6514
   1501.9895
   1510.3292
     -1.0000
# Travel time at depth =  35.00 km.
    926.1082
    926.1969
    926.4629
    926.9061
    927.5260
    928.3223
    929.2943
    930.4412
    931.7622
    933.2563
    934.9224
    936.7593
    938.7655
    940.9397
    943.2802
    945.7853
    948.4534
    951.2825
    954.2706
    957.4157
    960.7158
    964.1684
    967.7715
    971.5226
    975.4195
    979.4596
    983.6404
    987.9595
    992.4142
    997.0019
   1001.7200
   1006.5659
   1011.5369
   1016.6303
   1021.8434
   1027.1735
   1032.6178
   1038.1737
   1043.8386
   1049.6096
   1055.4841
   1061.4595
   1067.5331
   1073.7023
   1079.9644
   1086.3168
   1092.7571
   1099.2826
   1105.8909
   1112.5795
   1119.3459
   1126.1879
   1133.1028
   1140.0885
   1147.1426
   1154.2628
   1161.4470
   1168.6929
   1175.9983
   1183.3612
   1190.7794
   1198.2510
   1205.7739
   1213.3461
   1220.9657
   1228.6309
   1236.3397
   1244.0905
   1251.8812
   1259.7102
   1267.5760
   1275.4767
   1283.4108
   1291.3766
   1299.3726
   1307.3972
   1315.4490
   1323.5266
   1331.6284
   1339.7532
   1347.8995
   1356.0660
   1364.2516
   1372.4548
   1380.6746
   1388.9095
   1397.1587
   1405.4208
   1413.6948
   1421.9796
   1430.2742
   1438.5775
   1446.8885
   1455.2064
   1463.5302
   1471.8588
   1480.1915
   1488.5275
   1496.8656
   1505.2054
     -1.0000
# Travel time at depth =  50.00 km.
    922.7612
    922.8499
    923.1162
    923.5598
    924.1804
    924.9774
    925.9503
    927.0983
    928.4207
    929.9162
    931.5839
    933.4225
    935.4305
    937.6068
    939.9494
    942.4568
    945.1273
    947.9589
    950.9496
    954.0975
    957.4003
    960.8559
    964.4620
    968.2162
    972.1162
    976.1595
    980.3436
    984.6660
    989.1240
    993.7151
    998.4367
   1003.2860
   1008.2605
   1013.3574
   1018.5739
   1023.9075
   1029.3552
   1034.9147
   1040.5830
   1046.3574
   1052.2354
   1058.2141
   1064.2910
   1070.4635
   1076.7289
   1083.0845
   1089.5280
   1096.0566
   1102.6681
   1109.3596
   1116.1292
   1122.9739
   1129.8917
   1136.8802
   1143.9370
   1151.0599
   1158.2467
   1165.4951
   1172.8030
   1180.1683
   1187.5889
   1195.0627
   1202.5878
   1210.1621
   1217.7838
   1225.4509
   1233.1616
   1240.9142
   1248.7067
   1256.5375
   1264.4049
   1272.3071
   1280.2427
   1288.2100
   1296.2073
   1304.2333
   1312.2863
   1320.3650
   1328.4680
   1336.5939
   1344.7412
   1352.9087
   1361.0951
   1369.2992
   1377.5197
   1385.7554
   1394.0051
   1402.2678
   1410.5424
   1418.8276
   1427.1227
   1435.4264
   1443.7378
   1452.0560
   1460.3800
   1468.7089
   1477.0417
   1485.3777
   1493.7161
   1502.0559
     -1.0000
# Travel time at depth =  75.00 km.
    917.1888
    917.2778
    917.5446
    917.9888
    918.6104
    919.4088
    920.3832
    921.5331
    922.8575
    924.3555
    926.0259
    927.8674
    929.8786
    932.0582
    934.4044
    936.9157
    939.5902
    942.4260
    945.4211
    948.5736
    951.8812
    955.3417
    958.9528
    962.7122
    966.6175
    970.6662
    974.8558
    979.1837
    983.6474
    988.2442
    992.9715
    997.8267
   1002.8069
   1007.9096
   1013.1320
   1018.4714
   1023.9251
   1029.4904
   1035.1644
   1040.9446
   1046.8282
   1052.8127
   1058.8953
   1065.0732
   1071.3441
   1077.7052
   1084.1541
   1090.6880
   1097.3046
   1104.0012
   1110.7756
   1117.6254
   1124.5480
   1131.5411
   1138.6025
   1145.7299
   1152.9210
   1160.1737
   1167.4857
   1174.8551
   1182.2795
   1189.7571
   1197.2859
   1204.8638
   1212.4889
   1220.1593
   1227.8733
   1235.6289
   1243.4244
   1251.2581
   1259.1282
   1267.0331
   1274.9711
   1282.9408
   1290.9404
   1298.9685
   1307.0237
   1315.1044
   1323.2092
   1331.3368
   1339.4858
   1347.6549
   1355.8428
   1364.0482
   1372.2699
   1380.5068
   1388.7577
   1397.0214
   1405.2969
   1413.5830
   1421.8788
   1430.1831
   1438.4951
   1446.8138
   1455.1382
   1463.4674
   1471.8007
   1480.1368
   1488.4753
   1496.8153
     -1.0000
# Travel time at depth = 100.00 km.
    911.6239
    911.7130
    911.9802
    912.4252
    913.0478
    913.8475
    914.8235
    915.9753
    917.3019
    918.8022
    920.4753
    922.3198
    924.3342
    926.5172
    928.8671
    931.3823
    934.0609
    936.9009
    939.9006
    943.0576
    946.3700
    949.8354
    953.4517
    957.2163
    961.1270
    965.1811
    969.3762
    973.7098
    978.1792
    982.7818
    987.5149
    992.3759
    997.3621
   1002.4706
   1007.6990
   1013.0443
   1018.5038
   1024.0750
   1029.7549
   1035.5409
   1041.4304
   1047.4205
   1053.5088
   1059.6924
   1065.9688
   1072.3353
   1078.7896
   1085.3289
   1091.9506
   1098.6525
   1105.4319
   1112.2865
   1119.2140
   1126.2119
   1133.2780
   1140.4098
   1147.6053
   1154.8623
   1162.1785
   1169.5519
   1176.9802
   1184.4617
   1191.9941
   1199.5756
   1207.2042
   1214.8779
   1222.5951
   1230.3539
   1238.1523
   1245.9889
   1253.8618
   1261.7693
   1269.7100
   1277.6820
   1285.6840
   1293.7142
   1301.7715
   1309.8541
   1317.9609
   1326.0902
   1334.2408
   1342.4115
   1350.6010
   1358.8077
   1367.0308
   1375.2688
   1383.5208
   1391.7855
   1400.0619
   1408.3488
   1416.6454
   1424.9503
   1433.2629
   1441.5822
   1449.9070
   1458.2366
   1466.5701
   1474.9065
   1483.2451
   1491.5851
     -1.0000
# Travel time at depth = 150.00 km.
    900.5148
    900.6042
    900.8723
    901.3188
    901.9435
    902.7458
    903.7252
    904.8808
    906.2118
    907.7172
    909.3956
    911.2461
    913.2670
    915.4570
    917.8144
    920.3374
    923.0243
    925.8731
    928.8818
    932.0484
    935.3705
    938.8461
    942.4727
    946.2480
    950.1695
    954.2347
    958.4412
    962.7862
    967.2672
    971.8815
    976.6265
    981.4994
    986.4975
    991.6181
    996.8585
   1002.2158
   1007.6873
   1013.2704
   1018.9622
   1024.7601
   1030.6613
   1036.6631
   1042.7628
   1048.9579
   1055.2455
   1061.6232
   1068.0884
   1074.6383
   1081.2708
   1087.9830
   1094.7727
   1101.6373
   1108.5746
   1115.5820
   1122.6573
   1129.7985
   1137.0028
   1144.2684
   1151.5931
   1158.9747
   1166.4111
   1173.9003
   1181.4402
   1189.0289
   1196.6646
   1204.3451
   1212.0687
   1219.8337
   1227.6383
   1235.4807
   1243.3591
   1251.2721
   1259.2178
   1267.1947
   1275.2013
   1283.2361
   1291.2975
   1299.3843
   1307.4948
   1315.6277
   1323.7816
   1331.9554
   1340.1478
   1348.3573
   1356.5830
   1364.8234
   1373.0776
   1381.3444
   1389.6226
   1397.9111
   1406.2092
   1414.5155
   1422.8293
   1431.1495
   1439.4752
   1447.8055
   1456.1395
   1464.4764
   1472.8153
   1481.1555
     -1.0000
# Travel time at depth = 200.00 km.
    889.4308
    889.5205
    889.7895
    890.2376
    890.8644
    891.6696
    892.6523
    893.8118
    895.1473
    896.6577
    898.3419
    900.1984
    902.2260
    904.4232
    906.7881
    909.3193
    912.0147
    914.8724
    917.8905
    921.0667
    924.3989
    927.8848
    931.5220
    935.3082
    939.2409
    943.3175
    947.5355
    951.8922
    956.3851
    961.0114
    965.7684
    970.6535
    975.6638
    980.7967
    986.0493
    991.4189
    996.9027
   1002.4980
   1008.2020
   1014.0119
   1019.9250
   1025.9387
   1032.0503
   1038.2570
   1044.5560
   1050.9451
   1057.4214
   1063.9823
   1070.6255
   1077.3484
   1084.1484
   1091.0233
   1097.9705
   1104.9877
   1112.0726
   1119.2229
   1126.4364
   1133.7109
   1141.0442
   1148.4341
   1155.8785
   1163.3756
   1170.9231
   1178.5192
   1186.1619
   1193.8494
   1201.5797
   1209.3511
   1217.1617
   1225.0100
   1232.8942
   1240.8125
   1248.7633
   1256.7452
   1264.7566
   1272.7958
   1280.8616
   1288.9523
   1297.0665
   1305.2031
   1313.3606
   1321.5376
   1329.7329
   1337.9452
   1346.1735
   1354.4163
   1362.6726
   1370.9414
   1379.2214
   1387.5117
   1395.8113
   1404.1190
   1412.4340
   1420.7551
   1429.0817
   1437.4127
   1445.7472
   1454.0846
   1462.4237
   1470.7640
     -1.0000
# Travel time at depth = 250.00 km.
    878.4397
    878.5297
    878.7997
    879.2494
    879.8785
    880.6864
    881.6725
    882.8362
    884.1763
    885.6920
    887.3819
    889.2448
    891.2793
    893.4838
    895.8567
    898.3962
    901.1003
    903.9673
    906.9949
    910.1812
    913.5237
    917.0202
    920.6685
    924.4658
    928.4100
    932.4983
    936.7281
    941.0970
    945.6021
    950.2407
    955.0102
    959.9078
    964.9307
    970.0762
    975.3414
    980.7236
    986.2200
    991.8278
    997.5443
   1003.3666
   1009.2921
   1015.3180
   1021.4416
   1027.6602
   1033.9711
   1040.3717
   1046.8595
   1053.4318
   1060.0859
   1066.8197
   1073.6304
   1080.5156
   1087.4731
   1094.5004
   1101.5950
   1108.7549
   1115.9777
   1123.2611
   1130.6031
   1138.0016
   1145.4545
   1152.9595
   1160.5148
   1168.1184
   1175.7684
   1183.4629
   1191.2000
   1198.9779
   1206.7948
   1214.6492
   1222.5391
   1230.4629
   1238.4191
   1246.4060
   1254.4221
   1262.4659
   1270.5360
   1278.6309
   1286.7491
   1294.8893
   1303.0502
   1311.2305
   1319.4288
   1327.6439
   1335.8748
   1344.1201
   1352.3787
   1360.6495
   1368.9314
   1377.2234
   1385.5244
   1393.8335
   1402.1495
   1410.4718
   1418.7992
   1427.1309
   1435.4661
   1443.8037
   1452.1432
   1460.4835
     -1.0000
# Travel time at depth = 300.00 km.
    867.6520
    867.7423
    868.0133
    868.4647
    869.0960
    869.9069
    870.8967
    872.0646
    873.4095
    874.9307
    876.6266
    878.4962
    880.5378
    882.7501
    885.1311
    887.6793
    890.3926
    893.2692
    896.3068
    899.5035
    902.8568
    906.3644
    910.0240
    913.8331
    917.7892
    921.8896
    926.1319
    930.5133
    935.0311
    939.6826
    944.4650
    949.3757
    954.4117
    959.5703
    964.8486
    970.2440
    975.7534
    981.3743
    987.1037
    992.9390
    998.8772
   1004.9158
   1011.0519
   1017.2828
   1023.6060
   1030.0187
   1036.5183
   1043.1023
   1049.7681
   1056.5131
   1063.3348
   1070.2308
   1077.1990
   1084.2365
   1091.3413
   1098.5110
   1105.7434
   1113.0363
   1120.3875
   1127.7947
   1135.2561
   1142.7694
   1150.3329
   1157.9442
   1165.6018
   1173.3035
   1181.0476
   1188.8323
   1196.6556
   1204.5162
   1212.4120
   1220.3416
   1228.3032
   1236.2954
   1244.3165
   1252.3650
   1260.4396
   1268.5387
   1276.6609
   1284.8049
   1292.9694
   1301.1530
   1309.3544
   1317.5725
   1325.8060
   1334.0538
   1342.3147
   1350.5876
   1358.8715
   1367.1652
   1375.4677
   1383.7781
   1392.0955
   1400.4186
   1408.7469
   1417.0792
   1425.4149
   1433.7531
   1442.0927
   1450.4331
     -1.0000
# Travel time at depth = 400.00 km.
    846.6655
    846.7565
    847.0296
    847.4845
    848.1208
    848.9380
    849.9355
    851.1124
    852.4678
    854.0005
    855.7094
    857.5930
    859.6499
    861.8785
    864.2771
    866.8438
    869.5766
    872.4736
    875.5326
    878.7513
    882.1275
    885.6588
    889.3427
    893.1766
    897.1581
    901.2845
    905.5531
    909.9612
    914.5060
    919.1848
    923.9948
    928.9330
    933.9968
    939.1832
    944.4894
    949.9126
    955.4498
    961.0983
    966.8553
    972.7178
    978.6832
    984.7485
    990.9112
    997.1684
   1003.5175
   1009.9557
   1016.4804
   1023.0891
   1029.7791
   1036.5480
   1043.3931
   1050.3120
   1057.3025
   1064.3619
   1071.4880
   1078.6786
   1085.9313
   1093.2439
   1100.6143
   1108.0402
   1115.5197
   1123.0505
   1130.6309
   1138.2587
   1145.9320
   1153.6490
   1161.4078
   1169.2067
   1177.0437
   1184.9172
   1192.8256
   1200.7671
   1208.7402
   1216.7433
   1224.7748
   1232.8333
   1240.9171
   1249.0251
   1257.1556
   1265.3076
   1273.4795
   1281.6700
   1289.8779
   1298.1021
   1306.3412
   1314.5941
   1322.8599
   1331.1371
   1339.4248
   1347.7220
   1356.0278
   1364.3409
   1372.6606
   1380.9860
   1389.3159
   1397.6497
   1405.9863
   1414.3252
   1422.6653
     -1.0000
     -1.0000
# Travel time at depth = 500.00 km.
    827.2161
    827.3079
    827.5834
    828.0424
    828.6843
    829.5087
    830.5149
    831.7020
    833.0691
    834.6151
    836.3385
    838.2382
    840.3124
    842.5596
    844.9780
    847.5657
    850.3207
    853.2408
    856.3240
    859.5677
    862.9699
    866.5280
    870.2393
    874.1015
    878.1118
    882.2675
    886.5659
    891.0042
    895.5795
    900.2892
    905.1302
    910.0998
    915.1949
    920.4128
    925.7505
    931.2051
    936.7737
    942.4534
    948.2414
    954.1348
    960.1307
    966.2264
    972.4189
    978.7057
    985.0840
    991.5510
    998.1041
   1004.7406
   1011.4579
   1018.2536
   1025.1250
   1032.0698
   1039.0853
   1046.1694
   1053.3196
   1060.5336
   1067.8091
   1075.1438
   1082.5356
   1089.9825
   1097.4823
   1105.0328
   1112.6322
   1120.2783
   1127.9695
   1135.7035
   1143.4788
   1151.2935
   1159.1458
   1167.0338
   1174.9562
   1182.9111
   1190.8970
   1198.9122
   1206.9552
   1215.0247
   1223.1190
   1231.2368
   1239.3767
   1247.5374
   1255.7175
   1263.9156
   1272.1309
   1280.3616
   1288.6069
   1296.8656
   1305.1364
   1313.4185
   1321.7104
   1330.0116
   1338.3207
   1346.6368
   1354.9591
   1363.2866
   1371.6183
   1379.9535
   1388.2911
   1396.6306
   1404.9711
     -1.0000
     -1.0000
# Travel time at depth = 600.00 km.
    808.6147
    808.7075
    808.9857
    809.4490
    810.0970
    810.9294
    811.9452
    813.1436
    814.5237
    816.0841
    817.8237
    819.7409
    821.8342
    824.1019
    826.5421
    829.1529
    831.9322
    834.8778
    837.9875
    841.2589
    844.6896
    848.2770
    852.0186
    855.9116
    859.9535
    864.1414
    868.4724
    872.9438
    877.5527
    882.2962
    887.1713
    892.1751
    897.3046
    902.5569
    907.9291
    913.4180
    919.0209
    924.7347
    930.5566
    936.4837
    942.5130
    948.6417
    954.8669
    961.1860
    967.5961
    974.0944
    980.6783
    987.3452
    994.0923
   1000.9171
   1007.8171
   1014.7899
   1021.8328
   1028.9436
   1036.1199
   1043.3591
   1050.6594
   1058.0182
   1065.4335
   1072.9030
   1080.4246
   1087.9965
   1095.6163
   1103.2823
   1110.9927
   1118.7452
   1126.5382
   1134.3700
   1142.2386
   1150.1425
   1158.0798
   1166.0491
   1174.0487
   1182.0770
   1190.1324
   1198.2136
   1206.3192
   1214.4475
   1222.5973
   1230.7673
   1238.9562
   1247.1626
   1255.3853
   1263.6232
   1271.8750
   1280.1396
   1288.4159
   1296.7029
   1304.9994
   1313.3044
   1321.6172
   1329.9364
   1338.2612
   1346.5909
   1354.9244
   1363.2609
   1371.5996
   1379.9396
     -1.0000
     -1.0000
     -1.0000
# Travel time at depth = 700.00 km.
    791.1423
    791.2360
    791.5172
    791.9855
    792.6406
    793.4818
    794.5084
    795.7196
    797.1142
    798.6910
    800.4487
    802.3857
    804.5005
    806.7913
    809.2560
    811.8928
    814.6995
    817.6737
    820.8133
    824.1157
    827.5784
    831.1989
    834.9744
    838.9022
    842.9796
    847.2036
    851.5714
    856.0800
    860.7265
    865.5079
    870.4213
    875.4635
    880.6316
    885.9225
    891.3332
    896.8607
    902.5020
    908.2540
    914.1140
    920.0787
    926.1453
    932.3110
    938.5728
    944.9279
    951.3735
    957.9069
    964.5253
    971.2260
    978.0064
    984.8638
    991.7958
    998.7997
   1005.8732
   1013.0138
   1020.2191
   1027.4867
   1034.8145
   1042.2000
   1049.6412
   1057.1359
   1064.6820
   1072.2775
   1079.9202
   1087.6083
   1095.3397
   1103.1128
   1110.9255
   1118.7762
   1126.6630
   1134.5842
   1142.5382
   1150.5234
   1158.5381
   1166.5807
   1174.6499
   1182.7440
   1190.8618
   1199.0017
   1207.1625
   1215.3427
   1223.5410
   1231.7563
   1239.9874
   1248.2329
   1256.4918
   1264.7628
   1273.0450
   1281.3374
   1289.6387
   1297.9480
   1306.2644
   1314.5868
   1322.9144
   1331.2462
   1339.5815
   1347.9193
   1356.2588
   1364.5991
     -1.0000
     -1.0000
     -1.0000
# Modelling error(s)
   1   1
#
   2.000
#@(#)        ak135.ScS     2.1     06 Jun 1996
