# ak135 travel-time table for phase: Sdiff       
 14   Number of depth samples at the following depths (km):
    0.00   15.00   35.00   50.00   75.00  100.00  150.00  200.00  250.00  300.00
  400.00  500.00  600.00  700.00
 23   Number of distance samples at the following distances (deg):
  100.00  102.00  104.00  106.00  108.00  110.00  112.00  114.00  116.00  118.00
  120.00  122.00  124.00  126.00  128.00  130.00  132.00  134.00  136.00  138.00
  140.00  142.00  144.00
# Travel time at depth =   0.00 km.
     -1.0000
   1539.5372
   1556.2185
   1572.8997
   1589.5809
   1606.2621
   1622.9432
   1639.6245
   1656.3057
   1672.9869
   1689.6681
   1706.3492
   1723.0305
   1739.7117
   1756.3929
   1773.0741
   1789.7552
   1806.4365
   1823.1177
   1839.7990
   1856.4801
   1873.1613
   1889.8425
# Travel time at depth =  15.00 km.
   1518.6697
   1535.3510
   1552.0321
   1568.7133
   1585.3945
   1602.0757
   1618.7568
   1635.4381
   1652.1193
   1668.8005
   1685.4817
   1702.1628
   1718.8441
   1735.5253
   1752.2065
   1768.8877
   1785.5688
   1802.2501
   1818.9313
   1835.6125
   1852.2937
   1868.9749
   1885.6561
# Travel time at depth =  35.00 km.
   1513.5459
   1530.2272
   1546.9083
   1563.5895
   1580.2708
   1596.9519
   1613.6331
   1630.3143
   1646.9955
   1663.6768
   1680.3579
   1697.0391
   1713.7203
   1730.4015
   1747.0828
   1763.7639
   1780.4451
   1797.1263
   1813.8075
   1830.4888
   1847.1699
   1863.8511
   1880.5323
# Travel time at depth =  50.00 km.
   1510.3964
   1527.0776
   1543.7588
   1560.4399
   1577.1212
   1593.8024
   1610.4836
   1627.1648
   1643.8459
   1660.5272
   1677.2084
   1693.8896
   1710.5708
   1727.2520
   1743.9332
   1760.6144
   1777.2957
   1793.9768
   1810.6580
   1827.3392
   1844.0204
   1860.7017
   1877.3828
# Travel time at depth =  75.00 km.
   1505.1558
   1521.8370
   1538.5182
   1555.1993
   1571.8806
   1588.5618
   1605.2430
   1621.9242
   1638.6053
   1655.2866
   1671.9678
   1688.6490
   1705.3302
   1722.0114
   1738.6926
   1755.3738
   1772.0551
   1788.7362
   1805.4174
   1822.0986
   1838.7798
   1855.4611
   1872.1422
# Travel time at depth = 100.00 km.
   1499.9257
   1516.6069
   1533.2881
   1549.9692
   1566.6505
   1583.3317
   1600.0129
   1616.6941
   1633.3752
   1650.0565
   1666.7377
   1683.4189
   1700.1001
   1716.7812
   1733.4625
   1750.1437
   1766.8250
   1783.5061
   1800.1873
   1816.8685
   1833.5497
   1850.2308
   1866.9121
# Travel time at depth = 150.00 km.
   1489.4961
   1506.1772
   1522.8585
   1539.5397
   1556.2208
   1572.9021
   1589.5833
   1606.2645
   1622.9457
   1639.6268
   1656.3081
   1672.9893
   1689.6704
   1706.3517
   1723.0328
   1739.7141
   1756.3953
   1773.0764
   1789.7577
   1806.4388
   1823.1201
   1839.8013
   1856.4824
# Travel time at depth = 200.00 km.
   1479.1046
   1495.7858
   1512.4670
   1529.1482
   1545.8293
   1562.5106
   1579.1918
   1595.8730
   1612.5542
   1629.2354
   1645.9166
   1662.5978
   1679.2789
   1695.9602
   1712.6414
   1729.3226
   1746.0038
   1762.6849
   1779.3662
   1796.0474
   1812.7286
   1829.4098
   1846.0909
# Travel time at depth = 250.00 km.
   1468.8241
   1485.5052
   1502.1865
   1518.8677
   1535.5490
   1552.2301
   1568.9113
   1585.5925
   1602.2737
   1618.9550
   1635.6361
   1652.3173
   1668.9985
   1685.6797
   1702.3610
   1719.0421
   1735.7233
   1752.4045
   1769.0857
   1785.7668
   1802.4481
   1819.1293
   1835.8105
# Travel time at depth = 300.00 km.
   1458.7737
   1475.4550
   1492.1361
   1508.8173
   1525.4985
   1542.1797
   1558.8610
   1575.5421
   1592.2233
   1608.9045
   1625.5857
   1642.2670
   1658.9481
   1675.6293
   1692.3105
   1708.9917
   1725.6730
   1742.3541
   1759.0353
   1775.7166
   1792.3977
   1809.0790
   1825.7601
# Travel time at depth = 400.00 km.
   1439.3464
   1456.0276
   1472.7089
   1489.3900
   1506.0712
   1522.7524
   1539.4336
   1556.1149
   1572.7960
   1589.4772
   1606.1584
   1622.8396
   1639.5208
   1656.2020
   1672.8832
   1689.5645
   1706.2456
   1722.9268
   1739.6080
   1756.2892
   1772.9705
   1789.6516
   1806.3328
# Travel time at depth = 500.00 km.
   1421.6522
   1438.3334
   1455.0146
   1471.6958
   1488.3771
   1505.0582
   1521.7394
   1538.4207
   1555.1018
   1571.7831
   1588.4642
   1605.1454
   1621.8267
   1638.5078
   1655.1890
   1671.8702
   1688.5514
   1705.2327
   1721.9138
   1738.5950
   1755.2762
   1771.9574
   1788.6387
# Travel time at depth = 600.00 km.
   1404.9613
   1421.6426
   1438.3237
   1455.0049
   1471.6862
   1488.3673
   1505.0486
   1521.7297
   1538.4109
   1555.0922
   1571.7733
   1588.4546
   1605.1357
   1621.8169
   1638.4982
   1655.1793
   1671.8605
   1688.5417
   1705.2229
   1721.9042
   1738.5853
   1755.2665
   1771.9478
# Travel time at depth = 700.00 km.
   1389.6210
   1406.3021
   1422.9834
   1439.6646
   1456.3458
   1473.0270
   1489.7081
   1506.3894
   1523.0706
   1539.7518
   1556.4330
   1573.1141
   1589.7954
   1606.4766
   1623.1578
   1639.8390
   1656.5201
   1673.2014
   1689.8826
   1706.5637
   1723.2450
   1739.9261
   1756.6074
# Distance-dependent modelling error(s)
   3   1
  100.00  116.00  144.00
#
   1.200
   5.000
  17.000
#@(#)        ak135.Sdiff     2.1     06 Jun 1996
