# ak135 travel-time table for phase: SKiKP       
 14   Number of depth samples at the following depths (km):
    0.00   15.00   35.00   50.00   75.00  100.00  150.00  200.00  250.00  300.00
  400.00  500.00  600.00  700.00
 38   Number of distance samples at the following distances (deg):
    0.00    4.00    8.00   12.00   16.00   20.00   24.00   28.00   32.00   36.00
   40.00   44.00   48.00   52.00   56.00   60.00   64.00   68.00   72.00   76.00
   80.00   84.00   88.00   92.00   96.00  100.00  104.00  108.00  112.00  116.00
  120.00  124.00  128.00  132.00  136.00  140.00  144.00  148.00
# Travel time at depth =   0.00 km.
   1206.8707
   1207.0598
   1207.6267
   1208.5698
   1209.8870
   1211.5746
   1213.6285
   1216.0437
   1218.8140
   1221.9327
   1225.3922
   1229.1841
   1233.2992
   1237.7281
   1242.4604
   1247.4854
   1252.7915
   1258.3671
   1264.2001
   1270.2780
   1276.5880
   1283.1172
   1289.8524
   1296.7803
   1303.8873
   1311.1604
   1318.5859
   1326.1505
   1333.8408
   1341.6437
   1349.5461
   1357.5354
   1365.5988
   1373.7240
   1381.8989
   1390.1119
   1398.3518
   1406.6072
# Travel time at depth =  15.00 km.
   1202.5354
   1202.7245
   1203.2915
   1204.2347
   1205.5519
   1207.2397
   1209.2938
   1211.7092
   1214.4799
   1217.5989
   1221.0586
   1224.8508
   1228.9663
   1233.3956
   1238.1283
   1243.1536
   1248.4601
   1254.0361
   1259.8695
   1265.9478
   1272.2582
   1278.7877
   1285.5232
   1292.4514
   1299.5588
   1306.8323
   1314.2581
   1321.8229
   1329.5134
   1337.3165
   1345.2192
   1353.2086
   1361.2721
   1369.3975
   1377.5725
   1385.7856
   1394.0254
   1402.2809
# Travel time at depth =  35.00 km.
   1197.1943
   1197.3835
   1197.9506
   1198.8939
   1200.2113
   1201.8993
   1203.9537
   1206.3695
   1209.1405
   1212.2599
   1215.7201
   1219.5127
   1223.6288
   1228.0586
   1232.7919
   1237.8176
   1243.1248
   1248.7013
   1254.5353
   1260.6140
   1266.9250
   1273.4551
   1280.1912
   1287.1198
   1294.2278
   1301.5016
   1308.9277
   1316.4929
   1324.1838
   1331.9873
   1339.8903
   1347.8799
   1355.9436
   1364.0691
   1372.2443
   1380.4575
   1388.6974
   1396.9529
# Travel time at depth =  50.00 km.
   1193.8473
   1194.0365
   1194.6036
   1195.5471
   1196.8646
   1198.5530
   1200.6077
   1203.0237
   1205.7949
   1208.9147
   1212.3754
   1216.1685
   1220.2849
   1224.7152
   1229.4489
   1234.4752
   1239.7828
   1245.3599
   1251.1943
   1257.2737
   1263.5851
   1270.1156
   1276.8522
   1283.7812
   1290.8896
   1298.1638
   1305.5905
   1313.1560
   1320.8472
   1328.6509
   1336.5542
   1344.5439
   1352.6079
   1360.7335
   1368.9088
   1377.1222
   1385.3621
   1393.6177
# Travel time at depth =  75.00 km.
   1188.2750
   1188.4642
   1189.0315
   1189.9752
   1191.2931
   1192.9817
   1195.0367
   1197.4532
   1200.2252
   1203.3456
   1206.8069
   1210.6007
   1214.7179
   1219.1490
   1223.8835
   1228.9106
   1234.2191
   1239.7970
   1245.6323
   1251.7125
   1258.0248
   1264.5562
   1271.2933
   1278.2233
   1285.3324
   1292.6072
   1300.0344
   1307.6006
   1315.2924
   1323.0966
   1331.0001
   1338.9904
   1347.0546
   1355.1805
   1363.3561
   1371.5695
   1379.8096
   1388.0652
# Travel time at depth = 100.00 km.
   1182.7101
   1182.8993
   1183.4667
   1184.4105
   1185.7288
   1187.4177
   1189.4733
   1191.8903
   1194.6627
   1197.7837
   1201.2457
   1205.0403
   1209.1583
   1213.5902
   1218.3254
   1223.3535
   1228.6627
   1234.2416
   1240.0778
   1246.1587
   1252.4718
   1259.0040
   1265.7421
   1272.6727
   1279.7825
   1287.0580
   1294.4858
   1302.0526
   1309.7449
   1317.5496
   1325.4536
   1333.4442
   1341.5088
   1349.6350
   1357.8107
   1366.0243
   1374.2644
   1382.5201
# Travel time at depth = 150.00 km.
   1171.6010
   1171.7903
   1172.3579
   1173.3022
   1174.6210
   1176.3107
   1178.3672
   1180.7852
   1183.5587
   1186.6810
   1190.1444
   1193.9404
   1198.0601
   1202.4935
   1207.2306
   1212.2603
   1217.5713
   1223.1517
   1228.9896
   1235.0724
   1241.3872
   1247.9210
   1254.6606
   1261.5928
   1268.7041
   1275.9810
   1283.4102
   1290.9780
   1298.6714
   1306.4771
   1314.3820
   1322.3734
   1330.4386
   1338.5653
   1346.7415
   1354.9553
   1363.1957
   1371.4514
# Travel time at depth = 200.00 km.
   1160.5170
   1160.7064
   1161.2743
   1162.2190
   1163.5383
   1165.2288
   1167.2861
   1169.7053
   1172.4800
   1175.6036
   1179.0684
   1182.8658
   1186.9871
   1191.4222
   1196.1610
   1201.1924
   1206.5051
   1212.0875
   1217.9271
   1224.0116
   1230.3281
   1236.8636
   1243.6049
   1250.5386
   1257.6514
   1264.9297
   1272.3601
   1279.9292
   1287.6237
   1295.4304
   1303.3362
   1311.3284
   1319.3942
   1327.5215
   1335.6980
   1343.9122
   1352.1528
   1360.4087
# Travel time at depth = 250.00 km.
   1149.5259
   1149.7155
   1150.2836
   1151.2288
   1152.5487
   1154.2399
   1156.2982
   1158.7184
   1161.4944
   1164.6193
   1168.0854
   1171.8845
   1176.0073
   1180.4442
   1185.1846
   1190.2179
   1195.5325
   1201.1166
   1206.9580
   1213.0443
   1219.3627
   1225.8998
   1232.6428
   1239.5781
   1246.6924
   1253.9720
   1261.4038
   1268.9741
   1276.6698
   1284.4775
   1292.3843
   1300.3772
   1308.4437
   1316.5715
   1324.7485
   1332.9631
   1341.2039
   1349.4598
# Travel time at depth = 300.00 km.
   1138.7382
   1138.9279
   1139.4962
   1140.4419
   1141.7623
   1143.4545
   1145.5137
   1147.9349
   1150.7122
   1153.8385
   1157.3062
   1161.1068
   1165.2313
   1169.6699
   1174.4122
   1179.4473
   1184.7638
   1190.3497
   1196.1931
   1202.2812
   1208.6014
   1215.1404
   1221.8850
   1228.8220
   1235.9379
   1243.2190
   1250.6522
   1258.2239
   1265.9207
   1273.7294
   1281.6371
   1289.6307
   1297.6980
   1305.8264
   1314.0039
   1322.2188
   1330.4598
   1338.7158
# Travel time at depth = 400.00 km.
   1117.7516
   1117.9414
   1118.5104
   1119.4570
   1120.7789
   1122.4727
   1124.5339
   1126.9575
   1129.7374
   1132.8666
   1136.3375
   1140.1415
   1144.2695
   1148.7119
   1153.4580
   1158.4969
   1163.8174
   1169.4073
   1175.2548
   1181.3468
   1187.6708
   1194.2135
   1200.9618
   1207.9022
   1215.0214
   1222.3057
   1229.7418
   1237.3162
   1245.0154
   1252.8264
   1260.7360
   1268.7314
   1276.8002
   1284.9298
   1293.1082
   1301.3239
   1309.5653
   1317.8215
# Travel time at depth = 500.00 km.
   1098.3022
   1098.4923
   1099.0619
   1100.0095
   1101.3329
   1103.0286
   1105.0922
   1107.5183
   1110.3011
   1113.4337
   1116.9081
   1120.7158
   1124.8479
   1129.2943
   1134.0447
   1139.0880
   1144.4130
   1150.0073
   1155.8591
   1161.9556
   1168.2838
   1174.8308
   1181.5831
   1188.5275
   1195.6503
   1202.9381
   1210.3774
   1217.9548
   1225.6569
   1233.4703
   1241.3821
   1249.3795
   1257.4498
   1265.5808
   1273.7603
   1281.9767
   1290.2186
   1298.4751
# Travel time at depth = 600.00 km.
   1079.7009
   1079.8912
   1080.4614
   1081.4104
   1082.7354
   1084.4330
   1086.4990
   1088.9281
   1091.7141
   1094.8501
   1098.3284
   1102.1403
   1106.2766
   1110.7275
   1115.4825
   1120.5306
   1125.8602
   1131.4596
   1137.3160
   1143.4172
   1149.7502
   1156.3016
   1163.0585
   1170.0070
   1177.1338
   1184.4254
   1191.8683
   1199.4489
   1207.1538
   1214.9700
   1222.8842
   1230.8837
   1238.9558
   1247.0881
   1255.2688
   1263.4860
   1271.7285
   1279.9852
# Travel time at depth = 700.00 km.
   1062.2285
   1062.4191
   1062.9901
   1063.9403
   1065.2670
   1066.9669
   1069.0356
   1071.4679
   1074.2576
   1077.3975
   1080.8799
   1084.6963
   1088.8374
   1093.2933
   1098.0535
   1103.1067
   1108.4417
   1114.0463
   1119.9082
   1126.0146
   1132.3527
   1138.9092
   1145.6708
   1152.6239
   1159.7551
   1167.0509
   1174.4977
   1182.0818
   1189.7902
   1197.6093
   1205.5260
   1213.5278
   1221.6018
   1229.7358
   1237.9177
   1246.1359
   1254.3789
   1262.6359
# Modelling error(s)
   1   1
#
   1.200
#@(#)        ak135.SKiKP     2.1     06 Jun 1996
