# ak135 travel-time table for phase: SKKPdf      
 14   Number of depth samples at the following depths (km):
    0.00   15.00   35.00   50.00   75.00  100.00  150.00  200.00  250.00  300.00
  400.00  500.00  600.00  700.00
 32   Number of distance samples at the following distances (deg):
    0.00    5.00   10.00   15.00   20.00   25.00   30.00   35.00   40.00   45.00
   50.00   55.00   60.00   65.00   70.00   75.00   80.00   85.00   90.00   95.00
  100.00  105.00  110.00  115.00  120.00  125.00  130.00  135.00  140.00  145.00
  150.00  155.00
# Travel time at depth =   0.00 km.
   2125.4131
   2125.1492
   2124.3584
   2123.0415
   2121.1992
   2118.8342
   2115.9485
   2112.5459
   2108.6313
   2104.2104
   2099.2878
   2093.8779
   2087.9900
   2081.6387
   2074.8425
   2067.6265
   2060.0171
   2052.0266
   2043.7084
   2035.1183
   2026.2985
   2017.2894
   2008.1284
   1998.8461
   1989.4670
   1980.0138
   1970.5044
   1960.9534
   1951.3724
   1941.7711
   1932.1571
   1922.5370
# Travel time at depth =  15.00 km.
   2121.0776
   2120.8137
   2120.0232
   2118.7063
   2116.8643
   2114.4995
   2111.6140
   2108.2119
   2104.2976
   2099.8770
   2094.9546
   2089.5454
   2083.6577
   2077.3069
   2070.5115
   2063.2959
   2055.6870
   2047.6969
   2039.3792
   2030.7894
   2021.9698
   2012.9611
   2003.8002
   1994.5181
   1985.1392
   1975.6860
   1966.1768
   1956.6259
   1947.0449
   1937.4436
   1927.8296
   1918.2095
# Travel time at depth =  35.00 km.
   2115.7366
   2115.4729
   2114.6824
   2113.3657
   2111.5239
   2109.1592
   2106.2742
   2102.8723
   2098.9585
   2094.5386
   2089.6169
   2084.2083
   2078.3213
   2071.9712
   2065.1765
   2057.9617
   2050.3533
   2042.3640
   2034.0469
   2025.4576
   2016.6385
   2007.6301
   1998.4696
   1989.1877
   1979.8091
   1970.3561
   1960.8468
   1951.2960
   1941.7152
   1932.1139
   1922.4999
   1912.8798
# Travel time at depth =  50.00 km.
   2112.3896
   2112.1257
   2111.3354
   2110.0190
   2108.1772
   2105.8130
   2102.9282
   2099.5269
   2095.6135
   2091.1941
   2086.2729
   2080.8647
   2074.9785
   2068.6289
   2061.8347
   2054.6206
   2047.0131
   2039.0244
   2030.7078
   2022.1190
   2013.3003
   2004.2922
   1995.1320
   1985.8503
   1976.4718
   1967.0189
   1957.5099
   1947.9591
   1938.3783
   1928.7771
   1919.1631
   1909.5430
# Travel time at depth =  75.00 km.
   2106.8174
   2106.5537
   2105.7634
   2104.4470
   2102.6060
   2100.2419
   2097.3579
   2093.9570
   2090.0444
   2085.6257
   2080.7056
   2075.2983
   2069.4131
   2063.0647
   2056.2717
   2049.0586
   2041.4520
   2033.4645
   2025.1487
   2016.5608
   2007.7428
   1998.7352
   1989.5754
   1980.2942
   1970.9160
   1961.4634
   1951.9545
   1942.4038
   1932.8231
   1923.2219
   1913.6079
   1903.9878
# Travel time at depth = 100.00 km.
   2101.2524
   2100.9888
   2100.1985
   2098.8826
   2097.0417
   2094.6782
   2091.7947
   2088.3945
   2084.4827
   2080.0649
   2075.1455
   2069.7393
   2063.8552
   2057.5078
   2050.7158
   2043.5038
   2035.8984
   2027.9119
   2019.5972
   2011.0100
   2002.1926
   1993.1857
   1984.0264
   1974.7455
   1965.3676
   1955.9152
   1946.4064
   1936.8558
   1927.2753
   1917.6742
   1908.0603
   1898.4402
# Travel time at depth = 150.00 km.
   2090.1433
   2089.8796
   2089.0898
   2087.7744
   2085.9343
   2083.5718
   2080.6895
   2077.2905
   2073.3801
   2068.9641
   2064.0464
   2058.6423
   2052.7603
   2046.4150
   2039.6254
   2032.4155
   2024.8124
   2016.8280
   2008.5151
   1999.9297
   1991.1138
   1982.1079
   1972.9496
   1963.6694
   1954.2921
   1944.8402
   1935.3318
   1925.7815
   1916.2012
   1906.6001
   1896.9863
   1887.3662
# Travel time at depth = 200.00 km.
   2079.0593
   2078.7959
   2078.0063
   2076.6914
   2074.8521
   2072.4905
   2069.6091
   2066.2117
   2062.3030
   2057.8884
   2052.9729
   2047.5707
   2041.6907
   2035.3477
   2028.5603
   2021.3528
   2013.7518
   2005.7698
   1997.4587
   1988.8750
   1980.0604
   1971.0559
   1961.8984
   1952.6191
   1943.2424
   1933.7909
   1924.2830
   1914.7329
   1905.1527
   1895.5518
   1885.9380
   1876.3180
# Travel time at depth = 250.00 km.
   2068.0681
   2067.8049
   2067.0156
   2065.7014
   2063.8625
   2061.5022
   2058.6221
   2055.2258
   2051.3186
   2046.9059
   2041.9922
   2036.5922
   2030.7144
   2024.3737
   2017.5886
   2010.3834
   2002.7848
   1994.8051
   1986.4960
   1977.9138
   1969.1008
   1960.0975
   1950.9410
   1941.6625
   1932.2865
   1922.8354
   1913.3278
   1903.7781
   1894.1980
   1884.5973
   1874.9836
   1865.3635
# Travel time at depth = 300.00 km.
   2057.2805
   2057.0173
   2056.2285
   2054.9146
   2053.0767
   2050.7173
   2047.8383
   2044.4437
   2040.5380
   2036.1271
   2031.2155
   2025.8175
   2019.9419
   2013.6036
   2006.8209
   1999.6182
   1992.0220
   1984.0446
   1975.7375
   1967.1572
   1958.3457
   1949.3436
   1940.1882
   1930.9105
   1921.5350
   1912.0846
   1902.5773
   1893.0278
   1883.4480
   1873.8474
   1864.2338
   1854.6138
# Travel time at depth = 400.00 km.
   2036.2939
   2036.0309
   2035.2428
   2033.9302
   2032.0940
   2029.7366
   2026.8602
   2023.4686
   2019.5664
   2015.1593
   2010.2518
   2004.8584
   1998.9875
   1992.6543
   1985.8767
   1978.6790
   1971.0879
   1963.1155
   1954.8127
   1946.2361
   1937.4279
   1928.4285
   1919.2751
   1909.9993
   1900.6252
   1891.1758
   1881.6693
   1872.1205
   1862.5410
   1852.9407
   1843.3273
   1833.7073
# Travel time at depth = 500.00 km.
   2016.8446
   2016.5818
   2015.7946
   2014.4832
   2012.6488
   2010.2938
   2007.4203
   2004.0321
   2000.1335
   1995.7308
   1990.8280
   1985.4396
   1979.5741
   1973.2463
   1966.4744
   1959.2823
   1951.6969
   1943.7302
   1935.4321
   1926.8597
   1918.0551
   1909.0586
   1899.9078
   1890.6339
   1881.2614
   1871.8132
   1862.3076
   1852.7594
   1843.1805
   1833.5804
   1823.9672
   1814.3473
# Travel time at depth = 600.00 km.
   1998.2432
   1997.9807
   1997.1943
   1995.8844
   1994.0521
   1991.6996
   1988.8292
   1985.4446
   1981.5502
   1977.1521
   1972.2543
   1966.8712
   1961.0116
   1954.6898
   1947.9240
   1940.7379
   1933.1587
   1925.1980
   1916.9052
   1908.3373
   1899.5366
   1890.5433
   1881.3951
   1872.1234
   1862.7527
   1853.3058
   1843.8011
   1834.2537
   1824.6753
   1815.0756
   1805.4625
   1795.8427
# Travel time at depth = 700.00 km.
   1980.7708
   1980.5087
   1979.7231
   1978.4148
   1976.5847
   1974.2350
   1971.3680
   1967.9873
   1964.0975
   1959.7045
   1954.8123
   1949.4352
   1943.5819
   1937.2667
   1930.5076
   1923.3284
   1915.7559
   1907.8020
   1899.5148
   1890.9520
   1882.1555
   1873.1660
   1864.0206
   1854.7513
   1845.3824
   1835.9370
   1826.4335
   1816.8868
   1807.3090
   1797.7097
   1788.0968
   1778.4771
# Modelling error(s)
   1   1
#
   3.200
#@(#)        ak135.SKKPdf     2.1     06 Jun 1996
