# ak135 travel-time table for phase: SKKSac      
 14   Number of depth samples at the following depths (km):
    0.00   15.00   35.00   50.00   75.00  100.00  150.00  200.00  250.00  300.00
  400.00  500.00  600.00  700.00
 40   Number of distance samples at the following distances (deg):
   63.00   66.00   69.00   72.00   75.00   78.00   81.00   84.00   87.00   90.00
   93.00   96.00   99.00  102.00  105.00  108.00  111.00  114.00  117.00  120.00
  123.00  126.00  129.00  132.00  135.00  138.00  141.00  144.00  147.00  150.00
  153.00  156.00  159.00  162.00  165.00  168.00  171.00  174.00  177.00  180.00
# Travel time at depth =   0.00 km.
   1222.7198
   1245.4919
   1268.2566
   1291.0063
   1313.7329
   1336.4282
   1359.0830
   1381.6881
   1404.2351
   1426.7101
   1449.0703
   1471.1619
   1492.9865
   1514.5696
   1535.8920
   1556.9291
   1577.6709
   1598.1134
   1618.2493
   1638.0703
   1657.5737
   1676.7603
   1695.6276
   1714.1732
   1732.4022
   1750.3218
   1767.9357
   1785.2458
   1802.2540
   1818.9628
   1835.3748
   1851.4928
   1867.3190
   1882.8550
   1898.1058
   1913.0769
   1927.7708
   1942.1897
   1956.3339
   1970.1995
# Travel time at depth =  15.00 km.
   1218.5076
   1241.2795
   1264.0441
   1286.7936
   1309.5199
   1332.2147
   1354.8691
   1377.4736
   1400.0199
   1422.4940
   1444.8523
   1466.9407
   1488.7627
   1510.3433
   1531.6628
   1552.6970
   1573.4358
   1593.8754
   1614.0083
   1633.8263
   1653.3268
   1672.5104
   1691.3749
   1709.9176
   1728.1439
   1746.0609
   1763.6721
   1780.9799
   1797.9857
   1814.6920
   1831.1017
   1847.2175
   1863.0415
   1878.5753
   1893.8242
   1908.7933
   1923.4852
   1937.9023
   1952.0447
   1965.9084
# Travel time at depth =  35.00 km.
   1213.3458
   1236.1178
   1258.8822
   1281.6313
   1304.3573
   1327.0515
   1349.7052
   1372.3087
   1394.8541
   1417.3269
   1439.6821
   1461.7660
   1483.5842
   1505.1610
   1526.4766
   1547.5063
   1568.2408
   1588.6761
   1608.8047
   1628.6183
   1648.1144
   1667.2938
   1686.1541
   1704.6927
   1722.9150
   1740.8282
   1758.4358
   1775.7399
   1792.7421
   1809.4449
   1825.8513
   1841.9639
   1857.7847
   1873.3154
   1888.5613
   1903.5276
   1918.2167
   1932.6311
   1946.7706
   1960.6318
# Travel time at depth =  50.00 km.
   1210.1615
   1232.9335
   1255.6976
   1278.4465
   1301.1720
   1323.8657
   1346.5188
   1369.1216
   1391.6660
   1414.1376
   1436.4901
   1458.5697
   1480.3846
   1501.9580
   1523.2697
   1544.2957
   1565.0261
   1585.4575
   1605.5820
   1625.3916
   1644.8839
   1664.0594
   1682.9159
   1701.4507
   1719.6694
   1737.5792
   1755.1833
   1772.4841
   1789.4832
   1806.1829
   1822.5862
   1838.6958
   1854.5138
   1870.0417
   1885.2849
   1900.2485
   1914.9352
   1929.3470
   1943.4843
   1957.3429
# Travel time at depth =  75.00 km.
   1204.8625
   1227.6343
   1250.3982
   1273.1467
   1295.8715
   1318.5643
   1341.2162
   1363.8177
   1386.3606
   1408.8301
   1431.1780
   1453.2505
   1475.0597
   1496.6273
   1517.9327
   1538.9520
   1559.6760
   1580.1007
   1600.2185
   1620.0215
   1639.5071
   1658.6761
   1677.5261
   1696.0547
   1714.2675
   1732.1714
   1749.7698
   1767.0651
   1784.0587
   1800.7532
   1817.1514
   1833.2561
   1849.0692
   1864.5924
   1879.8311
   1894.7904
   1909.4728
   1923.8805
   1938.0135
   1951.8683
# Travel time at depth = 100.00 km.
   1199.5735
   1222.3451
   1245.1088
   1267.8567
   1290.5808
   1313.2727
   1335.9236
   1358.5237
   1381.0649
   1403.5323
   1425.8752
   1447.9409
   1469.7443
   1491.3060
   1512.6051
   1533.6178
   1554.3351
   1574.7531
   1594.8643
   1614.6603
   1634.1394
   1653.3019
   1672.1454
   1690.6676
   1708.8743
   1726.7722
   1744.3650
   1761.6547
   1778.6428
   1795.3320
   1811.7251
   1827.8247
   1843.6329
   1859.1515
   1874.3856
   1889.3405
   1904.0186
   1918.4221
   1932.5510
   1946.4017
# Travel time at depth = 150.00 km.
   1189.0240
   1211.7955
   1234.5586
   1257.3055
   1280.0282
   1302.7183
   1325.3667
   1347.9641
   1370.5022
   1392.9652
   1415.2979
   1437.3494
   1459.1411
   1480.6910
   1501.9772
   1522.9762
   1543.6801
   1564.0846
   1584.1819
   1603.9644
   1623.4299
   1642.5791
   1661.4094
   1679.9188
   1698.1132
   1715.9993
   1733.5804
   1750.8589
   1767.8359
   1784.5144
   1800.8971
   1816.9866
   1832.7849
   1848.2937
   1863.5187
   1878.4647
   1893.1340
   1907.5292
   1921.6497
   1935.4923
# Travel time at depth = 200.00 km.
   1178.5105
   1201.2816
   1224.0441
   1246.7899
   1269.5112
   1292.1993
   1314.8455
   1337.4399
   1359.9747
   1382.4332
   1404.7549
   1426.7922
   1448.5721
   1470.1099
   1491.3828
   1512.3680
   1533.0581
   1553.4489
   1573.5322
   1593.3007
   1612.7526
   1631.8883
   1650.7052
   1669.2015
   1687.3833
   1705.2573
   1722.8267
   1740.0935
   1757.0594
   1773.7271
   1790.0990
   1806.1782
   1821.9664
   1837.4656
   1852.6812
   1867.6180
   1882.2786
   1896.6652
   1910.7771
   1924.6115
# Travel time at depth = 250.00 km.
   1168.1045
   1190.8755
   1213.6372
   1236.3820
   1259.1017
   1281.7880
   1304.4315
   1327.0231
   1349.5544
   1372.0081
   1394.3179
   1416.3409
   1438.1088
   1459.6340
   1480.8932
   1501.8644
   1522.5403
   1542.9169
   1562.9860
   1582.7400
   1602.1779
   1621.2998
   1640.1030
   1658.5858
   1676.7549
   1694.6165
   1712.1738
   1729.4288
   1746.3833
   1763.0397
   1779.4008
   1795.4694
   1811.2473
   1826.7365
   1841.9424
   1856.8700
   1871.5215
   1885.8992
   1900.0024
   1913.8282
# Travel time at depth = 300.00 km.
   1157.9238
   1180.6943
   1203.4554
   1226.1990
   1248.9171
   1271.6012
   1294.2422
   1316.8308
   1339.3585
   1361.8070
   1384.1039
   1406.1123
   1427.8678
   1449.3799
   1470.6249
   1491.5813
   1512.2427
   1532.6045
   1552.6587
   1572.3979
   1591.8213
   1610.9288
   1629.7178
   1648.1868
   1666.3425
   1684.1913
   1701.7361
   1718.9789
   1735.9215
   1752.5663
   1768.9161
   1784.9739
   1800.7411
   1816.2198
   1831.4159
   1846.3339
   1860.9760
   1875.3445
   1889.4386
   1903.2559
# Travel time at depth = 400.00 km.
   1138.2200
   1160.9899
   1183.7493
   1206.4904
   1229.2050
   1251.8845
   1274.5199
   1297.1019
   1319.6218
   1342.0591
   1364.3269
   1386.3049
   1408.0341
   1429.5184
   1450.7332
   1471.6586
   1492.2889
   1512.6198
   1532.6425
   1552.3503
   1571.7430
   1590.8203
   1609.5792
   1628.0189
   1646.1467
   1663.9684
   1681.4868
   1698.7040
   1715.6213
   1732.2418
   1748.5680
   1764.6025
   1780.3473
   1795.8042
   1810.9794
   1825.8771
   1840.4994
   1854.8488
   1868.9237
   1882.7225
# Travel time at depth = 500.00 km.
   1120.2122
   1142.9811
   1165.7385
   1188.4767
   1211.1871
   1233.8616
   1256.4904
   1279.0649
   1301.5756
   1323.9991
   1346.2318
   1368.1764
   1389.8760
   1411.3285
   1432.5089
   1453.3994
   1473.9949
   1494.2905
   1514.2778
   1533.9506
   1553.3087
   1572.3519
   1591.0771
   1609.4843
   1627.5807
   1645.3721
   1662.8610
   1680.0492
   1696.9385
   1713.5316
   1729.8313
   1745.8401
   1761.5596
   1776.9921
   1792.1439
   1807.0188
   1821.6191
   1835.9470
   1850.0005
   1863.7789
# Travel time at depth = 600.00 km.
   1103.1779
   1125.9457
   1148.7008
   1171.4354
   1194.1414
   1216.8097
   1239.4313
   1261.9976
   1284.4977
   1306.9049
   1329.0968
   1351.0060
   1372.6731
   1394.0907
   1415.2335
   1436.0858
   1456.6434
   1476.9009
   1496.8495
   1516.4841
   1535.8049
   1554.8112
   1573.4996
   1591.8715
   1609.9341
   1627.6926
   1645.1494
   1662.3064
   1679.1653
   1695.7289
   1711.9999
   1727.9807
   1743.6729
   1759.0792
   1774.2057
   1789.0562
   1803.6324
   1817.9371
   1831.9673
   1845.7239
# Travel time at depth = 700.00 km.
   1087.4504
   1110.2167
   1132.9690
   1155.6996
   1178.4000
   1201.0615
   1223.6748
   1246.2313
   1268.7192
   1291.1056
   1313.2500
   1335.1204
   1356.7511
   1378.1292
   1399.2296
   1420.0394
   1440.5546
   1460.7693
   1480.6748
   1500.2670
   1519.5461
   1538.5112
   1557.1589
   1575.4917
   1593.5167
   1611.2388
   1628.6602
   1645.7825
   1662.6077
   1679.1385
   1695.3777
   1711.3275
   1726.9895
   1742.3667
   1757.4653
   1772.2886
   1786.8385
   1801.1173
   1815.1217
   1828.8542
# Modelling error(s)
   1   1
#
   4.000
#@(#)        ak135.SKKSac     2.1     06 Jun 1996
