# ak135 travel-time table for phase: SKKSdf      
 14   Number of depth samples at the following depths (km):
    0.00   15.00   35.00   50.00   75.00  100.00  150.00  200.00  250.00  300.00
  400.00  500.00  600.00  700.00
 33   Number of distance samples at the following distances (deg):
    0.00    5.00   10.00   15.00   20.00   25.00   30.00   35.00   40.00   45.00
   50.00   55.00   60.00   65.00   70.00   75.00   80.00   85.00   90.00   95.00
  100.00  105.00  110.00  115.00  120.00  125.00  130.00  135.00  140.00  145.00
  150.00  155.00  160.00
# Travel time at depth =   0.00 km.
   2337.4607
   2337.2092
   2336.4565
   2335.2026
   2333.4482
   2331.1958
   2328.4475
   2325.2058
   2321.4753
   2317.2612
   2312.5671
   2307.4026
   2301.7781
   2295.7039
   2289.1941
   2282.2671
   2274.9465
   2267.2524
   2259.1987
   2250.8398
   2242.2227
   2233.3855
   2224.3665
   2215.1997
   2205.9146
   2196.5342
   2187.0808
   2177.5713
   2168.0208
   2158.4399
   2148.8389
   2139.2251
   2129.6050
# Travel time at depth =  15.00 km.
   2333.1252
   2332.8740
   2332.1213
   2330.8674
   2329.1133
   2326.8611
   2324.1128
   2320.8716
   2317.1414
   2312.9275
   2308.2339
   2303.0696
   2297.4458
   2291.3718
   2284.8625
   2277.9360
   2270.6160
   2262.9224
   2254.8691
   2246.5107
   2237.8936
   2229.0569
   2220.0381
   2210.8716
   2201.5867
   2192.2065
   2182.7529
   2173.2437
   2163.6931
   2154.1125
   2144.5115
   2134.8975
   2125.2773
# Travel time at depth =  35.00 km.
   2327.7842
   2327.5330
   2326.7803
   2325.5266
   2323.7727
   2321.5208
   2318.7729
   2315.5320
   2311.8022
   2307.5889
   2302.8958
   2297.7322
   2292.1089
   2286.0356
   2279.5271
   2272.6013
   2265.2817
   2257.5889
   2249.5364
   2241.1785
   2232.5620
   2223.7258
   2214.7070
   2205.5410
   2196.2563
   2186.8762
   2177.4229
   2167.9138
   2158.3633
   2148.7827
   2139.1816
   2129.5679
   2119.9478
# Travel time at depth =  50.00 km.
   2324.4373
   2324.1860
   2323.4333
   2322.1799
   2320.4263
   2318.1746
   2315.4268
   2312.1865
   2308.4570
   2304.2441
   2299.5513
   2294.3884
   2288.7656
   2282.6931
   2276.1851
   2269.2598
   2261.9409
   2254.2488
   2246.1968
   2237.8394
   2229.2234
   2220.3875
   2211.3691
   2202.2034
   2192.9189
   2183.5391
   2174.0859
   2164.5769
   2155.0264
   2145.4458
   2135.8447
   2126.2310
   2116.6108
# Travel time at depth =  75.00 km.
   2318.8650
   2318.6138
   2317.8613
   2316.6079
   2314.8547
   2312.6033
   2309.8562
   2306.6165
   2302.8877
   2298.6755
   2293.9836
   2288.8215
   2283.1997
   2277.1282
   2270.6211
   2263.6970
   2256.3792
   2248.6880
   2240.6370
   2232.2805
   2223.6653
   2214.8301
   2205.8123
   2196.6470
   2187.3628
   2177.9832
   2168.5303
   2159.0215
   2149.4709
   2139.8906
   2130.2896
   2120.6758
   2111.0557
# Travel time at depth = 100.00 km.
   2313.3000
   2313.0488
   2312.2966
   2311.0435
   2309.2905
   2307.0396
   2304.2930
   2301.0537
   2297.3254
   2293.1143
   2288.4231
   2283.2620
   2277.6411
   2271.5706
   2265.0647
   2258.1414
   2250.8247
   2243.1345
   2235.0847
   2226.7290
   2218.1145
   2209.2800
   2200.2627
   2191.0979
   2181.8140
   2172.4348
   2162.9822
   2153.4734
   2143.9231
   2134.3428
   2124.7419
   2115.1282
   2105.5081
# Travel time at depth = 150.00 km.
   2302.1909
   2301.9399
   2301.1877
   2299.9353
   2298.1829
   2295.9329
   2293.1873
   2289.9492
   2286.2224
   2282.0127
   2277.3232
   2272.1638
   2266.5449
   2260.4763
   2253.9727
   2247.0515
   2239.7368
   2232.0491
   2224.0012
   2215.6472
   2207.0342
   2198.2012
   2189.1851
   2180.0210
   2170.7380
   2161.3594
   2151.9070
   2142.3987
   2132.8489
   2123.2686
   2113.6677
   2104.0542
   2094.4341
# Travel time at depth = 200.00 km.
   2291.1069
   2290.8560
   2290.1042
   2288.8521
   2287.1003
   2284.8513
   2282.1067
   2278.8699
   2275.1445
   2270.9363
   2266.2485
   2261.0911
   2255.4741
   2249.4077
   2242.9060
   2235.9873
   2228.6746
   2220.9890
   2212.9431
   2204.5911
   2195.9797
   2187.1479
   2178.1331
   2168.9700
   2159.6877
   2150.3096
   2140.8579
   2131.3499
   2121.8000
   2112.2202
   2102.6196
   2093.0059
   2083.3860
# Travel time at depth = 250.00 km.
   2280.1157
   2279.8650
   2279.1135
   2277.8618
   2276.1108
   2273.8625
   2271.1191
   2267.8835
   2264.1597
   2259.9529
   2255.2671
   2250.1116
   2244.4966
   2238.4321
   2231.9329
   2225.0161
   2217.7058
   2210.0225
   2201.9788
   2193.6284
   2185.0188
   2176.1885
   2167.1748
   2158.0125
   2148.7312
   2139.3538
   2129.9023
   2120.3948
   2110.8452
   2101.2656
   2091.6650
   2082.0515
   2072.4314
# Travel time at depth = 300.00 km.
   2269.3281
   2269.0774
   2268.3262
   2267.0752
   2265.3247
   2263.0774
   2260.3352
   2257.1008
   2253.3784
   2249.1733
   2244.4893
   2239.3357
   2233.7229
   2227.6606
   2221.1636
   2214.2493
   2206.9412
   2199.2600
   2191.2188
   2182.8704
   2174.2622
   2165.4333
   2156.4209
   2147.2598
   2137.9790
   2128.6023
   2119.1516
   2109.6443
   2100.0952
   2090.5156
   2080.9150
   2071.3018
   2061.6816
# Travel time at depth = 400.00 km.
   2248.3416
   2248.0911
   2247.3406
   2246.0906
   2244.3418
   2242.0962
   2239.3562
   2236.1248
   2232.4053
   2228.2039
   2223.5237
   2218.3740
   2212.7656
   2206.7083
   2200.2158
   2193.3064
   2186.0032
   2178.3269
   2170.2903
   2161.9460
   2153.3416
   2144.5156
   2135.5059
   2126.3467
   2117.0679
   2107.6924
   2098.2427
   2088.7363
   2079.1877
   2069.6086
   2060.0085
   2050.3953
   2040.7753
# Travel time at depth = 500.00 km.
   2228.8921
   2228.6418
   2227.8921
   2226.6433
   2224.8962
   2222.6528
   2219.9155
   2216.6870
   2212.9712
   2208.7734
   2204.0977
   2198.9526
   2193.3491
   2187.2969
   2180.8098
   2173.9058
   2166.6079
   2158.9373
   2150.9058
   2142.5659
   2133.9656
   2125.1431
   2116.1362
   2106.9795
   2097.7026
   2088.3286
   2078.8801
   2069.3745
   2059.8267
   2050.2480
   2040.6482
   2031.0350
   2021.4153
# Travel time at depth = 600.00 km.
   2210.2908
   2210.0408
   2209.2917
   2208.0442
   2206.2991
   2204.0579
   2201.3235
   2198.0981
   2194.3860
   2190.1926
   2185.5215
   2180.3813
   2174.7832
   2168.7363
   2162.2551
   2155.3572
   2148.0649
   2140.4001
   2132.3745
   2124.0396
   2115.4436
   2106.6250
   2097.6211
   2088.4670
   2079.1921
   2069.8201
   2060.3726
   2050.8682
   2041.3209
   2031.7428
   2022.1433
   2012.5304
   2002.9106
# Travel time at depth = 700.00 km.
   2192.8184
   2192.5686
   2191.8206
   2190.5745
   2188.8311
   2186.5928
   2183.8611
   2180.6396
   2176.9316
   2172.7429
   2168.0767
   2162.9421
   2157.3499
   2151.3093
   2144.8342
   2137.9426
   2130.6570
   2122.9988
   2114.9795
   2106.6499
   2098.0586
   2089.2441
   2080.2439
   2071.0925
   2061.8201
   2052.4497
   2043.0039
   2033.5005
   2023.9540
   2014.3765
   2004.7773
   1995.1647
   1985.5450
# Modelling error(s)
   1   1
#
   4.000
#@(#)        ak135.SKKSdf     2.1     06 Jun 1996
