# ak135 travel-time table for phase: SKKSac_B (back branch) 
 14   Number of depth samples at the following depths (km):
    0.00   15.00   35.00   50.00   75.00  100.00  150.00  200.00  250.00  300.00
  400.00  500.00  600.00  700.00
 33   Number of distance samples at the following distances (deg):
   84.00   87.00   90.00   93.00   96.00   99.00  102.00  105.00  108.00  111.00
  114.00  117.00  120.00  123.00  126.00  129.00  132.00  135.00  138.00  141.00
  144.00  147.00  150.00  153.00  156.00  159.00  162.00  165.00  168.00  171.00
  174.00  177.00  180.00
# Travel time at depth =   0.00 km.
   2283.1418
   2276.8086
   2270.3193
   2263.6692
   2256.8420
   2249.8284
   2242.6206
   2235.2024
   2227.5579
   2219.6755
   2211.5476
   2203.1687
   2194.5425
   2185.6719
   2176.5562
   2167.1960
   2157.5925
   2147.7429
   2137.6443
   2127.3003
   2116.7129
   2105.8794
   2094.7974
   2083.4670
   2071.8867
   2060.0557
   2047.9757
   2035.6455
   2023.0624
   2010.2274
   1997.1411
   1983.7993
   1970.1995
# Travel time at depth =  15.00 km.
   2278.8157
   2272.4829
   2265.9941
   2259.3445
   2252.5178
   2245.5049
   2238.2979
   2230.8804
   2223.2366
   2215.3552
   2207.2283
   2198.8503
   2190.2251
   2181.3555
   2172.2410
   2162.8818
   2153.2795
   2143.4309
   2133.3335
   2122.9905
   2112.4043
   2101.5723
   2090.4915
   2079.1626
   2067.5837
   2055.7539
   2043.6754
   2031.3466
   2018.7650
   2005.9316
   1992.8468
   1979.5067
   1965.9084
# Travel time at depth =  35.00 km.
   2273.4878
   2267.1558
   2260.6677
   2254.0188
   2247.1931
   2240.1812
   2232.9749
   2225.5586
   2217.9160
   2210.0361
   2201.9104
   2193.5339
   2184.9099
   2176.0420
   2166.9290
   2157.5713
   2147.9707
   2138.1238
   2128.0281
   2117.6868
   2107.1025
   2096.2720
   2085.1934
   2073.8662
   2062.2893
   2050.4617
   2038.3853
   2026.0586
   2013.4791
   2000.6479
   1987.5654
   1974.2277
   1960.6318
# Travel time at depth =  50.00 km.
   2270.1528
   2263.8213
   2257.3340
   2250.6858
   2243.8608
   2236.8496
   2229.6443
   2222.2290
   2214.5874
   2206.7087
   2198.5842
   2190.2090
   2181.5864
   2172.7200
   2163.6082
   2154.2520
   2144.6526
   2134.8074
   2124.7131
   2114.3735
   2103.7908
   2092.9619
   2081.8850
   2070.5596
   2058.9846
   2047.1587
   2035.0841
   2022.7594
   2010.1819
   1997.3527
   1984.2722
   1970.9366
   1957.3429
# Travel time at depth =  75.00 km.
   2264.6006
   2258.2703
   2251.7839
   2245.1370
   2238.3130
   2231.3032
   2224.0996
   2216.6860
   2209.0461
   2201.1694
   2193.0471
   2184.6741
   2176.0537
   2167.1892
   2158.0798
   2148.7261
   2139.1292
   2129.2864
   2119.1948
   2108.8577
   2098.2776
   2087.4517
   2076.3774
   2065.0552
   2053.4832
   2041.6603
   2029.5887
   2017.2673
   2004.6932
   1991.8673
   1978.7903
   1965.4583
   1951.8683
# Travel time at depth = 100.00 km.
   2259.0559
   2252.7266
   2246.2412
   2239.5955
   2232.7729
   2225.7646
   2218.5623
   2211.1504
   2203.5125
   2195.6377
   2187.5176
   2179.1467
   2170.5286
   2161.6663
   2152.5593
   2143.2078
   2133.6135
   2123.7732
   2113.6843
   2103.3499
   2092.7725
   2081.9492
   2070.8779
   2059.5586
   2047.9895
   2036.1698
   2024.1014
   2011.7833
   1999.2125
   1986.3900
   1973.3165
   1959.9880
   1946.4017
# Travel time at depth = 150.00 km.
   2247.9880
   2241.6609
   2235.1775
   2228.5342
   2221.7144
   2214.7087
   2207.5095
   2200.1011
   2192.4668
   2184.5959
   2176.4800
   2168.1138
   2159.5000
   2150.6426
   2141.5400
   2132.1934
   2122.6040
   2112.7690
   2102.6853
   2092.3562
   2081.7844
   2070.9668
   2059.9014
   2048.5879
   2037.0251
   2025.2118
   2013.1498
   2000.8383
   1988.2743
   1975.4586
   1962.3921
   1949.0710
   1935.4923
# Travel time at depth = 200.00 km.
   2236.9458
   2230.6208
   2224.1399
   2217.4988
   2210.6816
   2203.6790
   2196.4827
   2189.0776
   2181.4473
   2173.5808
   2165.4690
   2157.1072
   2148.4980
   2139.6453
   2130.5476
   2121.2058
   2111.6216
   2101.7917
   2091.7134
   2081.3899
   2070.8235
   2060.0120
   2048.9524
   2037.6450
   2026.0885
   2014.2815
   2002.2261
   1989.9211
   1977.3641
   1964.5555
   1951.4961
   1938.1825
   1924.6115
# Travel time at depth = 250.00 km.
   2225.9976
   2219.6748
   2213.1960
   2206.5574
   2199.7429
   2192.7432
   2185.5503
   2178.1489
   2170.5225
   2162.6599
   2154.5527
   2146.1956
   2137.5908
   2128.7429
   2119.6504
   2110.3135
   2100.7344
   2090.9099
   2080.8372
   2070.5193
   2059.9585
   2049.1528
   2038.0994
   2026.7983
   2015.2482
   2003.4478
   1991.3989
   1979.1011
   1966.5510
   1953.7496
   1940.6976
   1927.3916
   1913.8282
# Travel time at depth = 300.00 km.
   2215.2542
   2208.9338
   2202.4573
   2195.8213
   2189.0098
   2182.0129
   2174.8232
   2167.4255
   2159.8030
   2151.9448
   2143.8423
   2135.4897
   2126.8901
   2118.0469
   2108.9595
   2099.6279
   2090.0542
   2080.2354
   2070.1685
   2059.8560
   2049.3013
   2038.5018
   2027.4547
   2016.1600
   2004.6166
   1992.8230
   1980.7810
   1968.4902
   1955.9475
   1943.1536
   1930.1091
   1916.8110
   1903.2559
# Travel time at depth = 400.00 km.
   2194.3611
   2188.0457
   2181.5740
   2174.9431
   2168.1377
   2161.1472
   2153.9644
   2146.5745
   2138.9604
   2131.1113
   2123.0186
   2114.6760
   2106.0867
   2097.2539
   2088.1770
   2078.8564
   2069.2939
   2059.4868
   2049.4319
   2039.1320
   2028.5896
   2017.8030
   2006.7692
   1995.4880
   1983.9586
   1972.1794
   1960.1520
   1947.8762
   1935.3489
   1922.5706
   1909.5421
   1896.2607
   1882.7225
# Travel time at depth = 500.00 km.
   2175.0159
   2168.7061
   2162.2395
   2155.6147
   2148.8159
   2141.8325
   2134.6572
   2127.2759
   2119.6714
   2111.8325
   2103.7505
   2095.4192
   2086.8411
   2078.0200
   2068.9553
   2059.6470
   2050.0969
   2040.3029
   2030.2615
   2019.9750
   2009.4467
   1998.6744
   1987.6554
   1976.3895
   1964.8757
   1953.1125
   1941.1013
   1928.8424
   1916.3323
   1903.5714
   1890.5609
   1877.2981
   1863.7789
# Travel time at depth = 600.00 km.
   2156.5271
   2150.2231
   2143.7625
   2137.1440
   2130.3523
   2123.3765
   2116.2095
   2108.8376
   2101.2432
   2093.4153
   2085.3447
   2077.0256
   2068.4597
   2059.6511
   2050.5996
   2041.3044
   2031.7679
   2021.9880
   2011.9613
   2001.6895
   1991.1760
   1980.4194
   1969.4165
   1958.1670
   1946.6702
   1934.9242
   1922.9305
   1910.6897
   1898.1982
   1885.4564
   1872.4651
   1859.2224
   1845.7239
# Travel time at depth = 700.00 km.
   2139.1785
   2132.8813
   2126.4270
   2119.8157
   2113.0317
   2106.0645
   2098.9065
   2091.5447
   2083.9614
   2076.1455
   2068.0879
   2059.7822
   2051.2300
   2042.4352
   2033.3977
   2024.1172
   2014.5956
   2004.8314
   1994.8207
   1984.5652
   1974.0682
   1963.3289
   1952.3436
   1941.1123
   1929.6342
   1917.9073
   1905.9331
   1893.7123
   1881.2413
   1868.5205
   1855.5505
   1842.3301
   1828.8542
#@(#)        ak135.SKKSac_B     2.1     06 Jun 1996
