# ak135 travel-time table for phase: SKPbc       
 14   Number of depth samples at the following depths (km):
    0.00   15.00   35.00   50.00   75.00  100.00  150.00  200.00  250.00  300.00
  400.00  500.00  600.00  700.00
 19   Number of distance samples at the following distances (deg):
  131.00  132.00  133.00  134.00  135.00  136.00  137.00  138.00  139.00  140.00
  141.00  142.00  143.00  144.00  145.00  146.00  147.00  148.00  149.00
# Travel time at depth =   0.00 km.
   1359.1194
   1362.7483
   1366.2299
   1369.5828
   1372.8163
   1375.9417
   1378.9633
   1381.8851
   1384.7097
   1387.4364
   1390.0699
   1392.6174
   1395.0867
   1397.4869
   1399.8260
   1402.1075
   1404.3350
   1406.5140
   1408.6490
# Travel time at depth =  15.00 km.
   1354.8132
   1358.4396
   1361.9192
   1365.2703
   1368.5023
   1371.6262
   1374.6466
   1377.5671
   1380.3906
   1383.1162
   1385.7488
   1388.2954
   1390.7638
   1393.1635
   1395.5020
   1397.7830
   1400.0099
   1402.1886
   1404.3232
# Travel time at depth =  35.00 km.
   1349.5144
   1353.1372
   1356.6139
   1359.9624
   1363.1921
   1366.3142
   1369.3326
   1372.2515
   1375.0732
   1377.7972
   1380.4282
   1382.9735
   1385.4409
   1387.8396
   1390.1772
   1392.4574
   1394.6836
   1396.8618
   1398.9958
# Travel time at depth =  50.00 km.
   1346.2056
   1349.8250
   1353.2991
   1356.6453
   1359.8730
   1362.9932
   1366.0099
   1368.9271
   1371.7474
   1374.4700
   1377.0996
   1379.6439
   1382.1102
   1384.5081
   1386.8450
   1389.1244
   1391.3500
   1393.5276
   1395.6611
# Travel time at depth =  75.00 km.
   1340.6970
   1344.3109
   1347.7808
   1351.1230
   1354.3474
   1357.4646
   1360.4785
   1363.3931
   1366.2107
   1368.9308
   1371.5583
   1374.1006
   1376.5653
   1378.9618
   1381.2974
   1383.5757
   1385.8002
   1387.9768
   1390.1095
# Travel time at depth = 100.00 km.
   1335.1962
   1338.8046
   1342.2700
   1345.6085
   1348.8295
   1351.9436
   1354.9546
   1357.8666
   1360.6816
   1363.3993
   1366.0247
   1368.5649
   1371.0280
   1373.4230
   1375.7572
   1378.0343
   1380.2578
   1382.4336
   1384.5653
# Travel time at depth = 150.00 km.
   1324.2164
   1327.8140
   1331.2708
   1334.6014
   1337.8156
   1340.9235
   1343.9287
   1346.8352
   1349.6450
   1352.3578
   1354.9788
   1357.5151
   1359.9746
   1362.3668
   1364.6985
   1366.9733
   1369.1946
   1371.3684
   1373.4984
# Travel time at depth = 200.00 km.
   1313.2633
   1316.8500
   1320.2981
   1323.6208
   1326.8281
   1329.9297
   1332.9291
   1335.8302
   1338.6348
   1341.3424
   1343.9589
   1346.4913
   1348.9474
   1351.3367
   1353.6658
   1355.9380
   1358.1571
   1360.3291
   1362.4573
# Travel time at depth = 250.00 km.
   1302.4054
   1305.9812
   1309.4205
   1312.7352
   1315.9355
   1319.0308
   1322.0242
   1324.9197
   1327.7188
   1330.4214
   1333.0333
   1335.5618
   1338.0144
   1340.4006
   1342.7271
   1344.9968
   1347.2137
   1349.3838
   1351.5100
# Travel time at depth = 300.00 km.
   1291.7546
   1295.3196
   1298.7498
   1302.0563
   1305.2495
   1308.3381
   1311.3253
   1314.2151
   1317.0087
   1319.7061
   1322.3132
   1324.8375
   1327.2866
   1329.6698
   1331.9934
   1334.2606
   1336.4752
   1338.6434
   1340.7677
# Travel time at depth = 400.00 km.
   1271.0542
   1274.5968
   1278.0081
   1281.2975
   1284.4760
   1287.5508
   1290.5250
   1293.4028
   1296.1846
   1298.8711
   1301.4686
   1303.9843
   1306.4259
   1308.8027
   1311.1206
   1313.3823
   1315.5923
   1317.7563
   1319.8765
# Travel time at depth = 500.00 km.
   1251.9198
   1255.4386
   1258.8291
   1262.1000
   1265.2622
   1268.3218
   1271.2820
   1274.1465
   1276.9152
   1279.5897
   1282.1765
   1284.6827
   1287.1162
   1289.4861
   1291.7975
   1294.0533
   1296.2582
   1298.4176
   1300.5330
# Travel time at depth = 600.00 km.
   1233.6543
   1237.1483
   1240.5170
   1243.7683
   1246.9132
   1249.9567
   1252.9017
   1255.7520
   1258.5067
   1261.1686
   1263.7440
   1266.2401
   1268.6652
   1271.0275
   1273.3320
   1275.5815
   1277.7809
   1279.9354
   1282.0458
# Travel time at depth = 700.00 km.
   1216.5475
   1220.0151
   1223.3600
   1226.5905
   1229.7167
   1232.7424
   1235.6711
   1238.5057
   1241.2452
   1243.8933
   1246.4565
   1248.9418
   1251.3575
   1253.7118
   1256.0088
   1258.2515
   1260.4448
   1262.5940
   1264.6986
# Modelling error(s)
   1   1
#
   1.500
#@(#)        ak135.SKPbc     2.1     06 Jun 1996
