# ak135 travel-time table for phase: SKPdf       
 14   Number of depth samples at the following depths (km):
    0.00   15.00   35.00   50.00   75.00  100.00  150.00  200.00  250.00  300.00
  400.00  500.00  600.00  700.00
 47   Number of distance samples at the following distances (deg):
  111.00  112.50  114.00  115.50  117.00  118.50  120.00  121.50  123.00  124.50
  126.00  127.50  129.00  130.50  132.00  133.50  135.00  136.50  138.00  139.50
  141.00  142.50  144.00  145.50  147.00  148.50  150.00  151.50  153.00  154.50
  156.00  157.50  159.00  160.50  162.00  163.50  165.00  166.50  168.00  169.50
  171.00  172.50  174.00  175.50  177.00  178.50  180.00
# Travel time at depth =   0.00 km.
   1331.9049
   1334.7910
   1337.6763
   1340.5599
   1343.4414
   1346.3198
   1349.1942
   1352.0636
   1354.9268
   1357.7823
   1360.6287
   1363.4640
   1366.2863
   1369.0930
   1371.8812
   1374.6481
   1377.3904
   1380.1041
   1382.7844
   1385.4261
   1388.0238
   1390.5713
   1393.0629
   1395.4896
   1397.8407
   1400.1111
   1402.3002
   1404.4034
   1406.4159
   1408.3337
   1410.1536
   1411.8728
   1413.4888
   1415.0006
   1416.4054
   1417.7012
   1418.8876
   1419.9637
   1420.9283
   1421.7810
   1422.5210
   1423.1479
   1423.6613
   1424.0608
   1424.3463
   1424.5177
   1424.5750
# Travel time at depth =  15.00 km.
   1327.5774
   1330.4635
   1333.3488
   1336.2324
   1339.1139
   1341.9923
   1344.8667
   1347.7360
   1350.5991
   1353.4546
   1356.3009
   1359.1362
   1361.9584
   1364.7650
   1367.5532
   1370.3198
   1373.0621
   1375.7756
   1378.4557
   1381.0973
   1383.6947
   1386.2419
   1388.7332
   1391.1597
   1393.5104
   1395.7805
   1397.9692
   1400.0720
   1402.0841
   1404.0017
   1405.8212
   1407.5400
   1409.1558
   1410.6674
   1412.0718
   1413.3673
   1414.5535
   1415.6294
   1416.5939
   1417.4463
   1418.1862
   1418.8129
   1419.3262
   1419.7256
   1420.0111
   1420.1825
   1420.2396
# Travel time at depth =  35.00 km.
   1322.2477
   1325.1338
   1328.0190
   1330.9027
   1333.7842
   1336.6625
   1339.5369
   1342.4061
   1345.2692
   1348.1246
   1350.9708
   1353.8060
   1356.6282
   1359.4347
   1362.2227
   1364.9891
   1367.7312
   1370.4445
   1373.1243
   1375.7656
   1378.3627
   1380.9095
   1383.4004
   1385.8264
   1388.1766
   1390.4462
   1392.6344
   1394.7368
   1396.7484
   1398.6654
   1400.4844
   1402.2029
   1403.8180
   1405.3292
   1406.7332
   1408.0283
   1409.2142
   1410.2898
   1411.2539
   1412.1062
   1412.8457
   1413.4723
   1413.9855
   1414.3848
   1414.6700
   1414.8414
   1414.8986
# Travel time at depth =  50.00 km.
   1318.9109
   1321.7970
   1324.6823
   1327.5659
   1330.4473
   1333.3257
   1336.2000
   1339.0692
   1341.9323
   1344.7876
   1347.6338
   1350.4689
   1353.2909
   1356.0972
   1358.8851
   1361.6515
   1364.3933
   1367.1064
   1369.7860
   1372.4270
   1375.0238
   1377.5703
   1380.0608
   1382.4865
   1384.8362
   1387.1052
   1389.2931
   1391.3949
   1393.4061
   1395.3226
   1397.1412
   1398.8593
   1400.4740
   1401.9847
   1403.3884
   1404.6832
   1405.8688
   1406.9440
   1407.9080
   1408.7599
   1409.4993
   1410.1257
   1410.6387
   1411.0378
   1411.3231
   1411.4944
   1411.5516
# Travel time at depth =  75.00 km.
   1313.3557
   1316.2418
   1319.1271
   1322.0107
   1324.8921
   1327.7704
   1330.6447
   1333.5138
   1336.3768
   1339.2321
   1342.0781
   1344.9131
   1347.7349
   1350.5410
   1353.3287
   1356.0948
   1358.8363
   1361.5491
   1364.2283
   1366.8688
   1369.4651
   1372.0111
   1374.5010
   1376.9259
   1379.2749
   1381.5432
   1383.7302
   1385.8313
   1387.8418
   1389.7576
   1391.5754
   1393.2926
   1394.9067
   1396.4169
   1397.8198
   1399.1140
   1400.2991
   1401.3739
   1402.3374
   1403.1890
   1403.9280
   1404.5541
   1405.0668
   1405.4658
   1405.7510
   1405.9221
   1405.9794
# Travel time at depth = 100.00 km.
   1307.8081
   1310.6941
   1313.5793
   1316.4630
   1319.3444
   1322.2225
   1325.0968
   1327.9659
   1330.8287
   1333.6840
   1336.5299
   1339.3647
   1342.1864
   1344.9923
   1347.7797
   1350.5455
   1353.2869
   1355.9993
   1358.6780
   1361.3181
   1363.9139
   1366.4594
   1368.9485
   1371.3728
   1373.7209
   1375.9885
   1378.1748
   1380.2751
   1382.2848
   1384.1997
   1386.0168
   1387.7334
   1389.3468
   1390.8563
   1392.2587
   1393.5522
   1394.7368
   1395.8110
   1396.7740
   1397.6252
   1398.3639
   1398.9897
   1399.5022
   1399.9010
   1400.1860
   1400.3572
   1400.4143
# Travel time at depth = 150.00 km.
   1296.7341
   1299.6201
   1302.5054
   1305.3889
   1308.2703
   1311.1483
   1314.0225
   1316.8915
   1319.7542
   1322.6091
   1325.4548
   1328.2893
   1331.1106
   1333.9163
   1336.7031
   1339.4684
   1342.2091
   1344.9208
   1347.5988
   1350.2379
   1352.8326
   1355.3770
   1357.8649
   1360.2877
   1362.6343
   1364.9004
   1367.0851
   1369.1838
   1371.1919
   1373.1053
   1374.9209
   1376.6360
   1378.2480
   1379.7561
   1381.1572
   1382.4496
   1383.6331
   1384.7063
   1385.6685
   1386.5188
   1387.2568
   1387.8820
   1388.3940
   1388.7925
   1389.0773
   1389.2482
   1389.3052
# Travel time at depth = 200.00 km.
   1285.6859
   1288.5719
   1291.4570
   1294.3406
   1297.2218
   1300.0999
   1302.9739
   1305.8428
   1308.7052
   1311.5601
   1314.4054
   1317.2397
   1320.0607
   1322.8658
   1325.6522
   1328.4170
   1331.1570
   1333.8679
   1336.5450
   1339.1833
   1341.7770
   1344.3201
   1346.8068
   1349.2281
   1351.5731
   1353.8376
   1356.0208
   1358.1179
   1360.1244
   1362.0363
   1363.8503
   1365.5638
   1367.1744
   1368.6813
   1370.0811
   1371.3722
   1372.5546
   1373.6267
   1374.5880
   1375.4375
   1376.1748
   1376.7994
   1377.3109
   1377.7090
   1377.9934
   1378.1642
   1378.2213
# Travel time at depth = 250.00 km.
   1274.7314
   1277.6174
   1280.5026
   1283.3861
   1286.2672
   1289.1453
   1292.0190
   1294.8878
   1297.7501
   1300.6046
   1303.4498
   1306.2838
   1309.1044
   1311.9091
   1314.6951
   1317.4592
   1320.1986
   1322.9088
   1325.5851
   1328.2223
   1330.8149
   1333.3568
   1335.8423
   1338.2620
   1340.6053
   1342.8683
   1345.0498
   1347.1454
   1349.1501
   1351.0604
   1352.8729
   1354.5850
   1356.1940
   1357.6995
   1359.0979
   1360.3878
   1361.5690
   1362.6401
   1363.6005
   1364.4492
   1365.1858
   1365.8097
   1366.3208
   1366.7184
   1367.0026
   1367.1732
   1367.2301
# Travel time at depth = 300.00 km.
   1263.9817
   1266.8677
   1269.7528
   1272.6362
   1275.5173
   1278.3951
   1281.2689
   1284.1375
   1286.9996
   1289.8540
   1292.6989
   1295.5325
   1298.3527
   1301.1570
   1303.9424
   1306.7061
   1309.4447
   1312.1542
   1314.8296
   1317.4658
   1320.0573
   1322.5979
   1325.0819
   1327.5001
   1329.8418
   1332.1030
   1334.2830
   1336.3768
   1338.3799
   1340.2885
   1342.0994
   1343.8097
   1345.4174
   1346.9213
   1348.3184
   1349.6071
   1350.7870
   1351.8572
   1352.8165
   1353.6643
   1354.4001
   1355.0234
   1355.5339
   1355.9312
   1356.2151
   1356.3855
   1356.4424
# Travel time at depth = 400.00 km.
   1243.0752
   1245.9612
   1248.8462
   1251.7295
   1254.6105
   1257.4882
   1260.3616
   1263.2299
   1266.0916
   1268.9454
   1271.7898
   1274.6228
   1277.4421
   1280.2455
   1283.0298
   1285.7922
   1288.5294
   1291.2372
   1293.9108
   1296.5448
   1299.1339
   1301.6720
   1304.1531
   1306.5680
   1308.9060
   1311.1638
   1313.3402
   1315.4304
   1317.4301
   1319.3351
   1321.1425
   1322.8496
   1324.4540
   1325.9550
   1327.3491
   1328.6351
   1329.8126
   1330.8805
   1331.8378
   1332.6838
   1333.4180
   1334.0400
   1334.5494
   1334.9458
   1335.2290
   1335.3992
   1335.4559
# Travel time at depth = 500.00 km.
   1223.7152
   1226.6012
   1229.4861
   1232.3693
   1235.2500
   1238.1274
   1241.0007
   1243.8685
   1246.7299
   1249.5831
   1252.4269
   1255.2590
   1258.0775
   1260.8799
   1263.6630
   1266.4240
   1269.1595
   1271.8655
   1274.5369
   1277.1686
   1279.7550
   1282.2902
   1284.7681
   1287.1791
   1289.5131
   1291.7670
   1293.9396
   1296.0259
   1298.0214
   1299.9226
   1301.7261
   1303.4294
   1305.0304
   1306.5280
   1307.9188
   1309.2019
   1310.3767
   1311.4420
   1312.3971
   1313.2411
   1313.9735
   1314.5940
   1315.1022
   1315.4976
   1315.7802
   1315.9498
   1316.0065
# Travel time at depth = 600.00 km.
   1205.2106
   1208.0964
   1210.9813
   1213.8644
   1216.7449
   1219.6221
   1222.4950
   1225.3624
   1228.2233
   1231.0760
   1233.9191
   1236.7504
   1239.5679
   1242.3690
   1245.1508
   1247.9103
   1250.6442
   1253.3480
   1256.0171
   1258.6462
   1261.2297
   1263.7616
   1266.2360
   1268.6429
   1270.9727
   1273.2224
   1275.3907
   1277.4728
   1279.4640
   1281.3610
   1283.1604
   1284.8597
   1286.4568
   1287.9507
   1289.3383
   1290.6180
   1291.7899
   1292.8525
   1293.8051
   1294.6470
   1295.3774
   1295.9963
   1296.5032
   1296.8976
   1297.1794
   1297.3486
   1297.4052
# Travel time at depth = 700.00 km.
   1187.8450
   1190.7308
   1193.6155
   1196.4984
   1199.3788
   1202.2556
   1205.1282
   1207.9952
   1210.8555
   1213.7075
   1216.5498
   1219.3802
   1222.1967
   1224.9965
   1227.7767
   1230.5345
   1233.2665
   1235.9680
   1238.6346
   1241.2609
   1243.8411
   1246.3694
   1248.8398
   1251.2423
   1253.5673
   1255.8124
   1257.9761
   1260.0533
   1262.0399
   1263.9321
   1265.7271
   1267.4220
   1269.0149
   1270.5048
   1271.8884
   1273.1648
   1274.3334
   1275.3931
   1276.3429
   1277.1824
   1277.9109
   1278.5280
   1279.0333
   1279.4266
   1279.7076
   1279.8765
   1279.9327
# Modelling error(s)
   1   1
#
   1.200
#@(#)        ak135.SKPdf     2.1     06 Jun 1996
