# ak135 travel-time table for phase: SKSdf       
 14   Number of depth samples at the following depths (km):
    0.00   15.00   35.00   50.00   75.00  100.00  150.00  200.00  250.00  300.00
  400.00  500.00  600.00  700.00
 38   Number of distance samples at the following distances (deg):
  106.00  108.00  110.00  112.00  114.00  116.00  118.00  120.00  122.00  124.00
  126.00  128.00  130.00  132.00  134.00  136.00  138.00  140.00  142.00  144.00
  146.00  148.00  150.00  152.00  154.00  156.00  158.00  160.00  162.00  164.00
  166.00  168.00  170.00  172.00  174.00  176.00  178.00  180.00
# Travel time at depth =   0.00 km.
   1538.9728
   1542.8208
   1546.6667
   1550.5090
   1554.3458
   1558.1750
   1561.9938
   1565.7991
   1569.5873
   1573.3540
   1577.0938
   1580.8002
   1584.4669
   1588.0859
   1591.6471
   1595.1399
   1598.5525
   1601.8734
   1605.0861
   1608.1726
   1611.1289
   1613.9491
   1616.6244
   1619.1481
   1621.5144
   1623.7185
   1625.7578
   1627.6278
   1629.3252
   1630.8491
   1632.1973
   1633.3683
   1634.3608
   1635.1742
   1635.8075
   1636.2601
   1636.5319
   1636.6226
# Travel time at depth =  15.00 km.
   1534.6453
   1538.4933
   1542.3392
   1546.1815
   1550.0183
   1553.8474
   1557.6661
   1561.4714
   1565.2595
   1569.0261
   1572.7657
   1576.4720
   1580.1387
   1583.7574
   1587.3184
   1590.8108
   1594.2231
   1597.5437
   1600.7560
   1603.8422
   1606.7980
   1609.6177
   1612.2926
   1614.8159
   1617.1819
   1619.3856
   1621.4244
   1623.2942
   1624.9913
   1626.5149
   1627.8628
   1629.0336
   1630.0260
   1630.8391
   1631.4723
   1631.9248
   1632.1965
   1632.2872
# Travel time at depth =  35.00 km.
   1529.3156
   1533.1636
   1537.0095
   1540.8518
   1544.6885
   1548.5176
   1552.3362
   1556.1414
   1559.9294
   1563.6958
   1567.4353
   1571.1414
   1574.8077
   1578.4263
   1581.9868
   1585.4789
   1588.8909
   1592.2109
   1595.4226
   1598.5081
   1601.4634
   1604.2825
   1606.9568
   1609.4795
   1611.8447
   1614.0480
   1616.0864
   1617.9556
   1619.6522
   1621.1754
   1622.5229
   1623.6935
   1624.6855
   1625.4985
   1626.1315
   1626.5839
   1626.8556
   1626.9462
# Travel time at depth =  50.00 km.
   1525.9788
   1529.8268
   1533.6726
   1537.5149
   1541.3517
   1545.1807
   1548.9993
   1552.8043
   1556.5923
   1560.3585
   1564.0979
   1567.8037
   1571.4700
   1575.0881
   1578.6484
   1582.1401
   1585.5516
   1588.8712
   1592.0824
   1595.1674
   1598.1221
   1600.9407
   1603.6144
   1606.1366
   1608.5013
   1610.7041
   1612.7419
   1614.6107
   1616.3070
   1617.8298
   1619.1770
   1620.3473
   1621.3391
   1622.1519
   1622.7847
   1623.2369
   1623.5085
   1623.5992
# Travel time at depth =  75.00 km.
   1520.4237
   1524.2716
   1528.1174
   1531.9597
   1535.7964
   1539.6252
   1543.4437
   1547.2488
   1551.0365
   1554.8026
   1558.5416
   1562.2472
   1565.9130
   1569.5308
   1573.0906
   1576.5817
   1579.9924
   1583.3113
   1586.5216
   1589.6056
   1592.5594
   1595.3771
   1598.0499
   1600.5712
   1602.9351
   1605.1370
   1607.1742
   1609.0421
   1610.7377
   1612.2599
   1613.6066
   1614.7762
   1615.7677
   1616.5802
   1617.2128
   1617.6649
   1617.9363
   1618.0269
# Travel time at depth = 100.00 km.
   1514.8760
   1518.7239
   1522.5698
   1526.4120
   1530.2485
   1534.0774
   1537.8958
   1541.7006
   1545.4882
   1549.2540
   1552.9928
   1556.6981
   1560.3635
   1563.9808
   1567.5400
   1571.0306
   1574.4408
   1577.7588
   1580.9683
   1584.0513
   1587.0042
   1589.8209
   1592.4929
   1595.0132
   1597.3762
   1599.5773
   1601.6136
   1603.4808
   1605.1758
   1606.6974
   1608.0435
   1609.2126
   1610.2037
   1611.0157
   1611.6481
   1612.1000
   1612.3713
   1612.4619
# Travel time at depth = 150.00 km.
   1503.8020
   1507.6499
   1511.4957
   1515.3378
   1519.1743
   1523.0029
   1526.8212
   1530.6257
   1534.4130
   1538.1783
   1541.9166
   1545.6212
   1549.2859
   1552.9023
   1556.4604
   1559.9497
   1563.3585
   1566.6750
   1569.8826
   1572.9637
   1575.9148
   1578.7296
   1581.3998
   1583.9182
   1586.2794
   1588.4788
   1590.5135
   1592.3793
   1594.0728
   1595.5931
   1596.9381
   1598.1063
   1599.0966
   1599.9080
   1600.5397
   1600.9912
   1601.2623
   1601.3528
# Travel time at depth = 200.00 km.
   1492.7538
   1496.6017
   1500.4474
   1504.2894
   1508.1259
   1511.9542
   1515.7722
   1519.5765
   1523.3634
   1527.1284
   1530.8661
   1534.5701
   1538.2339
   1541.8494
   1545.4065
   1548.8945
   1552.3019
   1555.6168
   1558.8225
   1561.9017
   1564.8510
   1567.6638
   1570.3320
   1572.8485
   1575.2080
   1577.4056
   1579.4387
   1581.3029
   1582.9950
   1584.5140
   1585.8579
   1587.0251
   1588.0145
   1588.8252
   1589.4564
   1589.9076
   1590.1785
   1590.2688
# Travel time at depth = 250.00 km.
   1481.7993
   1485.6472
   1489.4929
   1493.3348
   1497.1710
   1500.9994
   1504.8171
   1508.6211
   1512.4076
   1516.1721
   1519.9093
   1523.6125
   1527.2756
   1530.8901
   1534.4462
   1537.9329
   1541.3387
   1544.6520
   1547.8558
   1550.9331
   1553.8804
   1556.6913
   1559.3575
   1561.8722
   1564.2297
   1566.4255
   1568.4570
   1570.3196
   1572.0104
   1573.5281
   1574.8707
   1576.0370
   1577.0254
   1577.8354
   1578.4661
   1578.9167
   1579.1874
   1579.2777
# Travel time at depth = 300.00 km.
   1471.0496
   1474.8975
   1478.7430
   1482.5850
   1486.4210
   1490.2491
   1494.0667
   1497.8702
   1501.6564
   1505.4204
   1509.1570
   1512.8596
   1516.5219
   1520.1354
   1523.6902
   1527.1757
   1530.5800
   1533.8916
   1537.0934
   1540.1686
   1543.1139
   1545.9229
   1548.5870
   1551.0996
   1553.4553
   1555.6493
   1557.6790
   1559.5399
   1561.2291
   1562.7456
   1564.0870
   1565.2522
   1566.2397
   1567.0490
   1567.6791
   1568.1294
   1568.3998
   1568.4900
# Travel time at depth = 400.00 km.
   1450.1431
   1453.9908
   1457.8364
   1461.6780
   1465.5138
   1469.3416
   1473.1586
   1476.9617
   1480.7469
   1484.5100
   1488.2452
   1491.9464
   1495.6069
   1499.2183
   1502.7706
   1506.2532
   1509.6543
   1512.9624
   1516.1600
   1519.2310
   1522.1720
   1524.9767
   1527.6366
   1530.1450
   1532.4967
   1534.6868
   1536.7129
   1538.5704
   1540.2565
   1541.7700
   1543.1090
   1544.2719
   1545.2576
   1546.0653
   1546.6941
   1547.1436
   1547.4135
   1547.5035
# Travel time at depth = 500.00 km.
   1430.7831
   1434.6309
   1438.4762
   1442.3176
   1446.1531
   1449.9803
   1453.7968
   1457.5991
   1461.3835
   1465.1454
   1468.8794
   1472.5787
   1476.2373
   1479.8463
   1483.3959
   1486.8752
   1490.2728
   1493.5769
   1496.7699
   1499.8359
   1502.7723
   1505.5723
   1508.2274
   1510.7312
   1513.0784
   1515.2642
   1517.2861
   1519.1399
   1520.8225
   1522.3329
   1523.6689
   1524.8295
   1525.8130
   1526.6190
   1527.2465
   1527.6949
   1527.9642
   1528.0541
# Travel time at depth = 600.00 km.
   1412.2784
   1416.1261
   1419.9713
   1423.8125
   1427.6476
   1431.4745
   1435.2903
   1439.0918
   1442.8751
   1446.6359
   1450.3682
   1454.0658
   1457.7222
   1461.3286
   1464.8752
   1468.3511
   1471.7448
   1475.0444
   1478.2324
   1481.2933
   1484.2246
   1487.0194
   1489.6694
   1492.1682
   1494.5104
   1496.6915
   1498.7094
   1500.5588
   1502.2377
   1503.7448
   1505.0778
   1506.2356
   1507.2169
   1508.0210
   1508.6470
   1509.0945
   1509.3630
   1509.4528
# Travel time at depth = 700.00 km.
   1394.9128
   1398.7604
   1402.6055
   1406.4463
   1410.2810
   1414.1073
   1417.9225
   1421.7230
   1425.5054
   1429.2646
   1432.9954
   1436.6909
   1440.3448
   1443.9485
   1447.4917
   1450.9637
   1454.3530
   1457.6479
   1460.8302
   1463.8855
   1466.8112
   1469.6003
   1472.2446
   1474.7378
   1477.0747
   1479.2509
   1481.2638
   1483.1088
   1484.7836
   1486.2867
   1487.6165
   1488.7714
   1489.7501
   1490.5522
   1491.1766
   1491.6229
   1491.8909
   1491.9803
# Modelling error(s)
   1   1
#
   1.700
#@(#)        ak135.SKSdf     2.1     06 Jun 1996
