# ak135 travel-time table for phase: S'S'df (SKS2df; SKSSKSdf)
 14   Number of depth samples at the following depths (km):
    0.00   15.00   35.00   50.00   75.00  100.00  150.00  200.00  250.00  300.00
  400.00  500.00  600.00  700.00
 38   Number of distance samples at the following distances (deg):
    0.00    4.00    8.00   12.00   16.00   20.00   24.00   28.00   32.00   36.00
   40.00   44.00   48.00   52.00   56.00   60.00   64.00   68.00   72.00   76.00
   80.00   84.00   88.00   92.00   96.00  100.00  104.00  108.00  112.00  116.00
  120.00  124.00  128.00  132.00  136.00  140.00  144.00  148.00
# Travel time at depth =   0.00 km.
   3273.2451
   3273.0637
   3272.5203
   3271.6150
   3270.3484
   3268.7217
   3266.7366
   3264.3945
   3261.6982
   3258.6504
   3255.2556
   3251.5156
   3247.4370
   3243.0288
   3238.2961
   3233.2488
   3227.8982
   3222.2578
   3216.3452
   3210.1721
   3203.7468
   3197.1050
   3190.2798
   3183.2942
   3176.1719
   3168.9338
   3161.6003
   3154.1875
   3146.7080
   3139.1746
   3131.5981
   3123.9875
   3116.3501
   3108.6917
   3101.0181
   3093.3335
   3085.6416
   3077.9456
# Travel time at depth =  15.00 km.
   3268.9099
   3268.7285
   3268.1851
   3267.2798
   3266.0134
   3264.3867
   3262.4019
   3260.0601
   3257.3640
   3254.3167
   3250.9219
   3247.1824
   3243.1042
   3238.6963
   3233.9639
   3228.9170
   3223.5667
   3217.9270
   3212.0146
   3205.8420
   3199.4172
   3192.7756
   3185.9507
   3178.9653
   3171.8433
   3164.6057
   3157.2722
   3149.8594
   3142.3801
   3134.8469
   3127.2705
   3119.6599
   3112.0225
   3104.3643
   3096.6907
   3089.0059
   3081.3140
   3073.6182
# Travel time at depth =  35.00 km.
   3263.5688
   3263.3875
   3262.8440
   3261.9390
   3260.6726
   3259.0464
   3257.0618
   3254.7202
   3252.0247
   3248.9775
   3245.5833
   3241.8442
   3237.7666
   3233.3591
   3228.6274
   3223.5813
   3218.2314
   3212.5923
   3206.6807
   3200.5088
   3194.0842
   3187.4434
   3180.6189
   3173.6340
   3166.5122
   3159.2747
   3151.9417
   3144.5291
   3137.0498
   3129.5168
   3121.9404
   3114.3301
   3106.6926
   3099.0344
   3091.3608
   3083.6763
   3075.9844
   3068.2883
# Travel time at depth =  50.00 km.
   3260.2217
   3260.0403
   3259.4971
   3258.5920
   3257.3259
   3255.7000
   3253.7156
   3251.3743
   3248.6790
   3245.6323
   3242.2385
   3238.4998
   3234.4226
   3230.0159
   3225.2847
   3220.2388
   3214.8896
   3209.2510
   3203.3401
   3197.1685
   3190.7446
   3184.1042
   3177.2800
   3170.2954
   3163.1741
   3155.9370
   3148.6040
   3141.1917
   3133.7124
   3126.1797
   3118.6035
   3110.9929
   3103.3557
   3095.6975
   3088.0239
   3080.3394
   3072.6475
   3064.9517
# Travel time at depth =  75.00 km.
   3254.6494
   3254.4683
   3253.9250
   3253.0203
   3251.7544
   3250.1287
   3248.1445
   3245.8040
   3243.1091
   3240.0630
   3236.6699
   3232.9319
   3228.8555
   3224.4495
   3219.7192
   3214.6743
   3209.3262
   3203.6882
   3197.7783
   3191.6077
   3185.1848
   3178.5449
   3171.7214
   3164.7375
   3157.6167
   3150.3799
   3143.0474
   3135.6353
   3128.1565
   3120.6238
   3113.0479
   3105.4375
   3097.8003
   3090.1423
   3082.4688
   3074.7842
   3067.0923
   3059.3965
# Travel time at depth = 100.00 km.
   3249.0845
   3248.9031
   3248.3601
   3247.4556
   3246.1899
   3244.5645
   3242.5811
   3240.2407
   3237.5464
   3234.5010
   3231.1086
   3227.3713
   3223.2959
   3218.8906
   3214.1611
   3209.1172
   3203.7700
   3198.1331
   3192.2239
   3186.0544
   3179.6323
   3172.9934
   3166.1704
   3159.1873
   3152.0667
   3144.8306
   3137.4983
   3130.0867
   3122.6079
   3115.0754
   3107.4998
   3099.8896
   3092.2524
   3084.5945
   3076.9209
   3069.2366
   3061.5447
   3053.8489
# Travel time at depth = 150.00 km.
   3237.9753
   3237.7942
   3237.2512
   3236.3472
   3235.0820
   3233.4573
   3231.4746
   3229.1355
   3226.4424
   3223.3979
   3220.0071
   3216.2712
   3212.1973
   3207.7939
   3203.0662
   3198.0242
   3192.6787
   3187.0437
   3181.1365
   3174.9688
   3168.5486
   3161.9111
   3155.0896
   3148.1077
   3140.9883
   3133.7529
   3126.4214
   3119.0103
   3111.5322
   3104.0002
   3096.4248
   3088.8149
   3081.1780
   3073.5203
   3065.8469
   3058.1624
   3050.4707
   3042.7749
# Travel time at depth = 200.00 km.
   3226.8914
   3226.7102
   3226.1677
   3225.2639
   3223.9995
   3222.3755
   3220.3936
   3218.0552
   3215.3633
   3212.3203
   3208.9307
   3205.1965
   3201.1243
   3196.7224
   3191.9966
   3186.9565
   3181.6130
   3175.9800
   3170.0745
   3163.9087
   3157.4902
   3150.8545
   3144.0344
   3137.0537
   3129.9353
   3122.7009
   3115.3704
   3107.9597
   3100.4824
   3092.9507
   3085.3757
   3077.7661
   3070.1294
   3062.4717
   3054.7986
   3047.1143
   3039.4224
   3031.7266
# Travel time at depth = 250.00 km.
   3215.9004
   3215.7192
   3215.1770
   3214.2734
   3213.0095
   3211.3862
   3209.4053
   3207.0681
   3204.3772
   3201.3357
   3197.9475
   3194.2148
   3190.1443
   3185.7444
   3181.0203
   3175.9822
   3170.6406
   3165.0093
   3159.1060
   3152.9421
   3146.5256
   3139.8914
   3133.0728
   3126.0933
   3118.9761
   3111.7427
   3104.4128
   3097.0029
   3089.5261
   3081.9949
   3074.4202
   3066.8108
   3059.1743
   3051.5171
   3043.8440
   3036.1597
   3028.4680
   3020.7722
# Travel time at depth = 300.00 km.
   3205.1125
   3204.9316
   3204.3894
   3203.4866
   3202.2231
   3200.6006
   3198.6206
   3196.2844
   3193.5947
   3190.5544
   3187.1677
   3183.4370
   3179.3679
   3174.9700
   3170.2478
   3165.2117
   3159.8721
   3154.2429
   3148.3416
   3142.1797
   3135.7651
   3129.1326
   3122.3157
   3115.3374
   3108.2214
   3100.9890
   3093.6599
   3086.2507
   3078.7744
   3071.2439
   3063.6694
   3056.0603
   3048.4241
   3040.7668
   3033.0940
   3025.4099
   3017.7183
   3010.0225
# Travel time at depth = 400.00 km.
   3184.1260
   3183.9453
   3183.4036
   3182.5015
   3181.2395
   3179.6184
   3177.6401
   3175.3064
   3172.6194
   3169.5818
   3166.1982
   3162.4709
   3158.4055
   3154.0115
   3149.2935
   3144.2615
   3138.9263
   3133.3013
   3127.4041
   3121.2466
   3114.8362
   3108.2073
   3101.3933
   3094.4180
   3087.3044
   3080.0742
   3072.7468
   3065.3391
   3057.8640
   3050.3345
   3042.7607
   3035.1523
   3027.5166
   3019.8599
   3012.1870
   3004.5032
   2996.8115
   2989.1160
# Travel time at depth = 500.00 km.
   3164.6768
   3164.4961
   3163.9551
   3163.0540
   3161.7932
   3160.1738
   3158.1978
   3155.8665
   3153.1821
   3150.1479
   3146.7681
   3143.0444
   3138.9832
   3134.5933
   3129.8799
   3124.8525
   3119.5220
   3113.9021
   3108.0093
   3101.8567
   3095.4512
   3088.8259
   3082.0159
   3075.0435
   3067.9329
   3060.7046
   3053.3794
   3045.9734
   3038.4995
   3030.9709
   3023.3984
   3015.7908
   3008.1555
   3000.4990
   2992.8267
   2985.1428
   2977.4517
   2969.7559
# Travel time at depth = 600.00 km.
   3146.0754
   3145.8950
   3145.3545
   3144.4546
   3143.1953
   3141.5779
   3139.6040
   3137.2754
   3134.5942
   3131.5635
   3128.1873
   3124.4678
   3120.4109
   3116.0256
   3111.3171
   3106.2949
   3100.9695
   3095.3547
   3089.4670
   3083.3198
   3076.9192
   3070.2983
   3063.4919
   3056.5232
   3049.4153
   3042.1899
   3034.8665
   3027.4624
   3019.9902
   3012.4629
   3004.8911
   2997.2842
   2989.6497
   2981.9937
   2974.3215
   2966.6382
   2958.9468
   2951.2512
# Travel time at depth = 700.00 km.
   3128.6028
   3128.4229
   3127.8831
   3126.9841
   3125.7266
   3124.1113
   3122.1399
   3119.8142
   3117.1365
   3114.1094
   3110.7373
   3107.0225
   3102.9705
   3098.5903
   3093.8875
   3088.8706
   3083.5510
   3077.9419
   3072.0598
   3065.9182
   3059.5232
   3052.9072
   3046.1050
   3039.1401
   3032.0356
   3024.8127
   3017.4919
   3010.0898
   3002.6191
   2995.0933
   2987.5225
   2979.9165
   2972.2825
   2964.6272
   2956.9556
   2949.2722
   2941.5813
   2933.8857
# Modelling error(s)
   1   1
#
   4.000
#@(#)        ak135.SKS2df     2.1     06 Jun 1996
