# ak135 travel-time table for phase: SKSac       
 14   Number of depth samples at the following depths (km):
    0.00   15.00   35.00   50.00   75.00  100.00  150.00  200.00  250.00  300.00
  400.00  500.00  600.00  700.00
 82   Number of distance samples at the following distances (deg):
   63.00   64.00   65.00   66.00   67.00   68.00   69.00   70.00   71.00   72.00
   73.00   74.00   75.00   76.00   77.00   78.00   79.00   80.00   81.00   82.00
   83.00   84.00   85.00   86.00   87.00   88.00   89.00   90.00   91.00   92.00
   93.00   94.00   95.00   96.00   97.00   98.00   99.00  100.00  101.00  102.00
  103.00  104.00  105.00  106.00  107.00  108.00  109.00  110.00  111.00  112.00
  113.00  114.00  115.00  116.00  117.00  118.00  119.00  120.00  121.00  122.00
  123.00  124.00  125.00  126.00  127.00  128.00  129.00  130.00  131.00  132.00
  133.00  134.00  135.00  136.00  137.00  138.00  139.00  140.00  141.00  142.00
  143.00  144.00
# Travel time at depth =   0.00 km.
   1222.7198
   1230.3108
   1237.9005
   1245.4880
   1253.0720
   1260.6511
   1268.2238
   1275.7887
   1283.3440
   1290.8876
   1298.4177
   1305.9340
   1313.4336
   1320.9047
   1328.2727
   1335.5303
   1342.6855
   1349.7255
   1356.6433
   1363.4395
   1370.1121
   1376.6608
   1383.0890
   1389.3995
   1395.5930
   1401.6743
   1407.6497
   1413.5225
   1419.2950
   1424.9695
   1430.5476
   1436.0319
   1441.4238
   1446.7255
   1451.9379
   1457.0629
   1462.1033
   1467.0612
   1471.9375
   1476.7328
   1481.4475
   1486.0828
   1490.6403
   1495.1230
   1499.5337
   1503.8734
   1508.1429
   1512.3420
   1516.4707
   1520.5300
   1524.5208
   1528.4425
   1532.2952
   1536.0792
   1539.7953
   1543.4434
   1547.0239
   1550.5380
   1553.9861
   1557.3679
   1560.6824
   1563.9296
   1567.1108
   1570.2267
   1573.2769
   1576.2610
   1579.1796
   1582.0327
   1584.8191
   1587.5378
   1590.1904
   1592.7787
   1595.3052
   1597.7728
   1600.1858
   1602.5481
   1604.8621
   1607.1294
   1609.3518
   1611.5333
   1613.6765
   1615.7805
# Travel time at depth =  15.00 km.
   1218.5076
   1226.0984
   1233.6881
   1241.2755
   1248.8594
   1256.4382
   1264.0107
   1271.5753
   1279.1302
   1286.6735
   1294.2031
   1301.7190
   1309.2180
   1316.6873
   1324.0511
   1331.3057
   1338.4575
   1345.4938
   1352.4080
   1359.2006
   1365.8696
   1372.4148
   1378.8398
   1385.1472
   1391.3375
   1397.4161
   1403.3888
   1409.2590
   1415.0292
   1420.7013
   1426.2772
   1431.7592
   1437.1492
   1442.4487
   1447.6591
   1452.7822
   1457.8208
   1462.7770
   1467.6517
   1472.4453
   1477.1584
   1481.7921
   1486.3481
   1490.8296
   1495.2388
   1499.5773
   1503.8456
   1508.0433
   1512.1708
   1516.2290
   1520.2185
   1524.1390
   1527.9906
   1531.7736
   1535.4885
   1539.1356
   1542.7152
   1546.2281
   1549.6754
   1553.0563
   1556.3698
   1559.6161
   1562.7964
   1565.9115
   1568.9607
   1571.9441
   1574.8618
   1577.7141
   1580.4998
   1583.2178
   1585.8695
   1588.4572
   1590.9830
   1593.4501
   1595.8624
   1598.2242
   1600.5378
   1602.8047
   1605.0267
   1607.2078
   1609.3507
   1611.4543
# Travel time at depth =  35.00 km.
   1213.3458
   1220.9366
   1228.5264
   1236.1135
   1243.6971
   1251.2758
   1258.8479
   1266.4121
   1273.9666
   1281.5090
   1289.0381
   1296.5532
   1304.0513
   1311.5178
   1318.8759
   1326.1259
   1333.2727
   1340.3036
   1347.2125
   1353.9999
   1360.6638
   1367.2040
   1373.6243
   1379.9269
   1386.1128
   1392.1873
   1398.1560
   1404.0226
   1409.7892
   1415.4578
   1421.0304
   1426.5093
   1431.8961
   1437.1927
   1442.4003
   1447.5206
   1452.5566
   1457.5103
   1462.3826
   1467.1738
   1471.8846
   1476.5160
   1481.0699
   1485.5493
   1489.9565
   1494.2932
   1498.5596
   1502.7556
   1506.8812
   1510.9376
   1514.9254
   1518.8445
   1522.6943
   1526.4757
   1530.1891
   1533.8347
   1537.4127
   1540.9243
   1544.3701
   1547.7496
   1551.0618
   1554.3066
   1557.4857
   1560.5995
   1563.6476
   1566.6298
   1569.5463
   1572.3975
   1575.1819
   1577.8988
   1580.5496
   1583.1361
   1585.6611
   1588.1273
   1590.5388
   1592.9000
   1595.2129
   1597.4790
   1599.7006
   1601.8811
   1604.0234
   1606.1266
# Travel time at depth =  50.00 km.
   1210.1615
   1217.7523
   1225.3419
   1232.9291
   1240.5125
   1248.0908
   1255.6626
   1263.2264
   1270.7804
   1278.3224
   1285.8508
   1293.3652
   1300.8624
   1308.3260
   1315.6790
   1322.9247
   1330.0671
   1337.0931
   1343.9972
   1350.7798
   1357.4390
   1363.9746
   1370.3905
   1376.6890
   1382.8708
   1388.9417
   1394.9069
   1400.7700
   1406.5334
   1412.1990
   1417.7686
   1423.2445
   1428.6287
   1433.9226
   1439.1276
   1444.2454
   1449.2791
   1454.2305
   1459.1005
   1463.8895
   1468.5983
   1473.2277
   1477.7795
   1482.2571
   1486.6626
   1490.9976
   1495.2622
   1499.4565
   1503.5807
   1507.6355
   1511.6218
   1515.5392
   1519.3877
   1523.1676
   1526.8796
   1530.5238
   1534.1005
   1537.6107
   1541.0554
   1544.4336
   1547.7445
   1550.9882
   1554.1661
   1557.2788
   1560.3257
   1563.3068
   1566.2223
   1569.0724
   1571.8557
   1574.5717
   1577.2214
   1579.8071
   1582.3313
   1584.7966
   1587.2075
   1589.5680
   1591.8804
   1594.1459
   1596.3669
   1598.5470
   1600.6888
   1602.7915
# Travel time at depth =  75.00 km.
   1204.8625
   1212.4532
   1220.0427
   1227.6296
   1235.2126
   1242.7906
   1250.3619
   1257.9250
   1265.4781
   1273.0192
   1280.5466
   1288.0601
   1295.5557
   1303.0140
   1310.3584
   1317.5972
   1324.7319
   1331.7496
   1338.6458
   1345.4203
   1352.0715
   1358.5995
   1365.0082
   1371.2996
   1377.4747
   1383.5392
   1389.4987
   1395.3562
   1401.1141
   1406.7744
   1412.3391
   1417.8102
   1423.1897
   1428.4791
   1433.6797
   1438.7935
   1443.8232
   1448.7708
   1453.6371
   1458.4225
   1463.1277
   1467.7535
   1472.3022
   1476.7767
   1481.1793
   1485.5114
   1489.7733
   1493.9648
   1498.0862
   1502.1384
   1506.1222
   1510.0371
   1513.8831
   1517.6605
   1521.3702
   1525.0121
   1528.5865
   1532.0947
   1535.5371
   1538.9132
   1542.2220
   1545.4637
   1548.6398
   1551.7505
   1554.7955
   1557.7748
   1560.6886
   1563.5369
   1566.3186
   1569.0327
   1571.6809
   1574.2650
   1576.7878
   1579.2520
   1581.6616
   1584.0210
   1586.3323
   1588.5969
   1590.8170
   1592.9963
   1595.1375
   1597.2394
# Travel time at depth = 100.00 km.
   1199.5735
   1207.1642
   1214.7534
   1222.3401
   1229.9229
   1237.5002
   1245.0710
   1252.6334
   1260.1858
   1267.7258
   1275.2523
   1282.7645
   1290.2584
   1297.7109
   1305.0469
   1312.2787
   1319.4058
   1326.4152
   1333.3031
   1340.0697
   1346.7129
   1353.2332
   1359.6346
   1365.9188
   1372.0872
   1378.1454
   1384.0989
   1389.9508
   1395.7034
   1401.3584
   1406.9180
   1412.3843
   1417.7590
   1423.0441
   1428.2402
   1433.3499
   1438.3756
   1443.3192
   1448.1819
   1452.9636
   1457.6652
   1462.2876
   1466.8330
   1471.3044
   1475.7041
   1480.0332
   1484.2922
   1488.4811
   1492.5997
   1496.6493
   1500.6305
   1504.5428
   1508.3862
   1512.1614
   1515.8687
   1519.5082
   1523.0803
   1526.5863
   1530.0267
   1533.4006
   1536.7074
   1539.9470
   1543.1211
   1546.2299
   1549.2731
   1552.2505
   1555.1625
   1558.0090
   1560.7889
   1563.5013
   1566.1479
   1568.7306
   1571.2520
   1573.7147
   1576.1233
   1578.4816
   1580.7917
   1583.0554
   1585.2747
   1587.4531
   1589.5935
   1591.6946
# Travel time at depth = 150.00 km.
   1189.0240
   1196.6146
   1204.2036
   1211.7897
   1219.3717
   1226.9484
   1234.5179
   1242.0790
   1249.6296
   1257.1676
   1264.6920
   1272.2019
   1279.6923
   1287.1311
   1294.4507
   1301.6681
   1308.7793
   1315.7719
   1322.6434
   1329.3937
   1336.0206
   1342.5256
   1348.9122
   1355.1821
   1361.3369
   1367.3824
   1373.3241
   1379.1646
   1384.9060
   1390.5504
   1396.0999
   1401.5564
   1406.9218
   1412.1976
   1417.3850
   1422.4862
   1427.5039
   1432.4398
   1437.2948
   1442.0691
   1446.7634
   1451.3790
   1455.9178
   1460.3829
   1464.7766
   1469.0999
   1473.3531
   1477.5363
   1481.6494
   1485.6937
   1489.6697
   1493.5768
   1497.4153
   1501.1854
   1504.8879
   1508.5227
   1512.0903
   1515.5919
   1519.0280
   1522.3976
   1525.7001
   1528.9357
   1532.1057
   1535.2107
   1538.2500
   1541.2236
   1544.1321
   1546.9751
   1549.7513
   1552.4604
   1555.1036
   1557.6832
   1560.2017
   1562.6619
   1565.0680
   1567.4242
   1569.7323
   1571.9939
   1574.2114
   1576.3883
   1578.5271
   1580.6265
# Travel time at depth = 200.00 km.
   1178.5105
   1186.1008
   1193.6895
   1201.2750
   1208.8563
   1216.4319
   1224.0002
   1231.5598
   1239.1088
   1246.6447
   1254.1669
   1261.6744
   1269.1608
   1276.5836
   1283.8871
   1291.0900
   1298.1848
   1305.1603
   1312.0151
   1318.7488
   1325.3594
   1331.8488
   1338.2206
   1344.4758
   1350.6168
   1356.6498
   1362.5792
   1368.4081
   1374.1385
   1379.7722
   1385.3113
   1390.7579
   1396.1138
   1401.3802
   1406.5587
   1411.6514
   1416.6610
   1421.5890
   1426.4363
   1431.2031
   1435.8901
   1440.4985
   1445.0306
   1449.4895
   1453.8771
   1458.1945
   1462.4419
   1466.6193
   1470.7268
   1474.7657
   1478.7363
   1482.6383
   1486.4716
   1490.2367
   1493.9343
   1497.5643
   1501.1273
   1504.6244
   1508.0560
   1511.4214
   1514.7195
   1517.9509
   1521.1169
   1524.2180
   1527.2534
   1530.2233
   1533.1281
   1535.9674
   1538.7400
   1541.4456
   1544.0856
   1546.6620
   1549.1775
   1551.6350
   1554.0388
   1556.3927
   1558.6987
   1560.9584
   1563.1740
   1565.3492
   1567.4866
   1569.5842
# Travel time at depth = 250.00 km.
   1168.1045
   1175.6947
   1183.2828
   1190.8679
   1198.4484
   1206.0229
   1213.5900
   1221.1481
   1228.6949
   1236.2288
   1243.7489
   1251.2537
   1258.7354
   1266.1400
   1273.4277
   1280.6154
   1287.6931
   1294.6512
   1301.4890
   1308.2058
   1314.7997
   1321.2733
   1327.6298
   1333.8702
   1339.9973
   1346.0173
   1351.9346
   1357.7516
   1363.4706
   1369.0934
   1374.6219
   1380.0585
   1385.4045
   1390.6616
   1395.8309
   1400.9150
   1405.9163
   1410.8363
   1415.6757
   1420.4347
   1425.1143
   1429.7156
   1434.2408
   1438.6932
   1443.0746
   1447.3859
   1451.6274
   1455.7988
   1459.9008
   1463.9341
   1467.8993
   1471.7958
   1475.6238
   1479.3839
   1483.0765
   1486.7017
   1490.2600
   1493.7524
   1497.1796
   1500.5404
   1503.8341
   1507.0613
   1510.2233
   1513.3202
   1516.3517
   1519.3177
   1522.2186
   1525.0543
   1527.8232
   1530.5253
   1533.1619
   1535.7351
   1538.2476
   1540.7024
   1543.1036
   1545.4553
   1547.7592
   1550.0168
   1552.2306
   1554.4042
   1556.5398
   1558.6359
# Travel time at depth = 300.00 km.
   1157.9237
   1165.5137
   1173.1014
   1180.6858
   1188.2654
   1195.8387
   1203.4045
   1210.9608
   1218.5057
   1226.0374
   1233.5552
   1241.0570
   1248.5330
   1255.9174
   1263.1891
   1270.3607
   1277.4207
   1284.3608
   1291.1810
   1297.8802
   1304.4569
   1310.9142
   1317.2551
   1323.4802
   1329.5930
   1335.5997
   1341.5043
   1347.3093
   1353.0166
   1358.6281
   1364.1459
   1369.5719
   1374.9080
   1380.1553
   1385.3152
   1390.3904
   1395.3831
   1400.2947
   1405.1260
   1409.8771
   1414.5490
   1419.1427
   1423.6610
   1428.1068
   1432.4817
   1436.7867
   1441.0221
   1445.1875
   1449.2836
   1453.3112
   1457.2706
   1461.1616
   1464.9843
   1468.7391
   1472.4265
   1476.0466
   1479.6000
   1483.0879
   1486.5103
   1489.8665
   1493.1555
   1496.3783
   1499.5361
   1502.6289
   1505.6562
   1508.6183
   1511.5154
   1514.3472
   1517.1123
   1519.8105
   1522.4437
   1525.0137
   1527.5231
   1529.9751
   1532.3738
   1534.7231
   1537.0248
   1539.2803
   1541.4922
   1543.6641
   1545.7980
   1547.8922
# Travel time at depth = 400.00 km.
   1138.2197
   1145.8091
   1153.3958
   1160.9786
   1168.5563
   1176.1272
   1183.6898
   1191.2426
   1198.7830
   1206.3098
   1213.8226
   1221.3173
   1228.7734
   1236.1160
   1243.3550
   1250.4917
   1257.5137
   1264.4161
   1271.1993
   1277.8616
   1284.4026
   1290.8259
   1297.1339
   1303.3271
   1309.4104
   1315.3894
   1321.2676
   1327.0471
   1332.7299
   1338.3177
   1343.8130
   1349.2172
   1354.5322
   1359.7590
   1364.8994
   1369.9558
   1374.9305
   1379.8248
   1384.6389
   1389.3734
   1394.0291
   1398.6074
   1403.1111
   1407.5428
   1411.9043
   1416.1963
   1420.4187
   1424.5713
   1428.6550
   1432.6707
   1436.6183
   1440.4977
   1444.3088
   1448.0526
   1451.7292
   1455.3387
   1458.8818
   1462.3597
   1465.7725
   1469.1188
   1472.3983
   1475.6119
   1478.7609
   1481.8448
   1484.8636
   1487.8173
   1490.7062
   1493.5299
   1496.2869
   1498.9775
   1501.6033
   1504.1664
   1506.6694
   1509.1155
   1511.5090
   1513.8534
   1516.1504
   1518.4015
   1520.6094
   1522.7776
   1524.9081
   1526.9985
# Travel time at depth = 500.00 km.
   1120.2115
   1127.8000
   1135.3854
   1142.9663
   1150.5415
   1158.1094
   1165.6683
   1173.2164
   1180.7516
   1188.2731
   1195.7797
   1203.2646
   1210.6831
   1217.9843
   1225.1865
   1232.2827
   1239.2617
   1246.1223
   1252.8641
   1259.4851
   1265.9867
   1272.3726
   1278.6438
   1284.8021
   1290.8530
   1296.8015
   1302.6503
   1308.4017
   1314.0574
   1319.6191
   1325.0892
   1330.4694
   1335.7610
   1340.9651
   1346.0837
   1351.1196
   1356.0745
   1360.9492
   1365.7444
   1370.4603
   1375.0981
   1379.6593
   1384.1469
   1388.5632
   1392.9097
   1397.1870
   1401.3949
   1405.5334
   1409.6034
   1413.6057
   1417.5402
   1421.4065
   1425.2051
   1428.9366
   1432.6012
   1436.1989
   1439.7307
   1443.1976
   1446.5992
   1449.9348
   1453.2037
   1456.4071
   1459.5460
   1462.6204
   1465.6295
   1468.5739
   1471.4537
   1474.2683
   1477.0165
   1479.6985
   1482.3162
   1484.8716
   1487.3676
   1489.8071
   1492.1948
   1494.5338
   1496.8257
   1499.0719
   1501.2754
   1503.4396
   1505.5660
     -1.0000
# Travel time at depth = 600.00 km.
   1103.1766
   1110.7639
   1118.3475
   1125.9261
   1133.4984
   1141.0626
   1148.6172
   1156.1600
   1163.6893
   1171.2048
   1178.7035
   1186.1725
   1193.5392
   1200.7993
   1207.9604
   1215.0110
   1221.9438
   1228.7594
   1235.4563
   1242.0333
   1248.4930
   1254.8386
   1261.0707
   1267.1920
   1273.2086
   1279.1245
   1284.9421
   1290.6633
   1296.2899
   1301.8239
   1307.2672
   1312.6215
   1317.8879
   1323.0677
   1328.1635
   1333.1771
   1338.1106
   1342.9645
   1347.7393
   1352.4353
   1357.0538
   1361.5968
   1366.0671
   1370.4669
   1374.7974
   1379.0588
   1383.2512
   1387.3745
   1391.4298
   1395.4177
   1399.3380
   1403.1904
   1406.9755
   1410.6937
   1414.3453
   1417.9304
   1421.4501
   1424.9050
   1428.2949
   1431.6187
   1434.8762
   1438.0687
   1441.1970
   1444.2609
   1447.2598
   1450.1941
   1453.0641
   1455.8690
   1458.6074
   1461.2803
   1463.8893
   1466.4366
   1468.9250
   1471.3578
   1473.7393
   1476.0723
   1478.3585
   1480.5995
   1482.7983
   1484.9584
   1487.0804
     -1.0000
# Travel time at depth = 700.00 km.
   1087.4480
   1095.0337
   1102.6151
   1110.1908
   1117.7593
   1125.3192
   1132.8683
   1140.4047
   1147.9275
   1155.4357
   1162.9232
   1170.3535
   1177.6676
   1184.8834
   1191.9966
   1198.9955
   1205.8778
   1212.6434
   1219.2906
   1225.8196
   1232.2339
   1238.5352
   1244.7244
   1250.8059
   1256.7854
   1262.6656
   1268.4490
   1274.1373
   1279.7322
   1285.2356
   1290.6495
   1295.9755
   1301.2144
   1306.3678
   1311.4382
   1316.4277
   1321.3378
   1326.1688
   1330.9210
   1335.5953
   1340.1929
   1344.7161
   1349.1675
   1353.5491
   1357.8618
   1362.1060
   1366.2811
   1370.3879
   1374.4270
   1378.3992
   1382.3038
   1386.1409
   1389.9110
   1393.6147
   1397.2521
   1400.8234
   1404.3296
   1407.7715
   1411.1484
   1414.4592
   1417.7043
   1420.8849
   1424.0015
   1427.0537
   1430.0413
   1432.9647
   1435.8240
   1438.6180
   1441.3459
   1444.0089
   1446.6083
   1449.1469
   1451.6270
   1454.0521
   1456.4269
   1458.7535
   1461.0337
   1463.2690
   1465.4626
   1467.6180
   1469.7354
     -1.0000
# Modelling error(s)
   1   1
#
   1.700
#@(#)        ak135.SKSac     2.1     06 Jun 1996
