# ak135 travel-time table for phase: Sn          
  8   Number of depth samples at the following depths (km):
    0.00    5.00   15.00   35.00   50.00   75.00  100.00  150.00
 47   Number of distance samples at the following distances (deg):
    1.00    1.50    2.00    2.50    3.00    3.50    4.00    4.50    5.00    5.50
    6.00    6.50    7.00    7.50    8.00    8.50    9.00    9.50   10.00   10.50
   11.00   11.50   12.00   12.50   13.00   13.50   14.00   14.50   15.00   15.50
   16.00   16.50   17.00   17.50   18.00   18.50   19.00   19.50   20.00   20.50
   21.00   21.50   22.00   22.50   23.00   23.50   24.00
# Travel time at depth =   0.00 km.
     36.0678
     48.4096
     60.7509
     73.0913
     85.4304
     97.7677
    110.1028
    122.4353
    134.7648
    147.0909
    159.4130
    171.7310
    184.0442
    196.3523
    208.6549
    220.9516
    233.2419
    245.5254
    257.8018
    270.0705
    282.3313
    294.5836
    306.8270
    319.0612
    331.2858
    343.5002
    355.7042
    367.8972
    380.0789
    392.2489
    404.4070
    416.5529
    428.6866
    440.8081
    452.9174
    465.0143
    477.0984
    489.1693
    501.2262
    513.2690
    525.2970
    537.3099
    549.3073
    561.2887
    573.2538
    585.2025
    597.1340
# Travel time at depth =   5.00 km.
     35.1429
     47.4847
     59.8260
     72.1662
     84.5051
     96.8422
    109.1770
    121.5092
    133.8384
    146.1640
    158.4858
    170.8033
    183.1160
    195.4235
    207.7255
    220.0215
    232.3111
    244.5939
    256.8694
    269.1374
    281.3972
    293.6486
    305.8911
    318.1243
    330.3478
    342.5612
    354.7640
    366.9559
    379.1364
    391.3051
    403.4619
    415.6066
    427.7390
    439.8592
    451.9672
    464.0629
    476.1457
    488.2151
    500.2707
    512.3119
    524.3384
    536.3497
    548.3455
    560.3253
    572.2889
    584.2357
    596.1655
# Travel time at depth =  15.00 km.
     33.2963
     45.6380
     57.9791
     70.3191
     82.6577
     94.9943
    107.3286
    119.6602
    131.9886
    144.3135
    156.6343
    168.9508
    181.2624
    193.5688
    205.8695
    218.1642
    230.4523
    242.7336
    255.0076
    267.2738
    279.5319
    291.7814
    304.0219
    316.2531
    328.4745
    340.6858
    352.8863
    365.0758
    377.2538
    389.4201
    401.5744
    413.7165
    425.8464
    437.9641
    450.0695
    462.1626
    474.2426
    486.3093
    498.3619
    510.4002
    522.4236
    534.4318
    546.4244
    558.4009
    570.3611
    582.3046
    594.2310
# Travel time at depth =  35.00 km.
     30.3757
     42.7172
     55.0577
     67.3969
     79.7344
     92.0698
    104.4026
    116.7325
    129.0590
    141.3817
    153.7001
    166.0139
    178.3227
    190.6260
    202.9234
    215.2145
    227.4989
    239.7762
    252.0459
    264.3077
    276.5612
    288.8058
    301.0413
    313.2672
    325.4832
    337.6887
    349.8833
    362.0667
    374.2384
    386.3983
    398.5462
    410.6818
    422.8052
    434.9164
    447.0154
    459.1017
    471.1748
    483.2343
    495.2795
    507.3102
    519.3258
    531.3260
    543.3105
    555.2788
    567.2306
    579.1655
    591.0831
# Travel time at depth =  50.00 km.
     30.7437
     42.8885
     55.1432
     67.4278
     79.7238
     92.0250
    104.3279
    116.6305
    128.9314
    141.2298
    153.5248
    165.8158
    178.1022
    190.3836
    202.6595
    214.9294
    227.1928
    239.4492
    251.6983
    263.9396
    276.1727
    288.3971
    300.6125
    312.8184
    325.0143
    337.1998
    349.3745
    361.5383
    373.6907
    385.8316
    397.9609
    410.0786
    422.1845
    434.2786
    446.3603
    458.4291
    470.4845
    482.5262
    494.5536
    506.5663
    518.5640
    530.5464
    542.5129
    554.4634
    566.3973
    578.3143
     -1.0000
# Travel time at depth =  75.00 km.
     32.7038
     44.0494
     55.9077
     67.9581
     80.0954
     92.2780
    104.4860
    116.7085
    128.9396
    141.1755
    153.4135
    165.6516
    177.8884
    190.1225
    202.3531
    214.5793
    226.8004
    239.0157
    251.2246
    263.4264
    275.6208
    287.8070
    299.9847
    312.1535
    324.3129
    336.4626
    348.6022
    360.7316
    372.8507
    384.9593
    397.0571
    409.1438
    421.2188
    433.2817
    445.3321
    457.3695
    469.3935
    481.4037
    493.3997
    505.3811
    517.3476
    529.2988
    541.2343
    553.1537
     -1.0000
     -1.0000
     -1.0000
# Travel time at depth = 100.00 km.
     35.7377
     46.1082
     57.3807
     69.0580
     80.9383
     92.9309
    104.9905
    117.0922
    129.2214
    141.3687
    153.5280
    165.6949
    177.8662
    190.0396
    202.2132
    214.3855
    226.5552
    238.7211
    250.8825
    263.0385
    275.1884
    287.3315
    299.4674
    311.5957
    323.7159
    335.8276
    347.9306
    360.0243
    372.1083
    384.1822
    396.2454
    408.2975
    420.3382
    432.3668
    444.3831
    456.3865
    468.3767
    480.3533
    492.3160
    504.2643
    516.1978
    528.1161
     -1.0000
     -1.0000
     -1.0000
     -1.0000
     -1.0000
# Travel time at depth = 150.00 km.
     43.6127
     52.1331
     62.0490
     72.7533
     83.9191
     95.3681
    106.9992
    118.7525
    130.5902
    142.4879
    154.4292
    166.4026
    178.3996
    190.4140
    202.4412
    214.4773
    226.5195
    238.5655
    250.6132
    262.6611
    274.7076
    286.7517
    298.7922
    310.8282
    322.8587
    334.8831
    346.9005
    358.9103
    370.9120
    382.9048
    394.8882
    406.8617
    418.8247
    430.7768
    442.7174
    454.6461
    466.5624
     -1.0000
     -1.0000
     -1.0000
     -1.0000
     -1.0000
     -1.0000
     -1.0000
     -1.0000
     -1.0000
     -1.0000
# Distance-dependent modelling error(s)
  11    1
        0.0     0.2     0.5     1.0     2.0     3.0     4.0     8.0
        12.0    15.0    17.0
#
        0.2
        1.0
        2.0
        3.0
        4.2
        4.8
        5.2
        5.4
        5.8
        7.3
        5.9
#@(#)        ak135.Sn     2.1     06 Jun 1996
