# ak135 travel-time table for phase: SnSn        
  4   Number of depth samples at the following depths (km):
    0.00    5.00   15.00   35.00
 47   Number of distance samples at the following distances (deg):
    2.00    3.00    4.00    5.00    6.00    7.00    8.00    9.00   10.00   11.00
   12.00   13.00   14.00   15.00   16.00   17.00   18.00   19.00   20.00   21.00
   22.00   23.00   24.00   25.00   26.00   27.00   28.00   29.00   30.00   31.00
   32.00   33.00   34.00   35.00   36.00   37.00   38.00   39.00   40.00   41.00
   42.00   43.00   44.00   45.00   46.00   47.00   48.00
# Travel time at depth =   0.00 km.
     72.1355
     96.8192
    121.5019
    146.1827
    170.8608
    195.5354
    220.2056
    244.8706
    269.5296
    294.1817
    318.8261
    343.4619
    368.0884
    392.7047
    417.3098
    441.9032
    466.4838
    491.0508
    515.6036
    540.1411
    564.6625
    589.1671
    613.6540
    638.1224
    662.5715
    687.0005
    711.4084
    735.7945
    760.1578
    784.4979
    808.8140
    833.1058
    857.3732
    881.6161
    905.8347
    930.0286
    954.1968
    978.3385
   1002.4525
   1026.5380
   1050.5940
   1074.6198
   1098.6145
   1122.5774
   1146.5077
   1170.4049
   1194.2679
# Travel time at depth =   5.00 km.
     71.2106
     95.8943
    120.5769
    145.2576
    169.9355
    194.6099
    219.2798
    243.9445
    268.6032
    293.2549
    317.8989
    342.5342
    367.1602
    391.7758
    416.3804
    440.9731
    465.5530
    490.1193
    514.6713
    539.2079
    563.7285
    588.2322
    612.7181
    637.1855
    661.6335
    686.0615
    710.4683
    734.8531
    759.2153
    783.5541
    807.8690
    832.1595
    856.4257
    880.6673
    904.8846
    929.0772
    953.2441
    977.3843
   1001.4969
   1025.5809
   1049.6354
   1073.6597
   1097.6527
   1121.6140
   1145.5427
   1169.4382
   1193.2996
# Travel time at depth =  15.00 km.
     69.3641
     94.0477
    118.7301
    143.4105
    168.0881
    192.7620
    217.4315
    242.0956
    266.7535
    291.4044
    316.0475
    340.6819
    365.3067
    389.9213
    414.5246
    439.1159
    463.6944
    488.2592
    512.8096
    537.3445
    561.8633
    586.3652
    610.8492
    635.3146
    659.7606
    684.1863
    708.5908
    732.9733
    757.3330
    781.6693
    805.9818
    830.2697
    854.5333
    878.7724
    902.9872
    927.1771
    951.3414
    975.4788
    999.5885
   1023.6695
   1047.7209
   1071.7421
   1095.7319
   1119.6899
   1143.6154
   1167.5074
   1191.3654
# Travel time at depth =  35.00 km.
     66.4436
     91.1269
    115.8088
    140.4886
    165.1652
    189.8380
    214.5060
    239.1684
    263.8245
    288.4733
    313.1140
    337.7458
    362.3679
    386.9794
    411.5795
    436.1673
    460.7421
    485.3030
    509.8492
    534.3798
    558.8940
    583.3911
    607.8701
    632.3303
    656.7708
    681.1909
    705.5896
    729.9660
    754.3195
    778.6494
    802.9554
    827.2369
    851.4940
    875.7266
    899.9349
    924.1183
    948.2756
    972.4059
    996.5082
   1020.5817
   1044.6254
   1068.6385
   1092.6204
   1116.5702
   1140.4872
   1164.3707
   1188.2198
# Distance-dependent modelling error(s)
   3    1
    0.00   44.00   48.00
#
   0.100
  10.000
   1.700
#@(#)        ak135.SnSn     2.1     06 Jun 1996
