# ak135 travel-time table for phase: SP          
 14   Number of depth samples at the following depths (km):
    0.00   15.00   35.00   50.00   75.00  100.00  150.00  200.00  250.00  300.00
  400.00  500.00  600.00  700.00
 50   Number of distance samples at the following distances (deg):
   90.00   91.00   92.00   93.00   94.00   95.00   96.00   97.00   98.00   99.00
  100.00  101.00  102.00  103.00  104.00  105.00  106.00  107.00  108.00  109.00
  110.00  111.00  112.00  113.00  114.00  115.00  116.00  117.00  118.00  119.00
  120.00  121.00  122.00  123.00  124.00  125.00  126.00  127.00  128.00  129.00
  130.00  131.00  132.00  133.00  134.00  135.00  136.00  137.00  138.00  139.00
# Travel time at depth =   0.00 km.
   1500.9780
   1512.0867
   1523.1816
   1534.2551
   1545.2998
   1556.3096
   1567.2798
   1578.2062
   1589.0840
   1599.9086
   1610.6763
   1621.3854
   1632.0348
   1642.6235
   1653.1499
   1663.6115
   1674.0057
   1684.3307
   1694.5858
   1704.7717
   1714.8892
   1724.2231
   1733.4344
   1742.6290
   1751.8031
   1760.9531
   1770.0759
   1779.1678
   1788.2253
   1797.2443
   1806.2209
   1815.1534
   1824.0490
   1832.9136
   1841.7505
   1850.5620
   1859.3488
   1868.1102
   1876.8462
   1885.5560
   1894.2395
   1902.8950
   1911.5204
   1920.1130
   1928.6714
   1937.1952
   1945.6844
   1954.1389
   1962.5575
   1970.9382
# Travel time at depth =  15.00 km.
   1496.9108
   1508.0190
   1519.1130
   1530.1852
   1541.2283
   1552.2363
   1563.2045
   1574.1285
   1585.0039
   1595.8258
   1606.5907
   1617.2970
   1627.9435
   1638.5294
   1649.0527
   1659.5112
   1669.9023
   1680.2240
   1690.4761
   1700.6589
   1710.7732
   1720.0704
   1729.2811
   1738.4750
   1747.6482
   1756.7971
   1765.9187
   1775.0094
   1784.0654
   1793.0828
   1802.0577
   1810.9885
   1819.8828
   1828.7462
   1837.5822
   1846.3928
   1855.1785
   1863.9391
   1872.6740
   1881.3828
   1890.0653
   1898.7197
   1907.3439
   1915.9353
   1924.4923
   1933.0148
   1941.5028
   1949.9561
   1958.3732
   1966.7526
# Travel time at depth =  35.00 km.
   1491.9620
   1503.0695
   1514.1621
   1525.2324
   1536.2732
   1547.2784
   1558.2435
   1569.1643
   1580.0359
   1590.8539
   1601.6147
   1612.3168
   1622.9591
   1633.5408
   1644.0597
   1654.5137
   1664.9001
   1675.2172
   1685.4645
   1695.6428
   1705.7526
   1714.9960
   1724.2058
   1733.3986
   1742.5704
   1751.7179
   1760.8378
   1769.9265
   1778.9803
   1787.9954
   1796.9678
   1805.8962
   1814.7886
   1823.6504
   1832.4849
   1841.2941
   1850.0784
   1858.8375
   1867.5709
   1876.2784
   1884.9592
   1893.6121
   1902.2346
   1910.8241
   1919.3793
   1927.8999
   1936.3860
   1944.8373
   1953.2524
   1961.6298
# Travel time at depth =  50.00 km.
   1488.9746
   1500.0812
   1511.1726
   1522.2411
   1533.2795
   1544.2822
   1555.2445
   1566.1621
   1577.0303
   1587.8446
   1598.6016
   1609.2998
   1619.9381
   1630.5157
   1641.0308
   1651.4805
   1661.8625
   1672.1752
   1682.4182
   1692.5923
   1702.6694
   1711.8918
   1721.1008
   1730.2925
   1739.4631
   1748.6093
   1757.7274
   1766.8145
   1775.8662
   1784.8792
   1793.8491
   1802.7755
   1811.6661
   1820.5265
   1829.3596
   1838.1675
   1846.9506
   1855.7083
   1864.4404
   1873.1465
   1881.8260
   1890.4773
   1899.0983
   1907.6860
   1916.2395
   1924.7583
   1933.2427
   1941.6923
   1950.1056
   1958.4811
# Travel time at depth =  75.00 km.
   1484.0061
   1495.1115
   1506.2006
   1517.2660
   1528.3005
   1539.2988
   1550.2563
   1561.1686
   1572.0310
   1582.8390
   1593.5895
   1604.2811
   1614.9130
   1625.4840
   1635.9919
   1646.4346
   1656.8094
   1667.1147
   1677.3506
   1687.5175
   1697.5061
   1706.7274
   1715.9349
   1725.1249
   1734.2933
   1743.4370
   1752.5526
   1761.6365
   1770.6851
   1779.6942
   1788.6602
   1797.5830
   1806.4708
   1815.3287
   1824.1595
   1832.9652
   1841.7461
   1850.5017
   1859.2316
   1867.9354
   1876.6125
   1885.2614
   1893.8795
   1902.4645
   1911.0150
   1919.5310
   1928.0125
   1936.4591
   1944.8694
   1953.2416
# Travel time at depth = 100.00 km.
   1479.0509
   1490.1547
   1501.2415
   1512.3036
   1523.3344
   1534.3281
   1545.2806
   1556.1875
   1567.0438
   1577.8456
   1588.5896
   1599.2747
   1609.8998
   1620.4640
   1630.9651
   1641.4005
   1651.7679
   1662.0658
   1672.2943
   1682.4542
   1692.3539
   1701.5741
   1710.7802
   1719.9681
   1729.1345
   1738.2758
   1747.3885
   1756.4695
   1765.5145
   1774.5200
   1783.4819
   1792.4012
   1801.2863
   1810.1416
   1818.9702
   1827.7737
   1836.5524
   1845.3058
   1854.0333
   1862.7350
   1871.4097
   1880.0560
   1888.6714
   1897.2534
   1905.8009
   1914.3140
   1922.7926
   1931.2362
   1939.6433
   1948.0123
# Travel time at depth = 150.00 km.
   1469.1791
   1480.2795
   1491.3612
   1502.4166
   1513.4391
   1524.4236
   1535.3658
   1546.2615
   1557.1057
   1567.8944
   1578.6251
   1589.2968
   1599.9084
   1610.4589
   1620.9457
   1631.3665
   1641.7189
   1652.0017
   1662.2156
   1672.3610
   1682.0820
   1691.2999
   1700.5029
   1709.6871
   1718.8490
   1727.9852
   1737.0924
   1746.1669
   1755.2050
   1764.2028
   1773.1564
   1782.0691
   1790.9484
   1799.7987
   1808.6227
   1817.4219
   1826.1960
   1834.9448
   1843.6678
   1852.3647
   1861.0347
   1869.6758
   1878.2855
   1886.8616
   1895.4031
   1903.9103
   1912.3829
   1920.8204
   1929.2212
   1937.5836
# Travel time at depth = 200.00 km.
   1459.3563
   1470.4530
   1481.5289
   1492.5769
   1503.5907
   1514.5657
   1525.4973
   1536.3812
   1547.2128
   1557.9880
   1568.7052
   1579.3633
   1589.9611
   1600.4973
   1610.9695
   1621.3752
   1631.7123
   1641.9800
   1652.1790
   1662.3096
   1671.8512
   1681.0665
   1690.2662
   1699.4464
   1708.6036
   1717.7346
   1726.8358
   1735.9038
   1744.9346
   1753.9243
   1762.8698
   1771.7758
   1780.6495
   1789.4949
   1798.3142
   1807.1089
   1815.8784
   1824.6227
   1833.3409
   1842.0331
   1850.6980
   1859.3336
   1867.9376
   1876.5076
   1885.0430
   1893.5441
   1902.0107
   1910.4420
   1918.8363
     -1.0000
# Travel time at depth = 250.00 km.
   1449.6600
   1460.7522
   1471.8219
   1482.8619
   1493.8666
   1504.8313
   1515.7518
   1526.6234
   1537.4418
   1548.2032
   1558.9065
   1569.5503
   1580.1339
   1590.6555
   1601.1125
   1611.5028
   1621.8241
   1632.0763
   1642.2599
   1652.3755
   1661.7354
   1670.9479
   1680.1440
   1689.3201
   1698.4723
   1707.5978
   1716.6927
   1725.7538
   1734.7770
   1743.7584
   1752.6956
   1761.5951
   1770.4633
   1779.3035
   1788.1182
   1796.9082
   1805.6731
   1814.4125
   1823.1260
   1831.8132
   1840.4729
   1849.1029
   1857.7007
   1866.2644
   1874.7937
   1883.2886
   1891.7489
   1900.1737
   1908.5613
     -1.0000
# Travel time at depth = 300.00 km.
   1440.2172
   1451.3043
   1462.3669
   1473.3984
   1484.3932
   1495.3470
   1506.2555
   1517.1141
   1527.9185
   1538.6655
   1549.3541
   1559.9834
   1570.5520
   1581.0582
   1591.4995
   1601.8734
   1612.1783
   1622.4144
   1632.5823
   1642.6331
   1651.8557
   1661.0652
   1670.2576
   1679.4290
   1688.5760
   1697.6956
   1706.7839
   1715.8376
   1724.8528
   1733.8254
   1742.7544
   1751.6473
   1760.5098
   1769.3448
   1778.1547
   1786.9398
   1795.6998
   1804.4342
   1813.1427
   1821.8248
   1830.4790
   1839.1030
   1847.6945
   1856.2517
   1864.7745
   1873.2629
   1881.7168
   1890.1349
   1898.5154
     -1.0000
# Travel time at depth = 400.00 km.
   1422.0791
   1433.1537
   1444.1998
   1455.2118
   1466.1847
   1477.1145
   1487.9966
   1498.8265
   1509.6006
   1520.3169
   1530.9744
   1541.5721
   1552.1088
   1562.5819
   1572.9891
   1583.3284
   1593.5986
   1603.8008
   1613.9351
   1623.5718
   1632.7892
   1641.9916
   1651.1752
   1660.3364
   1669.4719
   1678.5785
   1687.6525
   1696.6902
   1705.6877
   1714.6414
   1723.5543
   1732.4340
   1741.2847
   1750.1091
   1758.9087
   1767.6835
   1776.4330
   1785.1569
   1793.8546
   1802.5256
   1811.1678
   1819.7791
   1828.3568
   1836.9003
   1845.4094
   1853.8843
   1862.3242
   1870.7277
   1879.0930
     -1.0000
# Travel time at depth = 500.00 km.
   1405.8547
   1416.9120
   1427.9370
   1438.9247
   1449.8710
   1460.7715
   1471.6217
   1482.4175
   1493.1562
   1503.8369
   1514.4585
   1525.0200
   1535.5193
   1545.9539
   1556.3215
   1566.6210
   1576.8521
   1587.0156
   1597.0684
   1606.2917
   1615.5022
   1624.6957
   1633.8687
   1643.0176
   1652.1392
   1661.2302
   1670.2869
   1679.3055
   1688.2822
   1697.2152
   1706.1115
   1714.9769
   1723.8149
   1732.6276
   1741.4155
   1750.1786
   1758.9161
   1767.6278
   1776.3134
   1784.9713
   1793.5996
   1802.1958
   1810.7578
   1819.2858
   1827.7793
   1836.2386
   1844.6625
   1853.0493
     -1.0000
     -1.0000
# Travel time at depth = 600.00 km.
   1390.7747
   1401.8096
   1412.8088
   1423.7678
   1434.6827
   1445.5490
   1456.3621
   1467.1191
   1477.8187
   1488.4598
   1499.0416
   1509.5623
   1520.0194
   1530.4109
   1540.7347
   1550.9907
   1561.1792
   1571.3007
   1580.8353
   1590.0521
   1599.2537
   1608.4364
   1617.5966
   1626.7311
   1635.8365
   1644.9095
   1653.9463
   1662.9431
   1671.8962
   1680.8090
   1689.6886
   1698.5393
   1707.3639
   1716.1638
   1724.9390
   1733.6888
   1742.4132
   1751.1117
   1759.7834
   1768.4266
   1777.0391
   1785.6182
   1794.1632
   1802.6741
   1811.1508
   1819.5929
   1827.9988
   1836.3668
     -1.0000
     -1.0000
# Travel time at depth = 700.00 km.
   1377.2593
   1388.2653
   1399.2321
   1410.1556
   1421.0317
   1431.8560
   1442.6250
   1453.3370
   1463.9912
   1474.5868
   1485.1221
   1495.5950
   1506.0032
   1516.3446
   1526.6185
   1536.8254
   1546.9657
   1556.7885
   1566.0099
   1575.2177
   1584.4078
   1593.5770
   1602.7217
   1611.8386
   1620.9247
   1629.9760
   1638.9889
   1647.9597
   1656.8876
   1665.7799
   1674.6420
   1683.4771
   1692.2871
   1701.0725
   1709.8329
   1718.5681
   1727.2775
   1735.9607
   1744.6162
   1753.2422
   1761.8359
   1770.3958
   1778.9215
   1787.4132
   1795.8707
   1804.2930
   1812.6783
     -1.0000
     -1.0000
     -1.0000
# Distance-dependent modelling error(s)
   4	1
    0.00   36.00   40.00  180.00
#
   0.100
   6.500
   1.700
   1.700
#@(#)        ak135.SP     2.1     06 Jun 1996
