# ak135 travel-time table for phase: sPdiff      
 14   Number of depth samples at the following depths (km):
    0.00   15.00   35.00   50.00   75.00  100.00  150.00  200.00  250.00  300.00
  400.00  500.00  600.00  700.00
 23   Number of distance samples at the following distances (deg):
  100.00  102.00  104.00  106.00  108.00  110.00  112.00  114.00  116.00  118.00
  120.00  122.00  124.00  126.00  128.00  130.00  132.00  134.00  136.00  138.00
  140.00  142.00  144.00
# Travel time at depth =   0.00 km.
    827.0427
    835.9340
    844.8254
    853.7167
    862.6080
    871.4994
    880.3907
    889.2820
    898.1734
    907.0647
    915.9561
    924.8474
    933.7387
    942.6301
    951.5214
    960.4128
    969.3041
    978.1954
    987.0868
    995.9781
   1004.8694
   1013.7608
   1022.6521
# Travel time at depth =  15.00 km.
    831.3362
    840.2275
    849.1189
    858.0102
    866.9016
    875.7929
    884.6842
    893.5756
    902.4669
    911.3583
    920.2496
    929.1409
    938.0323
    946.9236
    955.8149
    964.7063
    973.5976
    982.4890
    991.3803
   1000.2716
   1009.1630
   1018.0543
   1026.9457
# Travel time at depth =  35.00 km.
    836.6165
    845.5078
    854.3991
    863.2905
    872.1818
    881.0731
    889.9645
    898.8558
    907.7471
    916.6385
    925.5298
    934.4211
    943.3125
    952.2039
    961.0952
    969.9865
    978.8779
    987.7692
    996.6605
   1005.5519
   1014.4432
   1023.3345
   1032.2258
# Travel time at depth =  50.00 km.
    839.9085
    848.7999
    857.6912
    866.5826
    875.4739
    884.3652
    893.2566
    902.1479
    911.0392
    919.9306
    928.8219
    937.7133
    946.6046
    955.4960
    964.3873
    973.2786
    982.1700
    991.0613
    999.9526
   1008.8440
   1017.7353
   1026.6267
   1035.5179
# Travel time at depth =  75.00 km.
    845.3886
    854.2800
    863.1713
    872.0626
    880.9540
    889.8453
    898.7367
    907.6280
    916.5193
    925.4107
    934.3020
    943.1934
    952.0847
    960.9760
    969.8674
    978.7587
    987.6500
    996.5414
   1005.4327
   1014.3241
   1023.2154
   1032.1067
   1040.9980
# Travel time at depth = 100.00 km.
    850.8605
    859.7519
    868.6432
    877.5346
    886.4259
    895.3173
    904.2086
    913.0999
    921.9913
    930.8826
    939.7739
    948.6653
    957.5566
    966.4480
    975.3393
    984.2307
    993.1220
   1002.0133
   1010.9047
   1019.7960
   1028.6874
   1037.5787
   1046.4700
# Travel time at depth = 150.00 km.
    861.7809
    870.6722
    879.5636
    888.4550
    897.3463
    906.2376
    915.1290
    924.0203
    932.9116
    941.8030
    950.6943
    959.5856
    968.4770
    977.3683
    986.2596
    995.1510
   1004.0424
   1012.9337
   1021.8250
   1030.7163
   1039.6077
   1048.4990
   1057.3904
# Travel time at depth = 200.00 km.
    872.6726
    881.5640
    890.4553
    899.3466
    908.2380
    917.1293
    926.0207
    934.9120
    943.8033
    952.6947
    961.5860
    970.4774
    979.3687
    988.2600
    997.1514
   1006.0427
   1014.9340
   1023.8254
   1032.7167
   1041.6080
   1050.4994
   1059.3907
   1068.2821
# Travel time at depth = 250.00 km.
     -1.0000
    892.3579
    901.2493
    910.1406
    919.0319
    927.9233
    936.8146
    945.7060
    954.5973
    963.4886
    972.3800
    981.2713
    990.1627
    999.0540
   1007.9453
   1016.8367
   1025.7280
   1034.6194
   1043.5107
   1052.4020
   1061.2933
   1070.1847
   1079.0760
# Travel time at depth = 300.00 km.
     -1.0000
    902.9414
    911.8328
    920.7241
    929.6154
    938.5068
    947.3981
    956.2894
    965.1808
    974.0721
    982.9634
    991.8548
   1000.7462
   1009.6375
   1018.5288
   1027.4202
   1036.3115
   1045.2029
   1054.0941
   1062.9855
   1071.8768
   1080.7682
   1089.6595
# Travel time at depth = 400.00 km.
     -1.0000
    923.4970
    932.3884
    941.2797
    950.1710
    959.0624
    967.9537
    976.8450
    985.7364
    994.6277
   1003.5190
   1012.4104
   1021.3018
   1030.1931
   1039.0844
   1047.9757
   1056.8671
   1065.7584
   1074.6498
   1083.5411
   1092.4325
   1101.3237
   1110.2151
# Travel time at depth = 500.00 km.
     -1.0000
    942.4643
    951.3557
    960.2470
    969.1383
    978.0297
    986.9210
    995.8123
   1004.7037
   1013.5950
   1022.4863
   1031.3777
   1040.2690
   1049.1604
   1058.0518
   1066.9430
   1075.8344
   1084.7257
   1093.6171
   1102.5084
   1111.3998
   1120.2911
   1129.1824
# Travel time at depth = 600.00 km.
     -1.0000
    960.5435
    969.4348
    978.3261
    987.2175
    996.1088
   1005.0001
   1013.8915
   1022.7828
   1031.6742
   1040.5654
   1049.4568
   1058.3481
   1067.2395
   1076.1309
   1085.0222
   1093.9136
   1102.8048
   1111.6962
   1120.5875
   1129.4789
   1138.3702
   1147.2616
# Travel time at depth = 700.00 km.
     -1.0000
    977.4378
    986.3291
    995.2205
   1004.1118
   1013.0032
   1021.8945
   1030.7858
   1039.6771
   1048.5685
   1057.4598
   1066.3512
   1075.2426
   1084.1339
   1093.0251
   1101.9165
   1110.8079
   1119.6992
   1128.5906
   1137.4819
   1146.3732
   1155.2645
   1164.1559
# Distance-dependent modelling error(s)
   3   1
  100.00  116.00  144.00
#
   1.200
   5.000
  10.000
#@(#)        ak135.sPdiff     2.1     06 Jun 1996
