# ak135 travel-time table for phase: sPKiKP      
 14   Number of depth samples at the following depths (km):
    0.00   15.00   35.00   50.00   75.00  100.00  150.00  200.00  250.00  300.00
  400.00  500.00  600.00  700.00
 32   Number of distance samples at the following distances (deg):
    0.00    5.00   10.00   15.00   20.00   25.00   30.00   35.00   40.00   45.00
   50.00   55.00   60.00   65.00   70.00   75.00   80.00   85.00   90.00   95.00
  100.00  105.00  110.00  115.00  120.00  125.00  130.00  135.00  140.00  145.00
  150.00  155.00
# Travel time at depth =   0.00 km.
    994.8231
    995.1028
    995.9410
    997.3346
    999.2790
   1001.7673
   1004.7911
   1008.3401
   1012.4024
   1016.9644
   1022.0112
   1027.5264
   1033.4922
   1039.8901
   1046.7003
   1053.9019
   1061.4736
   1069.3931
   1077.6377
   1086.1841
   1095.0088
   1104.0878
   1113.3972
   1122.9130
   1132.6108
   1142.4669
   1152.4576
   1162.5593
   1172.7491
   1183.0046
   1193.3038
   1203.6256
# Travel time at depth =  15.00 km.
    999.1584
    999.4381
   1000.2761
   1001.6697
   1003.6139
   1006.1020
   1009.1255
   1012.6743
   1016.7361
   1021.2978
   1026.3441
   1031.8589
   1037.8243
   1044.2218
   1051.0315
   1058.2327
   1065.8038
   1073.7229
   1081.9670
   1090.5131
   1099.3373
   1108.4160
   1117.7251
   1127.2405
   1136.9381
   1146.7939
   1156.7844
   1166.8860
   1177.0757
   1187.3311
   1197.6301
   1207.9519
# Travel time at depth =  35.00 km.
   1004.4995
   1004.7791
   1005.6171
   1007.0104
   1008.9543
   1011.4421
   1014.4653
   1018.0135
   1022.0750
   1026.6360
   1031.6818
   1037.1958
   1043.1606
   1049.5575
   1056.3665
   1063.5670
   1071.1375
   1079.0559
   1087.2994
   1095.8448
   1104.6686
   1113.7467
   1123.0553
   1132.5702
   1142.2675
   1152.1229
   1162.1130
   1172.2144
   1182.4038
   1192.6591
   1202.9581
   1213.2799
# Travel time at depth =  50.00 km.
   1007.8464
   1008.1260
   1008.9639
   1010.3571
   1012.3008
   1014.7883
   1017.8111
   1021.3589
   1025.4199
   1029.9805
   1035.0258
   1040.5392
   1046.5034
   1052.8997
   1059.7080
   1066.9080
   1074.4779
   1082.3958
   1090.6387
   1099.1835
   1108.0067
   1117.0844
   1126.3925
   1135.9070
   1145.6039
   1155.4591
   1165.4490
   1175.5500
   1185.7394
   1195.9944
   1206.2935
   1216.6151
# Travel time at depth =  75.00 km.
   1013.4188
   1013.6983
   1014.5359
   1015.9289
   1017.8721
   1020.3592
   1023.3813
   1026.9286
   1030.9888
   1035.5485
   1040.5928
   1046.1055
   1052.0687
   1058.4639
   1065.2712
   1072.4701
   1080.0391
   1087.9559
   1096.1979
   1104.7418
   1113.5641
   1122.6410
   1131.9484
   1141.4622
   1151.1584
   1161.0131
   1171.0024
   1181.1031
   1191.2922
   1201.5471
   1211.8459
   1222.1676
# Travel time at depth = 100.00 km.
   1018.9837
   1019.2632
   1020.1007
   1021.4933
   1023.4362
   1025.9227
   1028.9443
   1032.4908
   1036.5503
   1041.1091
   1046.1526
   1051.6643
   1057.6265
   1064.0208
   1070.8270
   1078.0249
   1085.5929
   1093.5087
   1101.7496
   1110.2927
   1119.1141
   1128.1902
   1137.4968
   1147.0099
   1156.7056
   1166.5597
   1176.5486
   1186.6489
   1196.8376
   1207.0923
   1217.3911
   1227.7126
# Travel time at depth = 150.00 km.
   1030.0928
   1030.3722
   1031.2094
   1032.6013
   1034.5435
   1037.0289
   1040.0493
   1043.5945
   1047.6523
   1052.2095
   1057.2511
   1062.7609
   1068.7212
   1075.1133
   1081.9176
   1089.1133
   1096.6792
   1104.5930
   1112.8320
   1121.3732
   1130.1927
   1139.2672
   1148.5723
   1158.0840
   1167.7783
   1177.6313
   1187.6194
   1197.7190
   1207.9071
   1218.1614
   1228.4598
   1238.7812
# Travel time at depth = 200.00 km.
   1041.1768
   1041.4561
   1042.2928
   1043.6843
   1045.6255
   1048.1100
   1051.1292
   1054.6729
   1058.7291
   1063.2845
   1068.3243
   1073.8322
   1079.7904
   1086.1804
   1092.9825
   1100.1763
   1107.7400
   1115.6517
   1123.8888
   1132.4280
   1141.2458
   1150.3185
   1159.6219
   1169.1323
   1178.8254
   1188.6772
   1198.6643
   1208.7632
   1218.9507
   1229.2045
   1239.5027
   1249.8241
# Travel time at depth = 250.00 km.
   1052.1678
   1052.4470
   1053.2834
   1054.6743
   1056.6147
   1059.0981
   1062.1160
   1065.6582
   1069.7129
   1074.2666
   1079.3044
   1084.8102
   1090.7664
   1097.1543
   1103.9543
   1111.1458
   1118.7074
   1126.6171
   1134.8521
   1143.3893
   1152.2052
   1161.2761
   1170.5780
   1180.0869
   1189.7787
   1199.6294
   1209.6155
   1219.7135
   1229.9004
   1240.1537
   1250.4517
   1260.7729
# Travel time at depth = 300.00 km.
   1062.9556
   1063.2346
   1064.0707
   1065.4608
   1067.4004
   1069.8827
   1072.8993
   1076.4401
   1080.4930
   1085.0449
   1090.0808
   1095.5845
   1101.5385
   1107.9242
   1114.7219
   1121.9113
   1129.4706
   1137.3781
   1145.6110
   1154.1461
   1162.9601
   1172.0292
   1181.3295
   1190.8368
   1200.5271
   1210.3767
   1220.3618
   1230.4590
   1240.6451
   1250.8981
   1261.1957
   1271.5168
# Travel time at depth = 400.00 km.
   1083.9421
   1084.2209
   1085.0562
   1086.4451
   1088.3827
   1090.8628
   1093.8766
   1097.4141
   1101.4635
   1106.0116
   1111.0433
   1116.5426
   1122.4922
   1128.8732
   1135.6663
   1142.8507
   1150.4054
   1158.3082
   1166.5366
   1175.0675
   1183.8776
   1192.9427
   1202.2395
   1211.7435
   1221.4312
   1231.2782
   1241.2611
   1251.3564
   1261.5414
   1271.7932
   1282.0902
   1292.4111
# Travel time at depth = 500.00 km.
   1103.3916
   1103.6700
   1104.5044
   1105.8917
   1107.8274
   1110.3048
   1113.3157
   1116.8496
   1120.8951
   1125.4388
   1130.4659
   1135.9604
   1141.9049
   1148.2808
   1155.0685
   1162.2477
   1169.7971
   1177.6948
   1185.9182
   1194.4443
   1203.2498
   1212.3108
   1221.6035
   1231.1040
   1240.7883
   1250.6326
   1260.6130
   1270.7064
   1280.8898
   1291.1406
   1301.4369
   1311.7576
# Travel time at depth = 600.00 km.
   1121.9929
   1122.2710
   1123.1044
   1124.4902
   1126.4237
   1128.8983
   1131.9058
   1135.4360
   1139.4773
   1144.0162
   1149.0385
   1154.5277
   1160.4666
   1166.8368
   1173.6189
   1180.7925
   1188.3362
   1196.2283
   1204.4463
   1212.9673
   1221.7677
   1230.8241
   1240.1125
   1249.6091
   1259.2899
   1269.1311
   1279.1090
   1289.2003
   1299.3820
   1309.6315
   1319.9271
   1330.2474
# Travel time at depth = 700.00 km.
   1139.4653
   1139.7430
   1140.5754
   1141.9595
   1143.8905
   1146.3622
   1149.3660
   1152.8920
   1156.9285
   1161.4624
   1166.4791
   1171.9625
   1177.8954
   1184.2594
   1191.0353
   1198.2024
   1205.7400
   1213.6260
   1221.8380
   1230.3531
   1239.1482
   1248.1995
   1257.4832
   1266.9755
   1276.6523
   1286.4902
   1296.4652
   1306.5541
   1316.7339
   1326.9821
   1337.2767
   1347.5968
# Modelling error(s)
   1   1
#
   1.200
#@(#)        ak135.sPKiKP     2.1     06 Jun 1996
