# ak135 travel-time table for phase: sPKPab      
 14   Number of depth samples at the following depths (km):
    0.00   15.00   35.00   50.00   75.00  100.00  150.00  200.00  250.00  300.00
  400.00  500.00  600.00  700.00
 34   Number of distance samples at the following distances (deg):
  145.00  146.00  147.00  148.00  149.00  150.00  151.00  152.00  153.00  154.00
  155.00  156.00  157.00  158.00  159.00  160.00  161.00  162.00  163.00  164.00
  165.00  166.00  167.00  168.00  169.00  170.00  171.00  172.00  173.00  174.00
  175.00  176.00  177.00  178.00
# Travel time at depth =   0.00 km.
   1178.4740
   1182.1722
   1186.0320
   1189.9866
   1194.0122
   1198.0944
   1202.2228
   1206.3901
   1210.5911
   1214.8218
   1219.0787
   1223.3584
   1227.6580
   1231.9758
   1236.3099
   1240.6588
   1245.0208
   1249.3940
   1253.7777
   1258.1704
   1262.5714
   1266.9797
   1271.3945
   1275.8149
   1280.2404
   1284.6702
   1289.1038
   1293.5404
   1297.9797
   1302.4213
   1306.8644
   1311.3087
   1315.7539
   1320.1995
# Travel time at depth =  15.00 km.
     -1.0000
   1186.4771
   1190.3350
   1194.2882
   1198.3127
   1202.3940
   1206.5217
   1210.6885
   1214.8888
   1219.1190
   1223.3756
   1227.6548
   1231.9541
   1236.2716
   1240.6055
   1244.9541
   1249.3157
   1253.6888
   1258.0723
   1262.4648
   1266.8657
   1271.2739
   1275.6885
   1280.1089
   1284.5343
   1288.9640
   1293.3975
   1297.8341
   1302.2734
   1306.7148
   1311.1580
   1315.6023
   1320.0474
   1324.4929
# Travel time at depth =  35.00 km.
     -1.0000
   1191.7739
   1195.6290
   1199.5803
   1203.6033
   1207.6832
   1211.8098
   1215.9757
   1220.1753
   1224.4048
   1228.6606
   1232.9392
   1237.2380
   1241.5551
   1245.8885
   1250.2368
   1254.5980
   1258.9709
   1263.3541
   1267.7465
   1272.1471
   1276.5551
   1280.9695
   1285.3898
   1289.8149
   1294.2446
   1298.6780
   1303.1145
   1307.5538
   1311.9951
   1316.4382
   1320.8824
   1325.3276
   1329.7732
# Travel time at depth =  50.00 km.
     -1.0000
   1195.0811
   1198.9337
   1202.8832
   1206.9047
   1210.9835
   1215.1091
   1219.2742
   1223.4729
   1227.7018
   1231.9570
   1236.2352
   1240.5336
   1244.8501
   1249.1832
   1253.5311
   1257.8921
   1262.2646
   1266.6476
   1271.0398
   1275.4402
   1279.8480
   1284.2623
   1288.6824
   1293.1075
   1297.5371
   1301.9703
   1306.4069
   1310.8461
   1315.2874
   1319.7303
   1324.1747
   1328.6198
   1333.0653
# Travel time at depth =  75.00 km.
     -1.0000
   1200.5867
   1204.4351
   1208.3815
   1212.4005
   1216.4774
   1220.6013
   1224.7649
   1228.9625
   1233.1902
   1237.4445
   1241.7218
   1246.0193
   1250.3352
   1254.6676
   1259.0150
   1263.3755
   1267.7476
   1272.1301
   1276.5220
   1280.9220
   1285.3296
   1289.7437
   1294.1635
   1298.5884
   1303.0178
   1307.4509
   1311.8873
   1316.3263
   1320.7676
   1325.2106
   1329.6548
   1334.0999
   1338.5454
# Travel time at depth = 100.00 km.
     -1.0000
   1206.0845
   1209.9285
   1213.8718
   1217.8884
   1221.9633
   1226.0856
   1230.2477
   1234.4440
   1238.6705
   1242.9238
   1247.2002
   1251.4969
   1255.8121
   1260.1439
   1264.4907
   1268.8507
   1273.2224
   1277.6045
   1281.9960
   1286.3958
   1290.8030
   1295.2168
   1299.6364
   1304.0612
   1308.4904
   1312.9233
   1317.3595
   1321.7985
   1326.2396
   1330.6826
   1335.1267
   1339.5718
   1344.0173
# Travel time at depth = 150.00 km.
     -1.0000
   1217.0580
   1220.8929
   1224.8298
   1228.8416
   1232.9122
   1237.0310
   1241.1902
   1245.3839
   1249.6082
   1253.8594
   1258.1340
   1262.4292
   1266.7429
   1271.0734
   1275.4189
   1279.7778
   1284.1486
   1288.5299
   1292.9205
   1297.3197
   1301.7263
   1306.1395
   1310.5587
   1314.9830
   1319.4119
   1323.8446
   1328.2806
   1332.7194
   1337.1603
   1341.6031
   1346.0471
   1350.4922
   1354.9377
# Travel time at depth = 200.00 km.
     -1.0000
   1228.0046
   1231.8301
   1235.7605
   1239.7668
   1243.8333
   1247.9486
   1252.1047
   1256.2958
   1260.5176
   1264.7667
   1269.0396
   1273.3330
   1277.6453
   1281.9744
   1286.3187
   1290.6766
   1295.0464
   1299.4268
   1303.8167
   1308.2151
   1312.6211
   1317.0339
   1321.4525
   1325.8765
   1330.3049
   1334.7373
   1339.1731
   1343.6116
   1348.0524
   1352.4950
   1356.9390
   1361.3839
   1365.8295
# Travel time at depth = 250.00 km.
     -1.0000
   1238.8561
   1242.6713
   1246.5947
   1250.5957
   1254.6577
   1258.7693
   1262.9224
   1267.1106
   1271.3300
   1275.5769
   1279.8478
   1284.1396
   1288.4503
   1292.7780
   1297.1211
   1301.4778
   1305.8467
   1310.2262
   1314.6152
   1319.0129
   1323.4183
   1327.8306
   1332.2487
   1336.6722
   1341.1002
   1345.5323
   1349.9678
   1354.4060
   1358.8467
   1363.2892
   1367.7330
   1372.1780
   1376.6234
# Travel time at depth = 300.00 km.
     -1.0000
   1249.5001
   1253.3044
   1257.2205
   1261.2158
   1265.2732
   1269.3809
   1273.5305
   1277.7159
   1281.9327
   1286.1774
   1290.4463
   1294.7363
   1299.0454
   1303.3716
   1307.7134
   1312.0690
   1316.4366
   1320.8153
   1325.2036
   1329.6006
   1334.0052
   1338.4169
   1342.8345
   1347.2574
   1351.6852
   1356.1169
   1360.5520
   1364.9901
   1369.4305
   1373.8729
   1378.3167
   1382.7615
   1387.2069
# Travel time at depth = 400.00 km.
     -1.0000
   1270.1876
   1273.9672
   1277.8672
   1281.8501
   1285.8975
   1289.9967
   1294.1393
   1298.3185
   1302.5298
   1306.7695
   1311.0341
   1315.3203
   1319.6259
   1323.9490
   1328.2880
   1332.6410
   1337.0066
   1341.3832
   1345.7697
   1350.1650
   1354.5682
   1358.9786
   1363.3951
   1367.8171
   1372.2440
   1376.6749
   1381.1095
   1385.5470
   1389.9871
   1394.4290
   1398.8726
   1403.3171
   1407.7625
# Travel time at depth = 500.00 km.
     -1.0000
   1289.3099
   1293.0583
   1296.9395
   1300.9080
   1304.9436
   1309.0333
   1313.1676
   1317.3397
   1321.5447
   1325.7787
   1330.0385
   1334.3203
   1338.6219
   1342.9415
   1347.2772
   1351.6273
   1355.9904
   1360.3646
   1364.7490
   1369.1426
   1373.5442
   1377.9530
   1382.3683
   1386.7892
   1391.2150
   1395.6451
   1400.0790
   1404.5159
   1408.9553
   1413.3970
   1417.8402
   1422.2847
   1426.7299
# Travel time at depth = 600.00 km.
     -1.0000
   1307.5679
   1311.2769
   1315.1361
   1319.0883
   1323.1107
   1327.1896
   1331.3147
   1335.4790
   1339.6769
   1343.9047
   1348.1588
   1352.4359
   1356.7332
   1361.0487
   1365.3809
   1369.7278
   1374.0879
   1378.4597
   1382.8418
   1387.2333
   1391.6331
   1396.0403
   1400.4541
   1404.8738
   1409.2985
   1413.7277
   1418.1606
   1422.5968
   1427.0358
   1431.4769
   1435.9198
   1440.3640
   1444.8090
# Travel time at depth = 700.00 km.
     -1.0000
     -1.0000
   1328.3324
   1332.1654
   1336.0985
   1340.1058
   1344.1721
   1348.2867
   1352.4420
   1356.6320
   1360.8525
   1365.1003
   1369.3719
   1373.6643
   1377.9753
   1382.3033
   1386.6466
   1391.0034
   1395.3723
   1399.7520
   1404.1411
   1408.5388
   1412.9441
   1417.3563
   1421.7744
   1426.1979
   1430.6260
   1435.0580
   1439.4934
   1443.9316
   1448.3723
   1452.8147
   1457.2585
   1461.7035
# Modelling error(s)
   1   1
#
   1.500
#@(#)        ak135.sPKPab     2.1     06 Jun 1996
