# ak135 travel-time table for phase: sPKPdf      
 14   Number of depth samples at the following depths (km):
    0.00   15.00   35.00   50.00   75.00  100.00  150.00  200.00  250.00  300.00
  400.00  500.00  600.00  700.00
 44   Number of distance samples at the following distances (deg):
  115.50  117.00  118.50  120.00  121.50  123.00  124.50  126.00  127.50  129.00
  130.50  132.00  133.50  135.00  136.50  138.00  139.50  141.00  142.50  144.00
  145.50  147.00  148.50  150.00  151.50  153.00  154.50  156.00  157.50  159.00
  160.50  162.00  163.50  165.00  166.50  168.00  169.50  171.00  172.50  174.00
  175.50  177.00  178.50  180.00
# Travel time at depth =   0.00 km.
   1123.8748
   1126.7611
   1129.6467
   1132.5311
   1135.4136
   1138.2932
   1141.1693
   1144.0406
   1146.9061
   1149.7645
   1152.6141
   1155.4532
   1158.2797
   1161.0911
   1163.8843
   1166.6561
   1169.4036
   1172.1218
   1174.8058
   1177.4496
   1180.0465
   1182.5894
   1185.0707
   1187.4783
   1189.7990
   1192.0298
   1194.1671
   1196.2042
   1198.1353
   1199.9557
   1201.6616
   1203.2499
   1204.7189
   1206.0643
   1207.2854
   1208.3811
   1209.3500
   1210.1913
   1210.9041
   1211.4879
   1211.9425
   1212.2672
   1212.4623
   1212.5273
# Travel time at depth =  15.00 km.
   1128.2023
   1131.0886
   1133.9742
   1136.8586
   1139.7411
   1142.6208
   1145.4968
   1148.3682
   1151.2338
   1154.0922
   1156.9419
   1159.7810
   1162.6075
   1165.4189
   1168.2124
   1170.9844
   1173.7318
   1176.4503
   1179.1344
   1181.7784
   1184.3756
   1186.9187
   1189.4004
   1191.8083
   1194.1295
   1196.3606
   1198.4983
   1200.5358
   1202.4673
   1204.2881
   1205.9944
   1207.5830
   1209.0524
   1210.3981
   1211.6195
   1212.7155
   1213.6846
   1214.5260
   1215.2389
   1215.8230
   1216.2776
   1216.6025
   1216.7975
   1216.8627
# Travel time at depth =  35.00 km.
   1133.5320
   1136.4183
   1139.3040
   1142.1884
   1145.0708
   1147.9506
   1150.8267
   1153.6980
   1156.5636
   1159.4221
   1162.2719
   1165.1111
   1167.9377
   1170.7493
   1173.5428
   1176.3151
   1179.0627
   1181.7814
   1184.4658
   1187.1101
   1189.7076
   1192.2512
   1194.7333
   1197.1418
   1199.4635
   1201.6952
   1203.8334
   1205.8715
   1207.8036
   1209.6249
   1211.3317
   1212.9208
   1214.3906
   1215.7368
   1216.9587
   1218.0551
   1219.0245
   1219.8662
   1220.5795
   1221.1637
   1221.6184
   1221.9435
   1222.1385
   1222.2037
# Travel time at depth =  50.00 km.
   1136.8688
   1139.7551
   1142.6407
   1145.5253
   1148.4077
   1151.2874
   1154.1636
   1157.0349
   1159.9006
   1162.7592
   1165.6090
   1168.4482
   1171.2750
   1174.0867
   1176.8804
   1179.6527
   1182.4005
   1185.1195
   1187.8041
   1190.4487
   1193.0466
   1195.5905
   1198.0730
   1200.4819
   1202.8041
   1205.0363
   1207.1750
   1209.2136
   1211.1462
   1212.9681
   1214.6754
   1216.2650
   1217.7352
   1219.0819
   1220.3041
   1221.4008
   1222.3705
   1223.2125
   1223.9259
   1224.5104
   1224.9653
   1225.2904
   1225.4856
   1225.5507
# Travel time at depth =  75.00 km.
   1142.4240
   1145.3102
   1148.1959
   1151.0803
   1153.9629
   1156.8427
   1159.7188
   1162.5903
   1165.4561
   1168.3147
   1171.1646
   1174.0040
   1176.8309
   1179.6428
   1182.4366
   1185.2092
   1187.9574
   1190.6768
   1193.3618
   1196.0068
   1198.6052
   1201.1498
   1203.6329
   1206.0427
   1208.3657
   1210.5988
   1212.7384
   1214.7778
   1216.7113
   1218.5339
   1220.2421
   1221.8324
   1223.3035
   1224.6508
   1225.8735
   1226.9708
   1227.9410
   1228.7836
   1229.4973
   1230.0822
   1230.5372
   1230.8625
   1231.0577
   1231.1230
# Travel time at depth = 100.00 km.
   1147.9716
   1150.8579
   1153.7437
   1156.6281
   1159.5106
   1162.3904
   1165.2666
   1168.1382
   1171.0040
   1173.8627
   1176.7128
   1179.5524
   1182.3794
   1185.1914
   1187.9856
   1190.7584
   1193.5068
   1196.2266
   1198.9120
   1201.5575
   1204.1565
   1206.7015
   1209.1854
   1211.5961
   1213.9199
   1216.1538
   1218.2943
   1220.3346
   1222.2689
   1224.0925
   1225.8014
   1227.3926
   1228.8644
   1230.2123
   1231.4358
   1232.5336
   1233.5044
   1234.3473
   1235.0614
   1235.6465
   1236.1019
   1236.4274
   1236.6228
   1236.6880
# Travel time at depth = 150.00 km.
   1159.0455
   1161.9319
   1164.8176
   1167.7021
   1170.5847
   1173.4646
   1176.3409
   1179.2126
   1182.0785
   1184.9375
   1187.7877
   1190.6276
   1193.4550
   1196.2675
   1199.0620
   1201.8353
   1204.5845
   1207.3048
   1209.9911
   1212.6376
   1215.2377
   1217.7839
   1220.2692
   1222.6815
   1225.0071
   1227.2427
   1229.3849
   1231.4270
   1233.3632
   1235.1884
   1236.8990
   1238.4917
   1239.9651
   1241.3145
   1242.5392
   1243.6382
   1244.6100
   1245.4537
   1246.1687
   1246.7545
   1247.2103
   1247.5361
   1247.7318
   1247.7971
# Travel time at depth = 200.00 km.
   1170.0938
   1172.9801
   1175.8658
   1178.7504
   1181.6331
   1184.5131
   1187.3894
   1190.2612
   1193.1273
   1195.9865
   1198.8369
   1201.6771
   1204.5048
   1207.3176
   1210.1127
   1212.8866
   1215.6364
   1218.3574
   1221.0446
   1223.6920
   1226.2932
   1228.8408
   1231.3274
   1233.7413
   1236.0688
   1238.3060
   1240.4501
   1242.4940
   1244.4319
   1246.2589
   1247.9713
   1249.5657
   1251.0404
   1252.3914
   1253.6173
   1254.7175
   1255.6904
   1256.5352
   1257.2510
   1257.8373
   1258.2937
   1258.6199
   1258.8157
   1258.8811
# Travel time at depth = 250.00 km.
   1181.0482
   1183.9346
   1186.8203
   1189.7050
   1192.5876
   1195.4677
   1198.3441
   1201.2161
   1204.0824
   1206.9417
   1209.7924
   1212.6328
   1215.4609
   1218.2742
   1221.0697
   1223.8441
   1226.5945
   1229.3163
   1232.0043
   1234.6527
   1237.2551
   1239.8040
   1242.2920
   1244.7076
   1247.0370
   1249.2760
   1251.4219
   1253.4677
   1255.4073
   1257.2362
   1258.9503
   1260.5464
   1262.0227
   1263.3751
   1264.6025
   1265.7039
   1266.6779
   1267.5236
   1268.2401
   1268.8271
   1269.2841
   1269.6107
   1269.8066
   1269.8722
# Travel time at depth = 300.00 km.
     -1.0000
   1194.6843
   1197.5701
   1200.4547
   1203.3375
   1206.2177
   1209.0942
   1211.9663
   1214.8328
   1217.6923
   1220.5432
   1223.3839
   1226.2123
   1229.0260
   1231.8220
   1234.5970
   1237.3480
   1240.0706
   1242.7595
   1245.4091
   1248.0126
   1250.5627
   1253.0522
   1255.4696
   1257.8009
   1260.0419
   1262.1896
   1264.2373
   1266.1790
   1268.0096
   1269.7256
   1271.3234
   1272.8014
   1274.1553
   1275.3840
   1276.4867
   1277.4619
   1278.3085
   1279.0259
   1279.6136
   1280.0712
   1280.3981
   1280.5944
   1280.6599
# Travel time at depth = 400.00 km.
     -1.0000
   1215.5908
   1218.4767
   1221.3613
   1224.2443
   1227.1245
   1230.0013
   1232.8737
   1235.7405
   1238.6003
   1241.4519
   1244.2932
   1247.1223
   1249.9369
   1252.7339
   1255.5101
   1258.2626
   1260.9867
   1263.6775
   1266.3292
   1268.9352
   1271.4882
   1273.9807
   1276.4019
   1278.7372
   1280.9821
   1283.1338
   1285.1855
   1287.1312
   1288.9659
   1290.6857
   1292.2871
   1293.7686
   1295.1257
   1296.3575
   1297.4629
   1298.4404
   1299.2892
   1300.0084
   1300.5975
   1301.0562
   1301.3839
   1301.5807
   1301.6464
# Travel time at depth = 500.00 km.
     -1.0000
   1234.9508
   1237.8367
   1240.7214
   1243.6045
   1246.4850
   1249.3621
   1252.2347
   1255.1019
   1257.9623
   1260.8143
   1263.6564
   1266.4862
   1269.3018
   1272.1000
   1274.8776
   1277.6313
   1280.3573
   1283.0503
   1285.7043
   1288.3130
   1290.8691
   1293.3652
   1295.7904
   1298.1302
   1300.3794
   1302.5356
   1304.5919
   1306.5421
   1308.3813
   1310.1055
   1311.7109
   1313.1963
   1314.5571
   1315.7922
   1316.9006
   1317.8809
   1318.7319
   1319.4531
   1320.0441
   1320.5039
   1320.8326
   1321.0299
   1321.0958
# Travel time at depth = 600.00 km.
     -1.0000
   1253.4554
   1256.3414
   1259.2263
   1262.1094
   1264.9901
   1267.8674
   1270.7404
   1273.6080
   1276.4689
   1279.3215
   1282.1643
   1284.9951
   1287.8115
   1290.6110
   1293.3900
   1296.1455
   1298.8734
   1301.5685
   1304.2251
   1306.8368
   1309.3962
   1311.8960
   1314.3257
   1316.6704
   1318.9243
   1321.0853
   1323.1466
   1325.1018
   1326.9458
   1328.6746
   1330.2845
   1331.7742
   1333.1389
   1334.3776
   1335.4893
   1336.4724
   1337.3262
   1338.0496
   1338.6422
   1339.1035
   1339.4331
   1339.6311
   1339.6971
# Travel time at depth = 700.00 km.
     -1.0000
   1270.8210
   1273.7070
   1276.5920
   1279.4753
   1282.3562
   1285.2338
   1288.1072
   1290.9752
   1293.8365
   1296.6899
   1299.5334
   1302.3652
   1305.1829
   1307.9835
   1310.7642
   1313.5214
   1316.2515
   1318.9490
   1321.6085
   1324.2234
   1326.7865
   1329.2903
   1331.7249
   1334.0750
   1336.3341
   1338.5005
   1340.5671
   1342.5278
   1344.3772
   1346.1112
   1347.7261
   1349.2203
   1350.5896
   1351.8323
   1352.9476
   1353.9341
   1354.7905
   1355.5164
   1356.1111
   1356.5739
   1356.9047
   1357.1033
   1357.1696
# Modelling error(s)
   1   1
#
   1.200
#@(#)        ak135.sPKPdf     2.1     06 Jun 1996
