# ak135 travel-time table for phase: sP (All 1st sP branches)
 14   Number of depth samples at the following depths (km):
    0.00   15.00   35.00   50.00   75.00  100.00  150.00  200.00  250.00  300.00
  400.00  500.00  600.00  700.00
186   Number of distance samples at the following distances (deg):
    0.00    1.00    2.00    3.00    4.00    5.00    6.00    7.00    8.00    9.00
   10.00   11.00   12.00   13.00   14.00   15.00   16.00   17.00   18.00   19.00
   20.00   21.00   22.00   23.00   24.00   25.00   26.00   27.00   28.00   29.00
   30.00   31.00   32.00   33.00   34.00   35.00   36.00   37.00   38.00   39.00
   40.00   41.00   42.00   43.00   44.00   45.00   46.00   47.00   48.00   49.00
   50.00   51.00   52.00   53.00   54.00   55.00   56.00   57.00   58.00   59.00
   60.00   61.00   62.00   63.00   64.00   65.00   66.00   67.00   68.00   69.00
   70.00   71.00   72.00   73.00   74.00   75.00   76.00   77.00   78.00   79.00
   80.00   81.00   82.00   83.00   84.00   85.00   86.00   87.00   88.00   89.00
   90.00   91.00   92.00   93.00   94.00   95.00   96.00   97.00   98.00   99.00
  100.00  101.00  102.00  103.00  104.00  105.00  106.00  107.00  108.00  109.00
  110.00  111.00  112.00  113.00  114.00  115.00  115.20  115.40  115.50  115.60
  115.80  116.00  117.00  118.00  119.00  120.00  121.00  122.00  123.00  124.00
  125.00  126.00  127.00  128.00  129.00  130.00  131.00  132.00  133.00  134.00
  135.00  136.00  137.00  138.00  139.00  140.00  141.00  142.00  143.00  144.00
  145.00  146.00  147.00  148.00  149.00  150.00  151.00  152.00  153.00  154.00
  155.00  156.00  157.00  158.00  159.00  160.00  161.00  162.00  163.00  164.00
  165.00  166.00  167.00  168.00  169.00  170.00  171.00  172.00  173.00  174.00
  175.00  176.00  177.00  178.00  179.00  180.00
# Travel time at depth =   0.00 km.
      0.0000
     19.1713
     35.0267
     48.7790
     62.5284
     76.2738
     90.0138
    103.7473
    117.4729
    131.1894
    144.8956
    158.5903
    172.2721
    185.9398
    199.5920
    213.2280
    226.3710
    239.1266
    251.5747
    263.1576
    274.0970
    284.9525
    295.7059
    306.3412
    316.3085
    325.4273
    334.5049
    343.5362
    352.5038
    361.4076
    370.2740
    379.1095
    387.9136
    396.6806
    405.3982
    414.0570
    422.6555
    431.1930
    439.6678
    448.0779
    456.4207
    464.6952
    472.9015
    481.0389
    489.1061
    497.1021
    505.0263
    512.8785
    520.6583
    528.3655
    535.9999
    543.5609
    551.0491
    558.4657
    565.8107
    573.0826
    580.2803
    587.4045
    594.4559
    601.4348
    608.3406
    615.1727
    621.9313
    628.6176
    635.2322
    641.7753
    648.2464
    654.6452
    660.9716
    667.2252
    673.4062
    679.5146
    685.5505
    691.5135
    697.4022
    703.2159
    708.9554
    714.6221
    720.2165
    725.7383
    731.1865
    736.5586
    741.8536
    747.0732
    752.2170
    757.2802
    762.2642
    767.1765
    771.9916
    776.7136
    781.3978
    786.0543
    790.6888
    795.3071
    799.9114
    804.4980
    809.0609
    813.5984
    818.1091
    822.5905
    827.0427
    831.4883
    835.9340
    840.3797
    844.8254
    849.2710
    853.7167
    858.1624
    862.6080
    867.0537
    871.4994
    875.9450
    880.3907
    884.8364
     -1.0000
     -1.0000
     -1.0000
     -1.0000
     -1.0000
     -1.0000
     -1.0000
   1124.8369
   1126.7611
   1128.6849
   1130.6084
   1132.5311
   1134.4530
   1136.3738
   1138.2932
   1140.2111
   1142.1270
   1144.0406
   1145.9517
   1147.8597
   1149.7645
   1151.6653
   1153.5618
   1155.4532
   1157.3391
   1159.2186
   1161.0911
   1162.9554
   1164.8108
   1166.6561
   1168.4907
   1170.3131
   1172.1218
   1173.9153
   1175.6918
   1177.4496
   1178.4733
   1180.9005
   1182.5894
   1184.2510
   1185.8822
   1187.4783
   1189.0355
   1190.5526
   1192.0298
   1193.4655
   1194.8575
   1196.2042
   1197.5037
   1198.7545
   1199.9557
   1201.1060
   1202.2041
   1203.2499
   1204.2428
   1205.1812
   1206.0643
   1206.8922
   1207.6647
   1208.3811
   1209.0411
   1209.6447
   1210.1913
   1210.6808
   1211.1130
   1211.4879
   1211.8054
   1212.0652
   1212.2672
   1212.4116
   1212.4984
   1212.5273
# Travel time at depth =  15.00 km.
     -1.0000
     22.6485
     38.9440
     52.6964
     66.4460
     80.1917
     93.9321
    107.6660
    121.3921
    135.1093
    148.8162
    162.5116
    176.1943
    189.8629
    203.5162
    217.1532
    230.3379
    243.1145
    255.5773
    267.2315
    278.1746
    289.0346
    299.7933
    310.4345
    320.4644
    329.5848
    338.6640
    347.6974
    356.6680
    365.5735
    374.4412
    383.2779
    392.0833
    400.8519
    409.5716
    418.2327
    426.8334
    435.3732
    443.8504
    452.2629
    460.6082
    468.8851
    477.0939
    485.2338
    493.3034
    501.3019
    509.2287
    517.0833
    524.8655
    532.5752
    540.2119
    547.7754
    555.2659
    562.6848
    570.0321
    577.3063
    584.5063
    591.6328
    598.6863
    605.6674
    612.5754
    619.4097
    626.1705
    632.8588
    639.4755
    646.0205
    652.4937
    658.8945
    665.2228
    671.4785
    677.6614
    683.7717
    689.8094
    695.7742
    701.6649
    707.4803
    713.2217
    718.8902
    724.4863
    730.0098
    735.4597
    740.8336
    746.1304
    751.3516
    756.4971
    761.5620
    766.5477
    771.4615
    776.2792
    781.0021
    785.6870
    790.3440
    794.9789
    799.5975
    804.2020
    808.7890
    813.3524
    817.8904
    822.4017
    826.8836
    831.3362
    835.7819
    840.2275
    844.6732
    849.1189
    853.5645
    858.0102
    862.4559
    866.9016
    871.3472
    875.7929
    880.2386
    884.6842
    889.1299
    893.5756
     -1.0000
     -1.0000
     -1.0000
     -1.0000
     -1.0000
     -1.0000
   1129.1644
   1131.0886
   1133.0125
   1134.9359
   1136.8586
   1138.7805
   1140.7013
   1142.6208
   1144.5386
   1146.4546
   1148.3682
   1150.2793
   1152.1874
   1154.0922
   1155.9930
   1157.8895
   1159.7810
   1161.6669
   1163.5465
   1165.4189
   1167.2834
   1169.1389
   1170.9844
   1172.8190
   1174.6415
   1176.4503
   1178.2439
   1180.0205
   1181.7784
   1183.5155
   1185.2297
   1186.9187
   1188.5806
   1190.2120
   1191.8083
   1193.3658
   1194.8832
   1196.3606
   1197.7965
   1199.1890
   1200.5358
   1201.8356
   1203.0867
   1204.2881
   1205.4386
   1206.5370
   1207.5830
   1208.5762
   1209.5148
   1210.3981
   1211.2262
   1211.9988
   1212.7155
   1213.3756
   1213.9792
   1214.5260
   1215.0156
   1215.4480
   1215.8230
   1216.1405
   1216.4003
   1216.6025
   1216.7469
   1216.8337
   1216.8627
# Travel time at depth =  35.00 km.
     -1.0000
     26.7104
     43.6707
     57.4233
     71.1733
     84.9193
     98.6603
    112.3949
    126.1218
    139.8399
    153.5478
    167.2444
    180.9283
    194.5983
    208.2531
    221.8917
    235.1362
    247.9442
    260.4294
    272.1899
    283.1382
    294.0048
    304.7712
    315.4211
    325.5434
    334.6660
    343.7478
    352.7841
    361.7590
    370.6673
    379.5368
    388.3752
    397.1825
    405.9534
    414.6762
    423.3406
    431.9447
    440.4879
    448.9685
    457.3845
    465.7334
    474.0140
    482.2264
    490.3698
    498.4431
    506.4452
    514.3756
    522.2338
    530.0197
    537.7329
    545.3732
    552.9401
    560.4340
    567.8563
    575.2070
    582.4846
    589.6880
    596.8176
    603.8745
    610.8588
    617.7699
    624.6074
    631.3713
    638.0626
    644.6823
    651.2303
    657.7064
    664.1100
    670.4412
    676.6997
    682.8855
    688.9986
    695.0391
    701.0067
    706.9000
    712.7182
    718.4622
    724.1332
    729.7319
    735.2579
    740.7103
    746.0868
    751.3861
    756.6097
    761.7578
    766.8253
    771.8132
    776.7292
    781.5507
    786.2751
    790.9608
    795.6187
    800.2541
    804.8730
    809.4780
    814.0656
    818.6296
    823.1685
    827.6805
    832.1632
    836.6165
    841.0621
    845.5078
    849.9534
    854.3991
    858.8448
    863.2905
    867.7361
    872.1818
    876.6274
    881.0731
    885.5188
    889.9645
    894.4102
    898.8558
     -1.0000
     -1.0000
     -1.0000
     -1.0000
     -1.0000
     -1.0000
   1134.4941
   1136.4183
   1138.3422
   1140.2656
   1142.1884
   1144.1104
   1146.0311
   1147.9506
   1149.8684
   1151.7843
   1153.6980
   1155.6091
   1157.5173
   1159.4221
   1161.3230
   1163.2196
   1165.1111
   1166.9971
   1168.8767
   1170.7493
   1172.6139
   1174.4694
   1176.3151
   1178.1498
   1179.9724
   1181.7814
   1183.5752
   1185.3521
   1187.1101
   1188.8474
   1190.5619
   1192.2512
   1193.9133
   1195.5452
   1197.1418
   1198.6996
   1200.2173
   1201.6952
   1203.1315
   1204.5243
   1205.8715
   1207.1716
   1208.4231
   1209.6249
   1210.7758
   1211.8745
   1212.9208
   1213.9143
   1214.8533
   1215.7368
   1216.5653
   1217.3381
   1218.0551
   1218.7155
   1219.3193
   1219.8662
   1220.3560
   1220.7886
   1221.1637
   1221.4813
   1221.7412
   1221.9435
   1222.0880
   1222.1747
   1222.2037
# Travel time at depth =  50.00 km.
     -1.0000
     28.8137
     46.4480
     60.2008
     73.9511
     87.6976
    101.4390
    115.1743
    128.9020
    142.6209
    156.3298
    170.0274
    183.7126
    197.3839
    211.0401
    224.6802
    237.9796
    250.8176
    263.3245
    275.1860
    286.1392
    297.0118
    307.7853
    318.4434
    328.6516
    337.7763
    346.8604
    355.8993
    364.8783
    373.7891
    382.6603
    391.5003
    400.3093
    409.0823
    417.8079
    426.4755
    435.0826
    443.6288
    452.1126
    460.5319
    468.8841
    477.1680
    485.3836
    493.5304
    501.6070
    509.6125
    517.5462
    525.4077
    533.1968
    540.9133
    548.5568
    556.1270
    563.6240
    571.0494
    578.4031
    585.6838
    592.8903
    600.0229
    607.0828
    614.0699
    620.9840
    627.8244
    634.5911
    641.2852
    647.9075
    654.4583
    660.9370
    667.3434
    673.6772
    679.9383
    686.1266
    692.2422
    698.2852
    704.2552
    710.1511
    715.9718
    721.7182
    727.3916
    732.9925
    738.5208
    743.9755
    749.3544
    754.6559
    759.8818
    765.0320
    770.1019
    775.0920
    780.0100
    784.8348
    789.5607
    794.2472
    798.9056
    803.5416
    808.1609
    812.7663
    817.3544
    821.9191
    826.4586
    830.9713
    835.4548
    839.9085
    844.3542
    848.7999
    853.2455
    857.6912
    862.1369
    866.5826
    871.0282
    875.4739
    879.9196
    884.3652
    888.8109
    893.2566
    897.7023
    902.1479
     -1.0000
     -1.0000
     -1.0000
     -1.0000
     -1.0000
     -1.0000
   1137.8309
   1139.7551
   1141.6790
   1143.6024
   1145.5253
   1147.4471
   1149.3679
   1151.2874
   1153.2053
   1155.1212
   1157.0349
   1158.9462
   1160.8544
   1162.7592
   1164.6600
   1166.5566
   1168.4482
   1170.3344
   1172.2141
   1174.0867
   1175.9513
   1177.8070
   1179.6527
   1181.4875
   1183.3103
   1185.1195
   1186.9135
   1188.6904
   1190.4487
   1192.1863
   1193.9010
   1195.5905
   1197.2528
   1198.8849
   1200.4819
   1202.0402
   1203.5581
   1205.0363
   1206.4730
   1207.8661
   1209.2136
   1210.5142
   1211.7660
   1212.9681
   1214.1193
   1215.2184
   1216.2650
   1217.2588
   1218.1980
   1219.0819
   1219.9105
   1220.6836
   1221.4008
   1222.0614
   1222.6654
   1223.2125
   1223.7024
   1224.1351
   1224.5104
   1224.8281
   1225.0880
   1225.2904
   1225.4349
   1225.5217
   1225.5507
# Travel time at depth =  75.00 km.
     -1.0000
     32.2924
     51.0630
     64.8161
     78.5668
     92.3139
    106.0563
    119.7925
    133.5215
    147.2418
    160.9523
    174.6518
    188.3389
    202.0124
    215.6710
    229.3135
    242.7005
    255.5890
    268.1341
    280.1682
    291.1294
    302.0119
    312.7974
    323.4688
    333.8226
    342.9507
    352.0387
    361.0819
    370.0675
    378.9829
    387.8571
    396.6998
    405.5115
    414.2881
    423.0183
    431.6910
    440.3033
    448.8547
    457.3438
    465.7685
    474.1263
    482.4158
    490.6369
    498.7893
    506.8715
    514.8825
    522.8218
    530.6889
    538.4836
    546.2055
    553.8544
    561.4301
    568.9324
    576.3629
    583.7217
    591.0076
    598.2193
    605.3571
    612.4218
    619.4139
    626.3329
    633.1781
    639.9496
    646.6484
    653.2753
    659.8305
    666.3137
    672.7245
    679.0627
    685.3282
    691.5208
    697.6407
    703.6879
    709.6621
    715.5622
    721.3871
    727.1375
    732.8148
    738.4195
    743.9517
    749.4103
    754.7930
    760.0984
    765.3280
    770.4821
    775.5558
    780.5495
    785.4709
    790.3015
    795.0296
    799.7175
    804.3771
    809.0139
    813.6339
    818.2399
    822.8289
    827.3947
    831.9352
    836.4491
    840.9339
    845.3886
    849.8343
    854.2800
    858.7256
    863.1713
    867.6170
    872.0626
    876.5083
    880.9540
    885.3997
    889.8453
    894.2910
    898.7367
    903.1823
    907.6280
     -1.0000
     -1.0000
     -1.0000
     -1.0000
     -1.0000
     -1.0000
   1143.3861
   1145.3102
   1147.2341
   1149.1576
   1151.0803
   1153.0023
   1154.9231
   1156.8427
   1158.7605
   1160.6765
   1162.5903
   1164.5015
   1166.4098
   1168.3147
   1170.2157
   1172.1123
   1174.0040
   1175.8901
   1177.7700
   1179.6428
   1181.5076
   1183.3634
   1185.2092
   1187.0443
   1188.8673
   1190.6768
   1192.4709
   1194.2482
   1196.0068
   1197.7448
   1199.4598
   1201.1498
   1202.8125
   1204.4451
   1206.0427
   1207.6014
   1209.1200
   1210.5988
   1212.0360
   1213.4297
   1214.7778
   1216.0789
   1217.3313
   1218.5339
   1219.6857
   1220.7853
   1221.8324
   1222.8267
   1223.7664
   1224.6508
   1225.4799
   1226.2534
   1226.9708
   1227.6318
   1228.2362
   1228.7836
   1229.2737
   1229.7067
   1230.0822
   1230.3999
   1230.6602
   1230.8625
   1231.0072
   1231.0940
   1231.1230
# Travel time at depth = 100.00 km.
     -1.0000
     35.7376
     54.9089
     69.4140
     83.1652
     96.9130
    110.6561
    124.3934
    138.1236
    151.8453
    165.5574
    179.2587
    192.9478
    206.6235
    220.2844
    233.9295
    247.3993
    260.3380
    272.9243
    285.1365
    296.1055
    306.9979
    317.7952
    328.4800
    338.9821
    348.1136
    357.2054
    366.2530
    375.2449
    384.1654
    393.0427
    401.8881
    410.7026
    419.4826
    428.2174
    436.8954
    445.5128
    454.0695
    462.5639
    470.9941
    479.3576
    487.6527
    495.8794
    504.0374
    512.1252
    520.1420
    528.0869
    535.9596
    543.7598
    551.4873
    559.1417
    566.7228
    574.2305
    581.6662
    589.0303
    596.3215
    603.5383
    610.6812
    617.7510
    624.7480
    631.6720
    638.5222
    645.2985
    652.0020
    658.6334
    665.1932
    671.6810
    678.0963
    684.4390
    690.7089
    696.9058
    703.0300
    709.0814
    715.0599
    720.9642
    726.7933
    732.5478
    738.2291
    743.8377
    749.3737
    754.8362
    760.2229
    765.5322
    770.7656
    775.9234
    781.0012
    785.9985
    790.9232
    795.7595
    800.4902
    805.1796
    809.8403
    814.4780
    819.0986
    823.7053
    828.2951
    832.8619
    837.4036
    841.9187
    846.4048
    850.8605
    855.3062
    859.7519
    864.1976
    868.6432
    873.0889
    877.5346
    881.9802
    886.4259
    890.8716
    895.3173
    899.7629
    904.2086
    908.6542
    913.0999
     -1.0000
     -1.0000
     -1.0000
     -1.0000
     -1.0000
     -1.0000
   1148.9337
   1150.8579
   1152.7819
   1154.7053
   1156.6281
   1158.5500
   1160.4709
   1162.3904
   1164.3083
   1166.2244
   1168.1382
   1170.0494
   1171.9578
   1173.8627
   1175.7638
   1177.6605
   1179.5524
   1181.4386
   1183.3186
   1185.1914
   1187.0564
   1188.9124
   1190.7584
   1192.5936
   1194.4169
   1196.2266
   1198.0210
   1199.7986
   1201.5575
   1203.2958
   1205.0112
   1206.7015
   1208.3647
   1209.9979
   1211.5961
   1213.1554
   1214.6746
   1216.1538
   1217.5916
   1218.9858
   1220.3346
   1221.6362
   1222.8893
   1224.0925
   1225.2448
   1226.3450
   1227.3926
   1228.3873
   1229.3275
   1230.2123
   1231.0419
   1231.8158
   1232.5336
   1233.1949
   1233.7996
   1234.3473
   1234.8376
   1235.2709
   1235.6465
   1235.9646
   1236.2249
   1236.4274
   1236.5720
   1236.6589
   1236.6880
# Travel time at depth = 150.00 km.
     -1.0000
     -1.0000
     61.6979
     78.5585
     92.3105
    106.0595
    119.8042
    133.5435
    147.2760
    161.0006
    174.7159
    188.4207
    202.1137
    215.7938
    229.4595
    243.1096
    256.7307
    269.7656
    282.4454
    294.8334
    306.0162
    316.9280
    327.7487
    338.4603
    349.0472
    358.4058
    367.5054
    376.5615
    385.5655
    394.4975
    403.3812
    412.2321
    421.0523
    429.8391
    438.5828
    447.2713
    455.8993
    464.4666
    472.9719
    481.4132
    489.7882
    498.0947
    506.3328
    514.5021
    522.6014
    530.6297
    538.5861
    546.4702
    554.2818
    562.0206
    569.6862
    577.2784
    584.7971
    592.2433
    599.6180
    606.9198
    614.1474
    621.3007
    628.3807
    635.3878
    642.3218
    649.1819
    655.9681
    662.6812
    669.3221
    675.8912
    682.3881
    688.8126
    695.1644
    701.4432
    707.6490
    713.7819
    719.8420
    725.8290
    731.7420
    737.5797
    743.3424
    749.0317
    754.6484
    760.1922
    765.6626
    771.0574
    776.3747
    781.6157
    786.7812
    791.8671
    796.8718
    801.8033
    806.6509
    811.3874
    816.0798
    820.7428
    825.3823
    830.0043
    834.6121
    839.2038
    843.7728
    848.3167
    852.8342
    857.3229
    861.7809
    866.2266
    870.6722
    875.1179
    879.5636
    884.0093
    888.4550
    892.9006
    897.3463
    901.7919
    906.2376
    910.6833
    915.1290
    919.5746
    924.0203
     -1.0000
     -1.0000
     -1.0000
     -1.0000
     -1.0000
     -1.0000
   1160.0077
   1161.9319
   1163.8558
   1165.7793
   1167.7021
   1169.6241
   1171.5450
   1173.4646
   1175.3826
   1177.2987
   1179.2126
   1181.1239
   1183.0323
   1184.9375
   1186.8387
   1188.7356
   1190.6276
   1192.5140
   1194.3943
   1196.2675
   1198.1327
   1199.9890
   1201.8353
   1203.6710
   1205.4946
   1207.3048
   1209.0999
   1210.8781
   1212.6376
   1214.3766
   1216.0928
   1217.7839
   1219.4481
   1221.0822
   1222.6815
   1224.2421
   1225.7623
   1227.2427
   1228.6816
   1230.0771
   1231.4270
   1232.7299
   1233.9840
   1235.1884
   1236.3418
   1237.4431
   1238.4917
   1239.4875
   1240.4287
   1241.3145
   1242.1448
   1242.9196
   1243.6382
   1244.3003
   1244.9055
   1245.4537
   1245.9448
   1246.3784
   1246.7545
   1247.0729
   1247.3334
   1247.5361
   1247.6810
   1247.7681
   1247.7971
# Travel time at depth = 200.00 km.
     -1.0000
     -1.0000
     73.8829
     87.5236
    101.3896
    115.1397
    128.8859
    142.6271
    156.3620
    170.0892
    183.8076
    197.5159
    211.2129
    224.8973
    238.5678
    252.2230
    265.8621
    279.1014
    291.8870
    304.3472
    315.8741
    326.8047
    337.6484
    348.3867
    359.0034
    368.6556
    377.7630
    386.8276
    395.8429
    404.7879
    413.6787
    422.5352
    431.3611
    440.1544
    448.9070
    457.6061
    466.2449
    474.8231
    483.3394
    491.7920
    500.1786
    508.4969
    516.7465
    524.9275
    533.0386
    541.0786
    549.0467
    556.9425
    564.7657
    572.5159
    580.1931
    587.7966
    595.3265
    602.7836
    610.1690
    617.4818
    624.7202
    631.8843
    638.9747
    645.9921
    652.9364
    659.8068
    666.6031
    673.3259
    679.9764
    686.5550
    693.0614
    699.4952
    705.8562
    712.1442
    718.3591
    724.5010
    730.5698
    736.5656
    742.4874
    748.3338
    754.1051
    759.8027
    765.4274
    770.9792
    776.4578
    781.8607
    787.1862
    792.4350
    797.6083
    802.7025
    807.7150
    812.6533
    817.5115
    822.2551
    826.9507
    831.6161
    836.2575
    840.8809
    845.4901
    850.0834
    854.6546
    859.2008
    863.7207
    868.2120
    872.6726
    877.1183
    881.5640
    886.0096
    890.4553
    894.9010
    899.3466
    903.7923
    908.2380
    912.6837
    917.1293
    921.5750
    926.0207
    930.4663
    934.9120
     -1.0000
     -1.0000
     -1.0000
     -1.0000
     -1.0000
     -1.0000
   1171.0559
   1172.9801
   1174.9041
   1176.8275
   1178.7504
   1180.6724
   1182.5934
   1184.5131
   1186.4310
   1188.3473
   1190.2612
   1192.1727
   1194.0812
   1195.9865
   1197.8878
   1199.7849
   1201.6771
   1203.5637
   1205.4442
   1207.3176
   1209.1832
   1211.0398
   1212.8866
   1214.7227
   1216.5468
   1218.3574
   1220.1530
   1221.9318
   1223.6920
   1225.4316
   1227.1487
   1228.8408
   1230.5057
   1232.1409
   1233.7413
   1235.3031
   1236.8246
   1238.3060
   1239.7462
   1241.1428
   1242.4940
   1243.7980
   1245.0535
   1246.2589
   1247.4135
   1248.5159
   1249.5657
   1250.5625
   1251.5046
   1252.3914
   1253.2225
   1253.9982
   1254.7175
   1255.3804
   1255.9863
   1256.5352
   1257.0267
   1257.4608
   1257.8373
   1258.1560
   1258.4169
   1258.6199
   1258.7649
   1258.8519
   1258.8811
# Travel time at depth = 250.00 km.
     -1.0000
     -1.0000
     -1.0000
     93.9215
    110.3176
    124.0687
    137.8164
    151.5594
    165.2965
    179.0265
    192.7480
    206.4598
    220.1607
    233.8494
    247.5246
    261.1850
    274.8295
    288.2634
    301.1623
    313.7051
    325.6017
    336.5507
    347.4171
    358.1823
    368.8290
    378.7891
    387.9043
    396.9776
    406.0035
    414.9628
    423.8614
    432.7239
    441.5555
    450.3554
    459.1165
    467.8263
    476.4763
    485.0655
    493.5931
    502.0573
    510.4559
    518.7863
    527.0479
    535.2407
    543.3639
    551.4160
    559.3962
    567.3041
    575.1392
    582.9013
    590.5902
    598.2055
    605.7469
    613.2152
    620.6117
    627.9356
    635.1854
    642.3604
    649.4616
    656.4897
    663.4445
    670.3255
    677.1321
    683.8652
    690.5255
    697.1138
    703.6299
    710.0734
    716.4440
    722.7414
    728.9656
    735.1166
    741.1946
    747.1993
    753.1302
    758.9857
    764.7657
    770.4718
    776.1049
    781.6650
    787.1517
    792.5632
    797.8970
    803.1539
    808.3352
    813.4379
    818.4583
    823.4038
    828.2718
    833.0242
    837.7231
    842.3910
    847.0344
    851.6592
    856.2697
    860.8647
    865.4382
    869.9867
    874.5092
    879.0031
    883.4666
    887.9123
    892.3579
    896.8036
    901.2493
    905.6949
    910.1406
    914.5863
    919.0319
    923.4776
    927.9233
    932.3690
    936.8146
    941.2603
    945.7060
     -1.0000
     -1.0000
     -1.0000
     -1.0000
     -1.0000
     -1.0000
   1182.0104
   1183.9346
   1185.8585
   1187.7820
   1189.7050
   1191.6270
   1193.5480
   1195.4677
   1197.3857
   1199.3020
   1201.2161
   1203.1277
   1205.0364
   1206.9417
   1208.8433
   1210.7405
   1212.6328
   1214.5198
   1216.4004
   1218.2742
   1220.1400
   1221.9969
   1223.8441
   1225.6805
   1227.5051
   1229.3163
   1231.1124
   1232.8918
   1234.6527
   1236.3932
   1238.1111
   1239.8040
   1241.4698
   1243.1061
   1244.7076
   1246.2706
   1247.7933
   1249.2760
   1250.7174
   1252.1152
   1253.4677
   1254.7729
   1256.0295
   1257.2362
   1258.3920
   1259.4955
   1260.5464
   1261.5442
   1262.4874
   1263.3751
   1264.2073
   1264.9838
   1265.7039
   1266.3674
   1266.9741
   1267.5236
   1268.0156
   1268.4502
   1268.8271
   1269.1462
   1269.4075
   1269.6107
   1269.7559
   1269.8430
   1269.8722
# Travel time at depth = 300.00 km.
     -1.0000
     -1.0000
     -1.0000
    105.2010
    118.9547
    132.7067
    146.4557
    160.2006
    173.9399
    187.6725
    201.3971
    215.1124
    228.8173
    242.5104
    256.1905
    269.8562
    283.5063
    297.1146
    310.1271
    322.7706
    335.0721
    346.0392
    356.9283
    367.7205
    378.3980
    388.6851
    397.8083
    406.8904
    415.9267
    424.9012
    433.8087
    442.6776
    451.5153
    460.3216
    469.0912
    477.8118
    486.4734
    495.0742
    503.6136
    512.0898
    520.5007
    528.8437
    537.1177
    545.3230
    553.4587
    561.5234
    569.5162
    577.4366
    585.2841
    593.0587
    600.7598
    608.3873
    615.9409
    623.4209
    630.8289
    638.1644
    645.4258
    652.6124
    659.7249
    666.7640
    673.7299
    680.6218
    687.4393
    694.1829
    700.8535
    707.4520
    713.9782
    720.4317
    726.8122
    733.1194
    739.3534
    745.5140
    751.6013
    757.6155
    763.5557
    769.4206
    775.2098
    780.9248
    786.5665
    792.1352
    797.6306
    803.0507
    808.3933
    813.6586
    818.8482
    823.9596
    828.9886
    833.9414
    838.8188
    843.5813
    848.2839
    852.9545
    857.6000
    862.2264
    866.8382
    871.4349
    876.0107
    880.5616
    885.0866
    889.5834
    894.0497
    898.4957
    902.9414
    907.3871
    911.8328
    916.2784
    920.7241
    925.1697
    929.6154
    934.0611
    938.5068
    942.9525
    947.3981
    951.8438
    956.2894
     -1.0000
     -1.0000
     -1.0000
     -1.0000
     -1.0000
     -1.0000
   1192.7601
   1194.6843
   1196.6083
   1198.5319
   1200.4547
   1202.3768
   1204.2979
   1206.2177
   1208.1357
   1210.0521
   1211.9663
   1213.8779
   1215.7867
   1217.6923
   1219.5939
   1221.4913
   1223.3839
   1225.2710
   1227.1520
   1229.0260
   1230.8922
   1232.7495
   1234.5970
   1236.4340
   1238.2589
   1240.0706
   1241.8673
   1243.6475
   1245.4091
   1247.1503
   1248.8689
   1250.5627
   1252.2296
   1253.8669
   1255.4696
   1257.0339
   1258.5579
   1260.0419
   1261.4844
   1262.8835
   1264.2373
   1265.5438
   1266.8016
   1268.0096
   1269.1666
   1270.2714
   1271.3234
   1272.3223
   1273.2666
   1274.1553
   1274.9884
   1275.7657
   1276.4867
   1277.1510
   1277.7584
   1278.3085
   1278.8011
   1279.2363
   1279.6136
   1279.9331
   1280.1946
   1280.3981
   1280.5435
   1280.6307
   1280.6599
# Travel time at depth = 400.00 km.
     -1.0000
     -1.0000
     -1.0000
     -1.0000
    135.3580
    149.1114
    162.8628
    176.6110
    190.3546
    204.0924
    217.8232
    231.5456
    245.2585
    258.9606
    272.6506
    286.3273
    299.9892
    313.6353
    327.1035
    340.0043
    352.5366
    364.2542
    375.1881
    386.0348
    396.7752
    407.3922
    416.9191
    426.0194
    435.0762
    444.0805
    453.0123
    461.8957
    470.7462
    479.5658
    488.3517
    497.0941
    505.7804
    514.4058
    522.9700
    531.4715
    539.9084
    548.2783
    556.5789
    564.8106
    572.9728
    581.0643
    589.0839
    597.0310
    604.9051
    612.7059
    620.4332
    628.0867
    635.6661
    643.1713
    650.6037
    657.9638
    665.2501
    672.4613
    679.5978
    686.6605
    693.6497
    700.5649
    707.4055
    714.1717
    720.8644
    727.4844
    734.0320
    740.5068
    746.9084
    753.2366
    759.4911
    765.6722
    771.7796
    777.8136
    783.7737
    789.6586
    795.4673
    801.2012
    806.8615
    812.4483
    817.9618
    823.4004
    828.7616
    834.0449
    839.2520
    844.3817
    849.4290
    854.3978
    859.2935
    864.0798
    868.7906
    873.4670
    878.1174
    882.7471
    887.3618
    891.9618
    896.5424
    901.0984
    905.6287
    910.1312
    914.6037
    919.0513
    923.4970
    927.9427
    932.3884
    936.8340
    941.2797
    945.7253
    950.1710
    954.6167
    959.0624
    963.5081
    967.9537
    972.3994
    976.8450
     -1.0000
     -1.0000
     -1.0000
     -1.0000
     -1.0000
     -1.0000
   1213.6666
   1215.5908
   1217.5148
   1219.4384
   1221.3613
   1223.2836
   1225.2047
   1227.1245
   1229.0428
   1230.9594
   1232.8737
   1234.7856
   1236.6946
   1238.6003
   1240.5024
   1242.4003
   1244.2932
   1246.1808
   1248.0623
   1249.9369
   1251.8037
   1253.6619
   1255.5101
   1257.3479
   1259.1740
   1260.9867
   1262.7847
   1264.5660
   1266.3292
   1268.0720
   1269.7925
   1271.4882
   1273.1571
   1274.7965
   1276.4019
   1277.9689
   1279.4955
   1280.9821
   1282.4272
   1283.8291
   1285.1855
   1286.4948
   1287.7554
   1288.9659
   1290.1255
   1291.2328
   1292.2871
   1293.2885
   1294.2349
   1295.1257
   1295.9609
   1296.7401
   1297.4629
   1298.1288
   1298.7377
   1299.2892
   1299.7831
   1300.2192
   1300.5975
   1300.9178
   1301.1801
   1301.3839
   1301.5297
   1301.6172
   1301.6464
# Travel time at depth = 500.00 km.
     -1.0000
     -1.0000
     -1.0000
     -1.0000
     -1.0000
    163.2866
    177.0399
    190.7911
    204.5388
    218.2820
    232.0192
    245.7492
    259.4709
    273.1828
    286.8838
    300.5726
    314.2478
    327.9082
    341.5526
    354.9402
    367.7642
    380.2284
    391.5135
    402.4170
    413.2253
    423.9193
    434.2440
    443.3643
    452.4429
    461.4749
    470.4422
    479.3451
    488.2105
    497.0448
    505.8474
    514.6119
    523.3255
    531.9791
    540.5715
    549.1017
    557.5679
    565.9680
    574.2993
    582.5610
    590.7534
    598.8753
    606.9254
    614.9030
    622.8074
    630.6382
    638.3954
    646.0785
    653.6873
    661.2214
    668.6818
    676.0698
    683.3842
    690.6235
    697.7875
    704.8770
    711.8928
    718.8345
    725.7014
    732.4933
    739.2111
    745.8558
    752.4277
    758.9266
    765.3522
    771.7040
    777.9821
    784.1862
    790.3165
    796.3729
    802.3555
    808.2629
    814.0939
    819.8494
    825.5305
    831.1381
    836.6719
    842.1312
    847.5135
    852.8173
    858.0441
    863.1942
    868.2624
    873.2498
    878.1641
    882.9800
    887.7014
    892.3848
    897.0407
    901.6746
    906.2924
    910.8961
    915.4817
    920.0433
    924.5795
    929.0885
    933.5678
    938.0186
    942.4643
    946.9100
    951.3557
    955.8013
    960.2470
    964.6926
    969.1383
    973.5840
    978.0297
    982.4753
    986.9210
    991.3666
    995.8123
     -1.0000
     -1.0000
     -1.0000
     -1.0000
     -1.0000
     -1.0000
   1233.0266
   1234.9508
   1236.8749
   1238.7985
   1240.7214
   1242.6438
   1244.5649
   1246.4850
   1248.4034
   1250.3202
   1252.2347
   1254.1469
   1256.0562
   1257.9623
   1259.8646
   1261.7628
   1263.6564
   1265.5444
   1267.4265
   1269.3018
   1271.1693
   1273.0282
   1274.8776
   1276.7163
   1278.5433
   1280.3573
   1282.1566
   1283.9396
   1285.7043
   1287.4490
   1289.1713
   1290.8691
   1292.5403
   1294.1823
   1295.7904
   1297.3605
   1298.8900
   1300.3794
   1301.8276
   1303.2325
   1304.5919
   1305.9042
   1307.1678
   1308.3813
   1309.5438
   1310.6539
   1311.7109
   1312.7148
   1313.6639
   1314.5571
   1315.3945
   1316.1759
   1316.9006
   1317.5684
   1318.1790
   1318.7319
   1319.2273
   1319.6647
   1320.0441
   1320.3652
   1320.6281
   1320.8326
   1320.9788
   1321.0665
   1321.0958
# Travel time at depth = 600.00 km.
     -1.0000
     -1.0000
     -1.0000
     -1.0000
     -1.0000
     -1.0000
    189.7928
    203.5462
    217.2974
    231.0454
    244.7888
    258.5262
    272.2567
    285.9787
    299.6910
    313.3924
    327.0816
    340.7574
    354.4182
    368.0631
    381.4387
    394.2243
    406.6491
    417.6172
    428.4936
    439.2676
    449.9205
    459.6599
    468.7617
    477.8196
    486.8252
    495.7576
    504.6411
    513.4915
    522.3109
    531.0963
    539.8378
    548.5225
    557.1458
    565.7073
    574.2055
    582.6384
    591.0034
    599.2985
    607.5240
    615.6793
    623.7630
    631.7740
    639.7119
    647.5759
    655.3659
    663.0817
    670.7228
    678.2891
    685.7806
    693.1990
    700.5442
    707.8145
    715.0090
    722.1282
    729.1731
    736.1438
    743.0397
    749.8601
    756.6057
    763.2774
    769.8760
    776.4015
    782.8533
    789.2312
    795.5350
    801.7645
    807.9198
    814.0010
    820.0080
    825.9400
    831.7957
    837.5748
    843.2790
    848.9091
    854.4653
    859.9471
    865.3523
    870.6787
    875.9272
    881.0992
    886.1904
    891.1989
    896.1325
    900.9812
    905.7169
    910.4085
    915.0707
    919.7095
    924.3309
    928.9382
    933.5290
    938.0967
    942.6393
    947.1551
    951.6417
    956.0978
    960.5435
    964.9891
    969.4348
    973.8804
    978.3261
    982.7718
    987.2175
    991.6631
    996.1088
   1000.5544
   1005.0001
   1009.4458
   1013.8915
     -1.0000
     -1.0000
     -1.0000
     -1.0000
     -1.0000
     -1.0000
   1251.5312
   1253.4554
   1255.3795
   1257.3031
   1259.2263
   1261.1486
   1263.0699
   1264.9901
   1266.9087
   1268.8256
   1270.7404
   1272.6528
   1274.5624
   1276.4689
   1278.3716
   1280.2703
   1282.1643
   1284.0530
   1285.9355
   1287.8115
   1289.6799
   1291.5398
   1293.3900
   1295.2299
   1297.0581
   1298.8734
   1300.6741
   1302.4586
   1304.2251
   1305.9717
   1307.5469
   1309.3962
   1311.0698
   1312.7145
   1314.3257
   1315.8989
   1317.4318
   1318.9243
   1320.3757
   1321.7838
   1323.1466
   1324.4622
   1325.7290
   1326.9458
   1328.1113
   1329.2245
   1330.2845
   1331.2913
   1332.2430
   1333.1389
   1333.9788
   1334.7623
   1335.4893
   1336.1591
   1336.7715
   1337.3262
   1337.8229
   1338.2616
   1338.6422
   1338.9644
   1339.2280
   1339.4331
   1339.5797
   1339.6677
   1339.6971
# Travel time at depth = 700.00 km.
     -1.0000
     -1.0000
     -1.0000
     -1.0000
     -1.0000
     -1.0000
     -1.0000
    214.2470
    228.0007
    241.7528
    255.5019
    269.2468
    282.9862
    296.7189
    310.4436
    324.1589
    337.8637
    351.5566
    365.2365
    378.9017
    392.5511
    406.0530
    418.8817
    431.2029
    442.1475
    453.0051
    463.7550
    474.3781
    483.6650
    492.7503
    501.7896
    510.7673
    519.6760
    528.5453
    537.3831
    546.1891
    554.9580
    563.6769
    572.3356
    580.9323
    589.4664
    597.9361
    606.3389
    614.6723
    622.9354
    631.1284
    639.2501
    647.2993
    655.2750
    663.1767
    671.0041
    678.7570
    686.4349
    694.0376
    701.5649
    709.0179
    716.3976
    723.7028
    730.9319
    738.0850
    745.1630
    752.1664
    759.0949
    765.9478
    772.7249
    779.4274
    786.0561
    792.6114
    799.0929
    805.5001
    811.8329
    818.0911
    824.2747
    830.3836
    836.4182
    842.3777
    848.2609
    854.0671
    859.7973
    865.4529
    871.0341
    876.5409
    881.9716
    887.3235
    892.5967
    897.7927
    902.9095
    907.9424
    912.8975
    917.7761
    922.5375
    927.2391
    931.9089
    936.5536
    941.1793
    945.7905
    950.3863
    954.9608
    959.5103
    964.0334
    968.5281
    972.9921
    977.4378
    981.8835
    986.3291
    990.7748
    995.2205
    999.6661
   1004.1118
   1008.5575
   1013.0032
   1017.4488
   1021.8945
   1026.3402
   1030.7858
     -1.0000
     -1.0000
     -1.0000
     -1.0000
     -1.0000
     -1.0000
   1268.8969
   1270.8210
   1272.7451
   1274.6688
   1276.5920
   1278.5145
   1280.4359
   1282.3562
   1284.2750
   1286.1921
   1288.1072
   1290.0199
   1291.9298
   1293.8365
   1295.7399
   1297.6389
   1299.5334
   1301.4227
   1303.3062
   1305.1829
   1307.0520
   1308.9128
   1310.7642
   1312.6051
   1314.4347
   1316.2515
   1318.0537
   1319.8401
   1321.6085
   1323.3572
   1325.0839
   1326.7865
   1328.4628
   1330.1104
   1331.7249
   1333.3018
   1334.8381
   1336.3341
   1337.7891
   1339.2008
   1340.5671
   1341.8864
   1343.1569
   1344.3772
   1345.5463
   1346.6628
   1347.7261
   1348.7360
   1349.6908
   1350.5896
   1351.4321
   1352.2183
   1352.9476
   1353.6196
   1354.2340
   1354.7905
   1355.2891
   1355.7292
   1356.1111
   1356.4343
   1356.6989
   1356.9047
   1357.0518
   1357.1401
   1357.1696
# Distance-dependent modelling error(s)
  35    2
        0.0     0.2     0.5     1.0     2.0     3.0     4.0     8.0
        12.0    15.0    17.0    19.0    25.0    33.0    37.0    49.0
        57.0    65.0    79.0    83.0    91.0    93.0    97.0    101.0
        104.0   109.0   114.0   119.0   121.0   129.0   137.0   139.0
        142.0   145.0   180.0
        0.0     200.0
#
        0.1
        0.5
        1.0
        1.5
        2.1
        2.4
        2.6
        2.7
        2.9
        3.6
        3.0
        2.1
        1.4
        1.4
        1.3
        1.3
        1.2
        1.1
        1.1
        1.2
        1.3
        1.4
        1.4
        2.0
        2.3
        2.6
        1.4
        1.4
        1.3
        1.3
        2.3
        3.3
        3.7
        1.8
        1.8
#
	1.4
	1.5
	1.7
	2.1
	2.5
	2.8
	3.0
	3.0
	3.2
	4.0
	3.3
	2.6
	2.1
	2.1
	2.1
	2.1
	2.0
	1.9
	1.9
	2.0
	2.1
	2.1
	2.1
	2.5
	2.8
	3.1
	2.1
	2.1
	2.1
	2.1
	2.8
	3.6
	4.1
	2.3
	2.3
#@(#)        ak135.sP     2.3     10/09/96
