# ak135 travel-time table for phase: SS (All 1st SS's beyond 20 deg.)
 14   Number of depth samples at the following depths (km):
    0.00   15.00   35.00   50.00   75.00  100.00  150.00  200.00  250.00  300.00
  400.00  500.00  600.00  700.00
 81   Number of distance samples at the following distances (deg):
   20.00   22.00   24.00   26.00   28.00   30.00   32.00   34.00   36.00   38.00
   40.00   42.00   44.00   46.00   48.00   50.00   52.00   54.00   56.00   58.00
   60.00   62.00   64.00   66.00   68.00   70.00   72.00   74.00   76.00   78.00
   80.00   82.00   84.00   86.00   88.00   90.00   92.00   94.00   96.00   98.00
  100.00  102.00  104.00  106.00  108.00  110.00  112.00  114.00  116.00  118.00
  120.00  122.00  124.00  126.00  128.00  130.00  132.00  134.00  136.00  138.00
  140.00  142.00  144.00  146.00  148.00  150.00  152.00  154.00  156.00  158.00
  160.00  162.00  164.00  166.00  168.00  170.00  172.00  174.00  176.00  178.00
  180.00
# Travel time at depth =   0.00 km.
    515.6036
    564.6625
    613.6540
    662.5715
    711.4084
    760.1578
    808.8140
    857.3732
    905.8347
    954.1968
    999.5439
   1039.3176
   1078.5950
   1115.7651
   1148.2850
   1180.5233
   1212.2761
   1243.8632
   1275.3883
   1306.8597
   1338.2772
   1369.6290
   1400.8920
   1432.0436
   1463.0620
   1493.9336
   1524.6498
   1555.2067
   1585.5980
   1615.8168
   1645.8562
   1675.7108
   1705.3763
   1734.8489
   1764.1250
   1793.2017
   1822.0760
   1850.7438
   1879.2006
   1907.4425
   1935.4683
   1963.2778
   1990.8676
   2018.2367
   2045.3950
   2072.3435
   2099.0754
   2125.5854
   2151.8708
   2177.9324
   2203.7734
   2229.3926
   2254.7871
   2279.9546
   2304.8940
   2329.6069
   2354.0935
   2378.3538
   2402.3862
   2426.1897
   2449.7637
   2473.1079
   2496.2205
   2519.0977
   2541.7354
   2564.1333
   2586.2954
   2608.2224
   2629.9094
   2651.3535
   2672.5620
   2693.5339
   2714.2573
   2734.7246
   2753.3215
   2766.1780
   2778.7991
   2791.1860
   2803.3486
   2815.2993
   2827.0447
# Travel time at depth =  15.00 km.
    512.8096
    561.8633
    610.8492
    659.7606
    708.5908
    757.3330
    805.9818
    854.5333
    902.9872
    951.3414
    996.1520
   1035.9015
   1075.1506
   1112.0323
   1144.5416
   1176.7662
   1208.5033
   1240.0876
   1271.6106
   1303.0801
   1334.4954
   1365.8442
   1397.1034
   1428.2504
   1459.2635
   1490.1295
   1520.8398
   1551.3909
   1581.7761
   1611.9884
   1642.0214
   1671.8694
   1701.5282
   1730.9939
   1760.2632
   1789.3330
   1818.2004
   1846.8611
   1875.3107
   1903.5455
   1931.5643
   1959.3668
   1986.9493
   2014.3115
   2041.4634
   2068.4053
   2095.1304
   2121.6335
   2147.9119
   2173.9670
   2199.8015
   2225.4141
   2250.8020
   2275.9629
   2300.8960
   2325.6023
   2350.0828
   2374.3367
   2398.3630
   2422.1602
   2445.7280
   2469.0664
   2492.1729
   2515.0439
   2537.6753
   2560.0674
   2582.2236
   2604.1450
   2625.8259
   2647.2644
   2668.4673
   2689.4336
   2710.1509
   2730.6125
   2749.0757
   2761.9290
   2774.5466
   2786.9307
   2799.0906
   2811.0386
   2822.7812
# Travel time at depth =  35.00 km.
    509.8492
    558.8940
    607.8701
    656.7708
    705.5896
    754.3195
    802.9554
    851.4940
    899.9349
    948.2756
    992.2194
   1031.9310
   1071.1362
   1107.5806
   1140.0741
   1172.2772
   1203.9919
   1235.5723
   1267.0920
   1298.5585
   1329.9705
   1361.3149
   1392.5684
   1423.7084
   1454.7137
   1485.5710
   1516.2728
   1546.8149
   1577.1909
   1607.3938
   1637.4170
   1667.2550
   1696.9038
   1726.3594
   1755.6184
   1784.6780
   1813.5350
   1842.1852
   1870.6243
   1898.8484
   1926.8567
   1954.6487
   1982.2206
   2009.5728
   2036.7147
   2063.6467
   2090.3618
   2116.8550
   2143.1230
   2169.1685
   2194.9932
   2220.5959
   2245.9741
   2271.1255
   2296.0488
   2320.7458
   2345.2170
   2369.4617
   2393.4788
   2417.2668
   2440.8257
   2464.1550
   2487.2524
   2510.1145
   2532.7371
   2555.1201
   2577.2678
   2599.1807
   2620.8530
   2642.2830
   2663.4778
   2684.4358
   2705.1445
   2725.5977
   2743.8647
   2756.7134
   2769.3264
   2781.7058
   2793.8618
   2805.8059
   2817.5449
# Travel time at depth =  50.00 km.
    509.5244
    558.5266
    607.4607
    656.3203
    705.0982
    753.7880
    802.3850
    850.8869
    899.2930
    947.5984
    990.2558
   1029.9244
   1069.0807
   1105.0713
   1137.5491
   1169.7296
   1201.4242
   1233.0005
   1264.5172
   1295.9807
   1327.3894
   1358.7294
   1389.9772
   1421.1101
   1452.1077
   1482.9567
   1513.6499
   1544.1832
   1574.5503
   1604.7439
   1634.7574
   1664.5859
   1694.2249
   1723.6705
   1752.9197
   1781.9694
   1810.8164
   1839.4564
   1867.8851
   1896.0991
   1924.0973
   1951.8792
   1979.4409
   2006.7833
   2033.9160
   2060.8386
   2087.5439
   2114.0273
   2140.2861
   2166.3220
   2192.1375
   2217.7312
   2243.1001
   2268.2422
   2293.1565
   2317.8447
   2342.3069
   2366.5430
   2390.5515
   2414.3308
   2437.8813
   2461.2024
   2484.2915
   2507.1450
   2529.7590
   2552.1340
   2574.2737
   2596.1785
   2617.8428
   2639.2649
   2660.4521
   2681.4026
   2702.1030
   2722.5483
   2740.6357
   2753.4800
   2766.0889
   2778.4641
   2790.6162
   2802.5569
   2814.2925
# Travel time at depth =  75.00 km.
    509.1841
    558.0862
    606.9302
    655.7050
    704.4025
    753.0161
    801.5414
    849.9770
    898.3187
    946.5590
    987.0046
   1026.5994
   1065.6725
   1100.9053
   1133.3568
   1165.4955
   1197.1611
   1228.7311
   1260.2427
   1291.7012
   1323.1041
   1354.4365
   1385.6746
   1416.7955
   1447.7799
   1478.6149
   1509.2937
   1539.8124
   1570.1642
   1600.3420
   1630.3397
   1660.1517
   1689.7743
   1719.2034
   1748.4358
   1777.4688
   1806.2988
   1834.9219
   1863.3335
   1891.5302
   1919.5114
   1947.2762
   1974.8209
   2002.1470
   2029.2642
   2056.1709
   2082.8599
   2109.3271
   2135.5696
   2161.5898
   2187.3899
   2212.9680
   2238.3215
   2263.4482
   2288.3474
   2313.0208
   2337.4683
   2361.6897
   2385.6836
   2409.4487
   2432.9849
   2456.2917
   2479.3667
   2502.2061
   2524.8059
   2547.1670
   2569.2935
   2591.1848
   2612.8354
   2634.2446
   2655.4189
   2676.3564
   2697.0435
   2717.4758
   2735.2612
   2748.0981
   2760.7000
   2773.0684
   2785.2141
   2797.1489
   2808.8789
# Travel time at depth = 100.00 km.
     -1.0000
     -1.0000
    606.6364
    655.2909
    703.8843
    752.4056
    800.8485
    849.2068
    897.4728
    943.8134
    983.7802
   1023.2983
   1062.2859
   1096.7595
   1129.1843
   1161.2725
   1192.9191
   1224.4828
   1255.9891
   1287.4426
   1318.8396
   1350.1641
   1381.3920
   1412.5009
   1443.4717
   1474.2922
   1504.9565
   1535.4603
   1565.7968
   1595.9587
   1625.9401
   1655.7357
   1685.3416
   1714.7539
   1743.9694
   1772.9854
   1801.7985
   1830.4042
   1858.7983
   1886.9777
   1914.9417
   1942.6895
   1970.2168
   1997.5266
   2024.6279
   2051.5186
   2078.1912
   2104.6418
   2130.8682
   2156.8726
   2182.6570
   2208.2195
   2233.5574
   2258.6685
   2283.5525
   2308.2107
   2332.6433
   2356.8499
   2380.8291
   2404.5796
   2428.1016
   2451.3940
   2474.4548
   2497.2800
   2519.8655
   2542.2126
   2564.3257
   2586.2034
   2607.8403
   2629.2361
   2650.3979
   2671.3220
   2691.9956
   2712.4146
   2729.8955
   2742.7251
   2755.3198
   2767.6814
   2779.8210
   2791.7498
   2803.4741
# Travel time at depth = 150.00 km.
     -1.0000
     -1.0000
     -1.0000
     -1.0000
    734.3504
    775.2821
    800.0222
    848.1570
    896.2202
    937.5810
    977.4089
   1016.7658
   1055.5767
   1088.5277
   1120.8975
   1152.8723
   1184.4972
   1216.0487
   1247.5446
   1278.9877
   1310.3722
   1341.6797
   1372.8865
   1403.9700
   1434.9131
   1465.7043
   1496.3391
   1526.8124
   1557.1172
   1587.2467
   1617.1948
   1646.9569
   1676.5287
   1705.9069
   1735.0880
   1764.0696
   1792.8478
   1821.4183
   1849.7772
   1877.9213
   1905.8505
   1933.5632
   1961.0557
   1988.3324
   2015.4016
   2042.2593
   2068.8987
   2095.3159
   2121.5093
   2147.4817
   2173.2344
   2198.7651
   2224.0713
   2249.1506
   2274.0037
   2298.6311
   2323.0337
   2347.2104
   2371.1599
   2394.8809
   2418.3738
   2441.6375
   2464.6692
   2487.4651
   2510.0217
   2532.3408
   2554.4263
   2576.2764
   2597.8855
   2619.2546
   2640.3906
   2661.2878
   2681.9338
   2702.3259
   2719.1902
   2732.0049
   2744.5852
   2756.9329
   2769.0598
   2780.9766
   2792.6892
# Travel time at depth = 200.00 km.
     -1.0000
     -1.0000
     -1.0000
    687.6312
    728.5844
    769.4939
    810.3068
    847.3835
    891.3705
    931.4586
    971.1353
   1010.3207
   1047.7959
   1080.3733
   1112.6835
   1144.5497
   1176.1565
   1207.6962
   1239.1813
   1270.6135
   1301.9846
   1333.2737
   1364.4580
   1395.5149
   1426.4291
   1457.1904
   1487.7947
   1518.2365
   1548.5088
   1578.6049
   1608.5190
   1638.2466
   1667.7837
   1697.1268
   1726.2728
   1755.2191
   1783.9617
   1812.4962
   1840.8188
   1868.9270
   1896.8206
   1924.4976
   1951.9545
   1979.1978
   2006.2341
   2033.0581
   2059.6636
   2086.0466
   2112.2065
   2138.1462
   2163.8665
   2189.3647
   2214.6384
   2239.6858
   2264.5071
   2289.1035
   2313.4753
   2337.6216
   2361.5405
   2385.2317
   2408.6948
   2431.9290
   2454.9312
   2477.6975
   2500.2246
   2522.5151
   2544.5725
   2566.3945
   2587.9756
   2609.3176
   2630.4270
   2651.2969
   2671.9146
   2692.2795
   2708.5166
   2721.3162
   2733.8816
   2746.2156
   2758.3293
   2770.2339
   2781.9348
# Travel time at depth = 250.00 km.
     -1.0000
     -1.0000
     -1.0000
    682.1854
    723.1265
    752.7753
    798.9894
    844.6194
    885.6262
    925.5711
    965.0807
   1004.0812
   1039.8723
   1072.3910
   1104.6334
   1136.4000
   1167.9904
   1199.5182
   1230.9923
   1262.4130
   1293.7690
   1325.0382
   1356.1981
   1387.2269
   1418.1108
   1448.8411
   1479.4136
   1509.8226
   1540.0610
   1570.1226
   1600.0013
   1629.6932
   1659.1943
   1688.5012
   1717.6110
   1746.5208
   1775.2264
   1803.7238
   1832.0090
   1860.0801
   1887.9370
   1915.5770
   1942.9976
   1970.2067
   1997.2090
   2023.9980
   2050.5684
   2076.9163
   2103.0417
   2128.9480
   2154.6348
   2180.0996
   2205.3401
   2230.3542
   2255.1433
   2279.7078
   2304.0479
   2328.1628
   2352.0505
   2375.7107
   2399.1436
   2422.3474
   2445.3191
   2468.0547
   2490.5518
   2512.8130
   2534.8418
   2556.6348
   2578.1868
   2599.5010
   2620.5833
   2641.4248
   2662.0137
   2682.3508
   2697.9453
   2710.7295
   2723.2800
   2735.5996
   2747.7002
   2759.5923
   2771.2812
# Travel time at depth = 300.00 km.
     -1.0000
     -1.0000
     -1.0000
    677.3116
    718.2296
    752.3699
    797.5846
    840.1995
    880.3585
    920.1353
    959.4544
    998.2494
   1032.2814
   1064.7389
   1096.8961
   1128.5791
   1160.1538
   1191.6694
   1223.1321
   1254.5398
   1285.8789
   1317.1261
   1348.2593
   1379.2579
   1410.1096
   1440.8068
   1471.3456
   1501.7198
   1531.9225
   1561.9473
   1591.7888
   1621.4431
   1650.9062
   1680.1749
   1709.2465
   1738.1178
   1766.7847
   1795.2429
   1823.4889
   1851.5211
   1879.3396
   1906.9408
   1934.3236
   1961.4972
   1988.4636
   2015.2162
   2041.7498
   2068.0610
   2094.1506
   2120.0217
   2145.6736
   2171.1035
   2196.3091
   2221.2888
   2246.0439
   2270.5752
   2294.8823
   2318.9644
   2342.8198
   2366.4480
   2389.8489
   2413.0210
   2435.9609
   2458.6648
   2481.1304
   2503.3613
   2525.3604
   2547.1230
   2568.6448
   2589.9307
   2610.9841
   2631.7961
   2652.3550
   2672.6633
   2687.5918
   2700.3601
   2712.8950
   2725.1997
   2737.2869
   2749.1658
   2760.8425
# Travel time at depth = 400.00 km.
     -1.0000
    587.6537
    628.6050
    669.5098
    710.3177
    750.9705
    791.4023
    831.5419
    871.3178
    910.6633
    949.5179
    985.5255
   1018.1077
   1050.4282
   1082.3243
   1113.9376
   1145.4819
   1176.9714
   1208.4084
   1239.7856
   1271.0836
   1302.2794
   1333.3508
   1364.2820
   1395.0624
   1425.6874
   1456.1522
   1486.4501
   1516.5742
   1546.5189
   1576.2794
   1605.8518
   1635.2327
   1664.4188
   1693.4076
   1722.1956
   1750.7784
   1779.1521
   1807.3137
   1835.2627
   1862.9980
   1890.5156
   1917.8187
   1944.9161
   1971.8051
   1998.4789
   2024.9333
   2051.1663
   2077.1797
   2102.9758
   2128.5527
   2153.9077
   2179.0388
   2203.9453
   2228.6284
   2253.0886
   2277.3254
   2301.3376
   2325.1238
   2348.6836
   2372.0168
   2395.1213
   2417.9937
   2440.6296
   2463.0291
   2485.1958
   2507.1306
   2528.8289
   2550.2874
   2571.5125
   2592.5051
   2613.2534
   2633.7493
   2653.9966
   2667.5186
   2680.2532
   2692.7554
   2705.0293
   2717.0876
   2728.9397
   2740.5906
# Travel time at depth = 500.00 km.
     -1.0000
     -1.0000
     -1.0000
     -1.0000
     -1.0000
    775.3599
    808.7904
    828.3934
    867.1439
    905.5755
    941.5165
    974.1833
   1006.5941
   1038.6832
   1070.3372
   1101.9048
   1133.4150
   1164.8726
   1196.2748
   1227.6071
   1258.8461
   1289.9705
   1320.9608
   1351.8052
   1382.4967
   1413.0316
   1443.4037
   1473.6062
   1503.6331
   1533.4790
   1563.1401
   1592.6127
   1621.8934
   1650.9795
   1679.8680
   1708.5551
   1737.0365
   1765.3085
   1793.3694
   1821.2192
   1848.8550
   1876.2743
   1903.4851
   1930.4916
   1957.2878
   1983.8684
   2010.2295
   2036.3708
   2062.2954
   2088.0034
   2113.4924
   2138.7600
   2163.8042
   2188.6255
   2213.2251
   2237.6028
   2261.7578
   2285.6890
   2309.3948
   2332.8760
   2356.1309
   2379.1572
   2401.9509
   2424.5088
   2446.8325
   2468.9258
   2490.7869
   2512.4109
   2533.7974
   2554.9536
   2575.8755
   2596.5505
   2616.9749
   2636.1570
   2649.0876
   2661.7847
   2674.2502
   2686.4900
   2698.5166
   2710.3384
   2721.9602
# Travel time at depth = 600.00 km.
     -1.0000
     -1.0000
     -1.0000
     -1.0000
    733.2702
    766.7026
    800.0848
    833.3757
    866.5299
    899.4875
    932.1924
    964.6464
    996.8215
   1028.5400
   1060.1245
   1091.6484
   1123.1194
   1154.5370
   1185.8900
   1217.1566
   1248.3156
   1279.3461
   1310.2352
   1340.9745
   1371.5601
   1401.9867
   1432.2477
   1462.3368
   1492.2487
   1521.9789
   1551.5238
   1580.8800
   1610.0446
   1639.0148
   1667.7872
   1696.3577
   1724.7223
   1752.8781
   1780.8247
   1808.5612
   1836.0833
   1863.3938
   1890.5013
   1917.4038
   1944.0945
   1970.5693
   1996.8254
   2022.8649
   2048.6899
   2074.2988
   2099.6892
   2124.8586
   2149.8062
   2174.5330
   2199.0396
   2223.3254
   2247.3896
   2271.2305
   2294.8477
   2318.2412
   2341.4092
   2364.3484
   2387.0552
   2409.5273
   2431.7681
   2453.7798
   2475.5593
   2497.1016
   2518.4099
   2539.4900
   2560.3328
   2580.9272
   2601.2737
   2618.6958
   2631.5845
   2644.2410
   2656.6672
   2668.8704
   2680.8628
   2692.6519
   2704.2422
# Travel time at depth = 700.00 km.
     -1.0000
     -1.0000
     -1.0000
     -1.0000
     -1.0000
     -1.0000
     -1.0000
     -1.0000
    861.2993
    893.7863
    926.0949
    958.1046
    989.7589
   1021.3305
   1052.8448
   1084.3073
   1115.7163
   1147.0594
   1178.3154
   1209.4646
   1240.4878
   1271.3732
   1302.1128
   1332.7028
   1363.1382
   1393.4124
   1423.5193
   1453.4535
   1483.2107
   1512.7870
   1542.1791
   1571.3837
   1600.3981
   1629.2192
   1657.8429
   1686.2651
   1714.4825
   1742.4941
   1770.2993
   1797.8947
   1825.2788
   1852.4603
   1879.4413
   1906.2153
   1932.7776
   1959.1245
   1985.2559
   2011.1744
   2036.8804
   2062.3711
   2087.6440
   2112.6975
   2137.5317
   2162.1477
   2186.5452
   2210.7234
   2234.6812
   2258.4172
   2281.9314
   2305.2231
   2328.2900
   2351.1282
   2373.7341
   2396.1082
   2418.2542
   2440.1721
   2461.8569
   2483.3064
   2504.5266
   2525.5181
   2546.2695
   2566.7725
   2587.0312
   2602.4810
   2615.3232
   2627.9348
   2640.3174
   2652.4802
   2664.4351
   2676.1882
   2687.7441
# Distance-dependent modelling error(s)
   4	1
    0.00   44.00   48.00  180.00
#
   0.100
  10.000
   2.100
   2.100
#@(#)        ak135.SS     2.1     06 Jun 1996
