# ak135 travel-time table for phase: sSdiff      
 14   Number of depth samples at the following depths (km):
    0.00   15.00   35.00   50.00   75.00  100.00  150.00  200.00  250.00  300.00
  400.00  500.00  600.00  700.00
 23   Number of distance samples at the following distances (deg):
  100.00  102.00  104.00  106.00  108.00  110.00  112.00  114.00  116.00  118.00
  120.00  122.00  124.00  126.00  128.00  130.00  132.00  134.00  136.00  138.00
  140.00  142.00  144.00
# Travel time at depth =   0.00 km.
     -1.0000
   1539.5372
   1556.2185
   1572.8997
   1589.5809
   1606.2621
   1622.9432
   1639.6245
   1656.3057
   1672.9869
   1689.6681
   1706.3492
   1723.0305
   1739.7117
   1756.3929
   1773.0741
   1789.7552
   1806.4365
   1823.1177
   1839.7990
   1856.4801
   1873.1613
   1889.8425
# Travel time at depth =  15.00 km.
     -1.0000
   1543.7236
   1560.4049
   1577.0861
   1593.7673
   1610.4485
   1627.1296
   1643.8109
   1660.4921
   1677.1733
   1693.8545
   1710.5356
   1727.2169
   1743.8981
   1760.5793
   1777.2605
   1793.9417
   1810.6229
   1827.3041
   1843.9854
   1860.6665
   1877.3477
   1894.0289
# Travel time at depth =  35.00 km.
     -1.0000
   1548.8474
   1565.5287
   1582.2098
   1598.8911
   1615.5723
   1632.2534
   1648.9347
   1665.6158
   1682.2971
   1698.9783
   1715.6594
   1732.3407
   1749.0219
   1765.7031
   1782.3843
   1799.0654
   1815.7467
   1832.4279
   1849.1091
   1865.7903
   1882.4714
   1899.1527
# Travel time at depth =  50.00 km.
     -1.0000
   1551.9969
   1568.6782
   1585.3594
   1602.0405
   1618.7218
   1635.4030
   1652.0842
   1668.7654
   1685.4465
   1702.1278
   1718.8090
   1735.4902
   1752.1714
   1768.8525
   1785.5338
   1802.2150
   1818.8962
   1835.5774
   1852.2585
   1868.9398
   1885.6210
   1902.3022
# Travel time at depth =  75.00 km.
     -1.0000
   1557.2375
   1573.9188
   1590.6000
   1607.2811
   1623.9624
   1640.6436
   1657.3248
   1674.0060
   1690.6871
   1707.3684
   1724.0496
   1740.7308
   1757.4120
   1774.0931
   1790.7744
   1807.4556
   1824.1368
   1840.8180
   1857.4991
   1874.1804
   1890.8616
   1907.5428
# Travel time at depth = 100.00 km.
     -1.0000
   1562.4677
   1579.1489
   1595.8301
   1612.5114
   1629.1925
   1645.8737
   1662.5549
   1679.2361
   1695.9172
   1712.5985
   1729.2797
   1745.9609
   1762.6421
   1779.3232
   1796.0045
   1812.6857
   1829.3669
   1846.0481
   1862.7292
   1879.4105
   1896.0917
   1912.7729
# Travel time at depth = 150.00 km.
     -1.0000
   1572.8973
   1589.5785
   1606.2598
   1622.9409
   1639.6221
   1656.3033
   1672.9845
   1689.6658
   1706.3469
   1723.0281
   1739.7094
   1756.3905
   1773.0718
   1789.7529
   1806.4341
   1823.1154
   1839.7965
   1856.4777
   1873.1589
   1889.8401
   1906.5214
   1923.2025
# Travel time at depth = 200.00 km.
     -1.0000
   1583.2888
   1599.9700
   1616.6512
   1633.3324
   1650.0135
   1666.6948
   1683.3760
   1700.0573
   1716.7384
   1733.4196
   1750.1008
   1766.7820
   1783.4633
   1800.1444
   1816.8256
   1833.5068
   1850.1880
   1866.8691
   1883.5504
   1900.2316
   1916.9128
   1933.5940
# Travel time at depth = 250.00 km.
     -1.0000
   1593.5693
   1610.2505
   1626.9316
   1643.6129
   1660.2941
   1676.9753
   1693.6565
   1710.3376
   1727.0189
   1743.7001
   1760.3812
   1777.0625
   1793.7437
   1810.4249
   1827.1061
   1843.7872
   1860.4685
   1877.1497
   1893.8309
   1910.5121
   1927.1932
   1943.8745
# Travel time at depth = 300.00 km.
     -1.0000
   1603.6196
   1620.3009
   1636.9821
   1653.6632
   1670.3445
   1687.0256
   1703.7069
   1720.3881
   1737.0692
   1753.7505
   1770.4316
   1787.1129
   1803.7941
   1820.4752
   1837.1565
   1853.8376
   1870.5189
   1887.2001
   1903.8812
   1920.5625
   1937.2437
   1953.9249
# Travel time at depth = 400.00 km.
     -1.0000
   1623.0470
   1639.7281
   1656.4094
   1673.0906
   1689.7717
   1706.4530
   1723.1342
   1739.8154
   1756.4966
   1773.1777
   1789.8590
   1806.5402
   1823.2214
   1839.9026
   1856.5837
   1873.2650
   1889.9462
   1906.6273
   1923.3086
   1939.9897
   1956.6710
   1973.3522
# Travel time at depth = 500.00 km.
     -1.0000
   1640.7412
   1657.4224
   1674.1035
   1690.7848
   1707.4659
   1724.1472
   1740.8284
   1757.5095
   1774.1908
   1790.8719
   1807.5532
   1824.2344
   1840.9155
   1857.5968
   1874.2780
   1890.9591
   1907.6404
   1924.3215
   1941.0028
   1957.6840
   1974.3651
   1991.0464
# Travel time at depth = 600.00 km.
     -1.0000
     -1.0000
   1674.1133
   1690.7944
   1707.4757
   1724.1569
   1740.8380
   1757.5193
   1774.2004
   1790.8817
   1807.5629
   1824.2440
   1840.9253
   1857.6064
   1874.2877
   1890.9689
   1907.6500
   1924.3313
   1941.0125
   1957.6936
   1974.3749
   1991.0560
   2007.7373
# Travel time at depth = 700.00 km.
     -1.0000
     -1.0000
   1689.4536
   1706.1348
   1722.8160
   1739.4972
   1756.1785
   1772.8596
   1789.5408
   1806.2220
   1822.9032
   1839.5844
   1856.2656
   1872.9468
   1889.6281
   1906.3092
   1922.9904
   1939.6716
   1956.3528
   1973.0341
   1989.7152
   2006.3964
   2023.0776
# Distance-dependent modelling error(s)
   3   1
  100.00  116.00  144.00
#
   1.200
   5.000
  12.000
#@(#)        ak135.sSdiff     2.1     06 Jun 1996
