# ak135 travel-time table for phase: sSKSac      
 14   Number of depth samples at the following depths (km):
    0.00   15.00   35.00   50.00   75.00  100.00  150.00  200.00  250.00  300.00
  400.00  500.00  600.00  700.00
 82   Number of distance samples at the following distances (deg):
   63.00   64.00   65.00   66.00   67.00   68.00   69.00   70.00   71.00   72.00
   73.00   74.00   75.00   76.00   77.00   78.00   79.00   80.00   81.00   82.00
   83.00   84.00   85.00   86.00   87.00   88.00   89.00   90.00   91.00   92.00
   93.00   94.00   95.00   96.00   97.00   98.00   99.00  100.00  101.00  102.00
  103.00  104.00  105.00  106.00  107.00  108.00  109.00  110.00  111.00  112.00
  113.00  114.00  115.00  116.00  117.00  118.00  119.00  120.00  121.00  122.00
  123.00  124.00  125.00  126.00  127.00  128.00  129.00  130.00  131.00  132.00
  133.00  134.00  135.00  136.00  137.00  138.00  139.00  140.00  141.00  142.00
  143.00  144.00
# Travel time at depth =   0.00 km.
   1222.7198
   1230.3108
   1237.9005
   1245.4880
   1253.0720
   1260.6511
   1268.2238
   1275.7887
   1283.3440
   1290.8876
   1298.4177
   1305.9340
   1313.4336
   1320.9047
   1328.2727
   1335.5303
   1342.6855
   1349.7255
   1356.6433
   1363.4395
   1370.1121
   1376.6608
   1383.0890
   1389.3995
   1395.5930
   1401.6743
   1407.6497
   1413.5225
   1419.2950
   1424.9695
   1430.5476
   1436.0319
   1441.4238
   1446.7255
   1451.9379
   1457.0629
   1462.1033
   1467.0612
   1471.9375
   1476.7328
   1481.4475
   1486.0828
   1490.6403
   1495.1230
   1499.5337
   1503.8734
   1508.1429
   1512.3420
   1516.4707
   1520.5300
   1524.5208
   1528.4425
   1532.2952
   1536.0792
   1539.7953
   1543.4434
   1547.0239
   1550.5380
   1553.9861
   1557.3679
   1560.6824
   1563.9296
   1567.1108
   1570.2267
   1573.2769
   1576.2610
   1579.1796
   1582.0327
   1584.8191
   1587.5378
   1590.1904
   1592.7787
   1595.3052
   1597.7728
   1600.1858
   1602.5481
   1604.8621
   1607.1294
   1609.3518
   1611.5333
   1613.6765
   1615.7805
# Travel time at depth =  15.00 km.
     -1.0000
   1234.5232
   1242.1129
   1249.7006
   1257.2847
   1264.8639
   1272.4369
   1280.0020
   1287.5576
   1295.1017
   1302.6322
   1310.1489
   1317.6493
   1325.1218
   1332.4940
   1339.7549
   1346.9135
   1353.9570
   1360.8785
   1367.6782
   1374.3545
   1380.9065
   1387.3381
   1393.6517
   1399.8483
   1405.9325
   1411.9105
   1417.7859
   1423.5609
   1429.2377
   1434.8181
   1440.3044
   1445.6986
   1451.0023
   1456.2166
   1461.3434
   1466.3856
   1471.3452
   1476.2233
   1481.0203
   1485.7367
   1490.3734
   1494.9324
   1499.4166
   1503.8285
   1508.1696
   1512.4404
   1516.6407
   1520.7706
   1524.8312
   1528.8230
   1532.7458
   1536.5997
   1540.3849
   1544.1019
   1547.7511
   1551.3326
   1554.8477
   1558.2969
   1561.6796
   1564.9950
   1568.2432
   1571.4252
   1574.5420
   1577.5930
   1580.5780
   1583.4973
   1586.3512
   1589.1384
   1591.8579
   1594.5112
   1597.1002
   1599.6274
   1602.0956
   1604.5090
   1606.8718
   1609.1864
   1611.4540
   1613.6769
   1615.8588
   1618.0023
   1620.1067
# Travel time at depth =  35.00 km.
     -1.0000
   1239.6849
   1247.2748
   1254.8625
   1262.4468
   1270.0264
   1277.5996
   1285.1652
   1292.7213
   1300.2659
   1307.7971
   1315.3146
   1322.8158
   1330.2905
   1337.6688
   1344.9342
   1352.0977
   1359.1466
   1366.0734
   1372.8783
   1379.5598
   1386.1169
   1392.5533
   1398.8716
   1405.0726
   1411.1610
   1417.1429
   1423.0220
   1428.8007
   1434.4808
   1440.0646
   1445.5541
   1450.9513
   1456.2579
   1461.4751
   1466.6047
   1471.6495
   1476.6117
   1481.4923
   1486.2916
   1491.0104
   1495.6494
   1500.2104
   1504.6967
   1509.1106
   1513.4535
   1517.7262
   1521.9283
   1526.0601
   1530.1223
   1534.1158
   1538.0404
   1541.8959
   1545.6826
   1549.4012
   1553.0520
   1556.6350
   1560.1515
   1563.6021
   1566.9862
   1570.3030
   1573.5524
   1576.7358
   1579.8538
   1582.9060
   1585.8922
   1588.8129
   1591.6678
   1594.4562
   1597.1769
   1599.8312
   1602.4211
   1604.9493
   1607.4185
   1609.8326
   1612.1962
   1614.5114
   1616.7797
   1619.0032
   1621.1854
   1623.3295
   1625.4344
# Travel time at depth =  50.00 km.
     -1.0000
   1242.8691
   1250.4592
   1258.0470
   1265.6315
   1273.2112
   1280.7848
   1288.3507
   1295.9073
   1303.4525
   1310.9844
   1318.5024
   1326.0045
   1333.4808
   1340.8649
   1348.1345
   1355.3024
   1362.3562
   1369.2878
   1376.0975
   1382.7838
   1389.3456
   1395.7863
   1402.1088
   1408.3140
   1414.4061
   1420.3916
   1426.2740
   1432.0559
   1437.7393
   1443.3260
   1448.8185
   1454.2185
   1459.5278
   1464.7476
   1469.8796
   1474.9269
   1479.8912
   1484.7740
   1489.5757
   1494.2964
   1498.9375
   1503.5006
   1507.9886
   1512.4044
   1516.7490
   1521.0233
   1525.2272
   1529.3605
   1533.4243
   1537.4193
   1541.3455
   1545.2024
   1548.9906
   1552.7107
   1556.3628
   1559.9471
   1563.4648
   1566.9167
   1570.3021
   1573.6201
   1576.8708
   1580.0553
   1583.1744
   1586.2279
   1589.2151
   1592.1367
   1594.9928
   1597.7822
   1600.5039
   1603.1592
   1605.7501
   1608.2791
   1610.7489
   1613.1639
   1615.5281
   1617.8439
   1620.1127
   1622.3368
   1624.5195
   1626.6641
   1628.7694
# Travel time at depth =  75.00 km.
     -1.0000
   1248.1682
   1255.7583
   1263.3463
   1270.9312
   1278.5112
   1286.0853
   1293.6519
   1301.2092
   1308.7554
   1316.2882
   1323.8073
   1331.3107
   1338.7897
   1346.1831
   1353.4600
   1360.6351
   1367.6971
   1374.6370
   1381.4547
   1388.1490
   1394.7185
   1401.1666
   1407.4963
   1413.7084
   1419.8069
   1425.7983
   1431.6865
   1437.4739
   1443.1625
   1448.7544
   1454.2517
   1459.6564
   1464.9702
   1470.1945
   1475.3307
   1480.3820
   1485.3502
   1490.2367
   1495.0420
   1499.7664
   1504.4109
   1508.9773
   1513.4685
   1517.8871
   1522.2346
   1526.5118
   1530.7185
   1534.8545
   1538.9209
   1542.9186
   1546.8473
   1550.7067
   1554.4973
   1558.2197
   1561.8741
   1565.4608
   1568.9806
   1572.4346
   1575.8221
   1579.1423
   1582.3950
   1585.5814
   1588.7025
   1591.7577
   1594.7468
   1597.6703
   1600.5281
   1603.3192
   1606.0426
   1608.6996
   1611.2920
   1613.8224
   1616.2936
   1618.7097
   1621.0750
   1623.3917
   1625.6616
   1627.8865
   1630.0702
   1632.2155
   1634.3215
# Travel time at depth = 100.00 km.
     -1.0000
   1253.4574
   1261.0476
   1268.6357
   1276.2208
   1283.8014
   1291.3760
   1298.9431
   1306.5012
   1314.0482
   1321.5820
   1329.1022
   1336.6069
   1344.0885
   1351.4911
   1358.7753
   1365.9579
   1373.0281
   1379.9762
   1386.8021
   1393.5044
   1400.0819
   1406.5375
   1412.8744
   1419.0934
   1425.1985
   1431.1959
   1437.0898
   1442.8828
   1448.5768
   1454.1738
   1459.6760
   1465.0854
   1470.4039
   1475.6326
   1480.7731
   1485.8284
   1490.8005
   1495.6909
   1500.4999
   1505.2279
   1509.8760
   1514.4457
   1518.9399
   1523.3616
   1527.7120
   1531.9921
   1536.2015
   1540.3403
   1544.4094
   1548.4097
   1552.3409
   1556.2029
   1559.9960
   1563.7208
   1567.3776
   1570.9664
   1574.4885
   1577.9447
   1581.3344
   1584.6566
   1587.9114
   1591.0997
   1594.2228
   1597.2799
   1600.2709
   1603.1960
   1606.0557
   1608.8486
   1611.5737
   1614.2323
   1616.8262
   1619.3580
   1621.8306
   1624.2479
   1626.6143
   1628.9321
   1631.2030
   1633.4288
   1635.6132
   1637.7593
   1639.8662
# Travel time at depth = 150.00 km.
     -1.0000
   1264.0067
   1271.5972
   1279.1858
   1286.7714
   1294.3527
   1301.9282
   1309.4967
   1317.0563
   1324.6051
   1332.1410
   1339.6631
   1347.1705
   1354.6565
   1362.0768
   1369.3763
   1376.5737
   1383.6606
   1390.6256
   1397.4680
   1404.1869
   1410.7804
   1417.2512
   1423.6029
   1429.8363
   1435.9546
   1441.9645
   1447.8702
   1453.6744
   1459.3794
   1464.9868
   1470.4991
   1475.9182
   1481.2461
   1486.4838
   1491.6329
   1496.6965
   1501.6766
   1506.5746
   1511.3912
   1516.1266
   1520.7817
   1525.3583
   1529.8590
   1534.2869
   1538.6432
   1542.9291
   1547.1442
   1551.2886
   1555.3632
   1559.3687
   1563.3051
   1567.1722
   1570.9702
   1574.7000
   1578.3615
   1581.9551
   1585.4816
   1588.9421
   1592.3361
   1595.6627
   1598.9216
   1602.1140
   1605.2410
   1608.3020
   1611.2968
   1614.2256
   1617.0887
   1619.8853
   1622.6139
   1625.2759
   1627.8729
   1630.4077
   1632.8829
   1635.3027
   1637.6713
   1639.9912
   1642.2640
   1644.4917
   1646.6779
   1648.8253
   1650.9340
# Travel time at depth = 200.00 km.
     -1.0000
   1274.5204
   1282.1110
   1289.7000
   1297.2860
   1304.8682
   1312.4447
   1320.0143
   1327.5753
   1335.1260
   1342.6639
   1350.1882
   1357.6980
   1365.1881
   1372.6249
   1379.9404
   1387.1528
   1394.2565
   1401.2389
   1408.0981
   1414.8339
   1421.4440
   1427.9305
   1434.2972
   1440.5454
   1446.6774
   1452.7001
   1458.6179
   1464.4337
   1470.1498
   1475.7681
   1481.2906
   1486.7197
   1492.0571
   1497.3041
   1502.4622
   1507.5342
   1512.5223
   1517.4283
   1522.2526
   1526.9955
   1531.6581
   1536.2416
   1540.7489
   1545.1829
   1549.5454
   1553.8372
   1558.0582
   1562.2083
   1566.2883
   1570.2993
   1574.2411
   1578.1134
   1581.9166
   1585.6512
   1589.3176
   1592.9160
   1596.4471
   1599.9121
   1603.3105
   1606.6415
   1609.9047
   1613.1012
   1616.2321
   1619.2970
   1622.2957
   1625.2283
   1628.0952
   1630.8953
   1633.6276
   1636.2928
   1638.8932
   1641.4309
   1643.9089
   1646.3312
   1648.7021
   1651.0242
   1653.2991
   1655.5287
   1657.7164
   1659.8655
   1661.9758
# Travel time at depth = 250.00 km.
     -1.0000
   1284.9263
   1292.5170
   1300.1063
   1307.6930
   1315.2758
   1322.8533
   1330.4241
   1337.9866
   1345.5391
   1353.0791
   1360.6056
   1368.1178
   1375.6117
   1383.0632
   1390.3961
   1397.6237
   1404.7443
   1411.7446
   1418.6213
   1425.3744
   1432.0017
   1438.5045
   1444.8868
   1451.1501
   1457.2965
   1463.3323
   1469.2626
   1475.0905
   1480.8181
   1486.4474
   1491.9807
   1497.4200
   1502.7672
   1508.0238
   1513.1912
   1518.2719
   1523.2684
   1528.1825
   1533.0148
   1537.7655
   1542.4354
   1547.0262
   1551.5403
   1555.9808
   1560.3495
   1564.6473
   1568.8745
   1573.0305
   1577.1162
   1581.1327
   1585.0800
   1588.9578
   1592.7661
   1596.5060
   1600.1774
   1603.7806
   1607.3164
   1610.7859
   1614.1890
   1617.5244
   1620.7920
   1623.9928
   1627.1278
   1630.1968
   1633.1993
   1636.1359
   1639.0065
   1641.8104
   1644.5464
   1647.2152
   1649.8187
   1652.3596
   1654.8406
   1657.2654
   1659.6385
   1661.9629
   1664.2399
   1666.4714
   1668.6609
   1670.8116
   1672.9236
# Travel time at depth = 300.00 km.
     -1.0000
   1295.1071
   1302.6979
   1310.2875
   1317.8748
   1325.4583
   1333.0367
   1340.6088
   1348.1727
   1355.7269
   1363.2692
   1370.7979
   1378.3125
   1385.8099
   1393.2740
   1400.6260
   1407.8694
   1415.0073
   1422.0264
   1428.9213
   1435.6924
   1442.3376
   1448.8575
   1455.2562
   1461.5354
   1467.6967
   1473.7463
   1479.6898
   1485.5302
   1491.2699
   1496.9108
   1502.4552
   1507.9052
   1513.2627
   1518.5293
   1523.7062
   1528.7960
   1533.8014
   1538.7239
   1543.5645
   1548.3232
   1553.0011
   1557.5994
   1562.1206
   1566.5679
   1570.9430
   1575.2472
   1579.4806
   1583.6427
   1587.7344
   1591.7566
   1595.7096
   1599.5930
   1603.4069
   1607.1520
   1610.8286
   1614.4369
   1617.9777
   1621.4519
   1624.8596
   1628.1998
   1631.4720
   1634.6771
   1637.8164
   1640.8896
   1643.8964
   1646.8368
   1649.7113
   1652.5192
   1655.2589
   1657.9314
   1660.5385
   1663.0825
   1665.5665
   1667.9940
   1670.3696
   1672.6963
   1674.9755
   1677.2090
   1679.4003
   1681.5527
   1683.6664
# Travel time at depth = 400.00 km.
     -1.0000
     -1.0000
   1322.4019
   1329.9919
   1337.5802
   1345.1652
   1352.7455
   1360.3199
   1367.8868
   1375.4447
   1382.9913
   1390.5248
   1398.0444
   1405.5486
   1413.0288
   1420.4250
   1427.7024
   1434.8763
   1441.9348
   1448.8688
   1455.6783
   1462.3619
   1468.9186
   1475.3521
   1481.6652
   1487.8588
   1493.9382
   1499.9098
   1505.7770
   1511.5425
   1517.2083
   1522.7764
   1528.2491
   1533.6287
   1538.9166
   1544.1140
   1549.2233
   1554.2473
   1559.1879
   1564.0460
   1568.8220
   1573.5165
   1578.1309
   1582.6672
   1587.1288
   1591.5178
   1595.8354
   1600.0820
   1604.2573
   1608.3616
   1612.3961
   1616.3612
   1620.2565
   1624.0819
   1627.8383
   1631.5260
   1635.1451
   1638.6962
   1642.1805
   1645.5984
   1648.9485
   1652.2303
   1655.4448
   1658.5930
   1661.6752
   1664.6907
   1667.6395
   1670.5225
   1673.3385
   1676.0864
   1678.7666
   1681.3810
   1683.9320
   1686.4222
   1688.8555
   1691.2363
   1693.5679
   1695.8517
   1698.0895
   1700.2847
   1702.4407
   1704.5580
# Travel time at depth = 500.00 km.
     -1.0000
     -1.0000
   1340.4095
   1348.0001
   1355.5892
   1363.1757
   1370.7581
   1378.3350
   1385.9050
   1393.4667
   1401.0181
   1408.5568
   1416.0819
   1423.5925
   1431.0839
   1438.5248
   1445.8431
   1453.0562
   1460.1587
   1467.1375
   1473.9907
   1480.7179
   1487.3170
   1493.7906
   1500.1425
   1506.3737
   1512.4875
   1518.4913
   1524.3893
   1530.1842
   1535.8783
   1541.4736
   1546.9724
   1552.3771
   1557.6891
   1562.9099
   1568.0415
   1573.0867
   1578.0477
   1582.9258
   1587.7213
   1592.4347
   1597.0674
   1601.6210
   1606.0989
   1610.5035
   1614.8364
   1619.0980
   1623.2880
   1627.4065
   1631.4548
   1635.4335
   1639.3423
   1643.1808
   1646.9500
   1650.6500
   1654.2814
   1657.8442
   1661.3400
   1664.7689
   1668.1302
   1671.4231
   1674.6481
   1677.8065
   1680.8986
   1683.9240
   1686.8823
   1689.7745
   1692.5999
   1695.3571
   1698.0460
   1700.6686
   1703.2273
   1705.7247
   1708.1646
   1710.5513
   1712.8882
   1715.1772
   1717.4199
   1719.6195
   1721.7795
   1723.9010
# Travel time at depth = 600.00 km.
     -1.0000
     -1.0000
     -1.0000
   1365.0345
   1372.6245
   1380.2122
   1387.7965
   1395.3760
   1402.9492
   1410.5146
   1418.0707
   1425.6150
   1433.1460
   1440.6631
   1448.1637
   1455.6366
   1463.0061
   1470.2612
   1477.4100
   1484.4385
   1491.3401
   1498.1152
   1504.7618
   1511.2803
   1517.6750
   1523.9479
   1530.1008
   1536.1405
   1542.0725
   1547.9001
   1553.6256
   1559.2510
   1564.7786
   1570.2108
   1575.5496
   1580.7963
   1585.9524
   1591.0211
   1596.0046
   1600.9045
   1605.7214
   1610.4557
   1615.1084
   1619.6812
   1624.1770
   1628.5990
   1632.9485
   1637.2263
   1641.4324
   1645.5667
   1649.6301
   1653.6237
   1657.5470
   1661.3999
   1665.1829
   1668.8967
   1672.5413
   1676.1171
   1679.6252
   1683.0664
   1686.4398
   1689.7446
   1692.9811
   1696.1506
   1699.2537
   1702.2897
   1705.2587
   1708.1610
   1710.9963
   1713.7635
   1716.4620
   1719.0938
   1721.6609
   1724.1663
   1726.6132
   1729.0063
   1731.3494
   1733.6440
   1735.8921
   1738.0964
   1740.2607
   1742.3866
# Travel time at depth = 700.00 km.
     -1.0000
     -1.0000
     -1.0000
   1380.7618
   1388.3524
   1395.9413
   1403.5275
   1411.1094
   1418.6858
   1426.2552
   1433.8160
   1441.3663
   1448.9039
   1456.4277
   1463.9369
   1471.4258
   1478.8553
   1486.1598
   1493.3583
   1500.4421
   1507.3990
   1514.2284
   1520.9290
   1527.4993
   1533.9430
   1540.2634
   1546.4615
   1552.5427
   1558.5137
   1564.3784
   1570.1395
   1575.7991
   1581.3595
   1586.8231
   1592.1920
   1597.4679
   1602.6521
   1607.7472
   1612.7562
   1617.6807
   1622.5216
   1627.2793
   1631.9547
   1636.5492
   1641.0654
   1645.5066
   1649.8748
   1654.1709
   1658.3950
   1662.5469
   1666.6273
   1670.6375
   1674.5771
   1678.4462
   1682.2448
   1685.9736
   1689.6332
   1693.2234
   1696.7455
   1700.2002
   1703.5873
   1706.9054
   1710.1548
   1713.3367
   1716.4519
   1719.4999
   1722.4805
   1725.3940
   1728.2407
   1731.0189
   1733.7281
   1736.3701
   1738.9467
   1741.4609
   1743.9159
   1746.3163
   1748.6660
   1750.9672
   1753.2212
   1755.4309
   1757.6001
   1759.7307
# Modelling error(s)
   1   1
#
   2.200
#@(#)        ak135.sSKSac     2.1     06 Jun 1996
