# ak135 travel-time table for phase: sSKSdf      
 14   Number of depth samples at the following depths (km):
    0.00   15.00   35.00   50.00   75.00  100.00  150.00  200.00  250.00  300.00
  400.00  500.00  600.00  700.00
 38   Number of distance samples at the following distances (deg):
  106.00  108.00  110.00  112.00  114.00  116.00  118.00  120.00  122.00  124.00
  126.00  128.00  130.00  132.00  134.00  136.00  138.00  140.00  142.00  144.00
  146.00  148.00  150.00  152.00  154.00  156.00  158.00  160.00  162.00  164.00
  166.00  168.00  170.00  172.00  174.00  176.00  178.00  180.00
# Travel time at depth =   0.00 km.
   1538.9728
   1542.8208
   1546.6667
   1550.5090
   1554.3458
   1558.1750
   1561.9938
   1565.7991
   1569.5873
   1573.3540
   1577.0938
   1580.8002
   1584.4669
   1588.0859
   1591.6471
   1595.1399
   1598.5525
   1601.8734
   1605.0861
   1608.1726
   1611.1289
   1613.9491
   1616.6244
   1619.1481
   1621.5144
   1623.7185
   1625.7578
   1627.6278
   1629.3252
   1630.8491
   1632.1973
   1633.3683
   1634.3608
   1635.1742
   1635.8075
   1636.2601
   1636.5319
   1636.6226
# Travel time at depth =  15.00 km.
   1543.3003
   1547.1483
   1550.9943
   1554.8365
   1558.6735
   1562.5026
   1566.3214
   1570.1268
   1573.9152
   1577.6819
   1581.4218
   1585.1283
   1588.7953
   1592.4144
   1595.9758
   1599.4689
   1602.8818
   1606.2031
   1609.4161
   1612.5032
   1615.4598
   1618.2804
   1620.9562
   1623.4802
   1625.8469
   1628.0515
   1630.0911
   1631.9614
   1633.6592
   1635.1833
   1636.5317
   1637.7030
   1638.6957
   1639.5092
   1640.1426
   1640.5953
   1640.8672
   1640.9579
# Travel time at depth =  35.00 km.
   1548.6300
   1552.4780
   1556.3240
   1560.1664
   1564.0033
   1567.8324
   1571.6514
   1575.4568
   1579.2452
   1583.0121
   1586.7522
   1590.4590
   1594.1261
   1597.7456
   1601.3074
   1604.8008
   1608.2142
   1611.5359
   1614.7496
   1617.8372
   1620.7944
   1623.6156
   1626.2920
   1628.8167
   1631.1840
   1633.3890
   1635.4292
   1637.3000
   1638.9983
   1640.5228
   1641.8716
   1643.0431
   1644.0361
   1644.8499
   1645.4834
   1645.9363
   1646.2081
   1646.2990
# Travel time at depth =  50.00 km.
   1551.9668
   1555.8148
   1559.6608
   1563.5032
   1567.3401
   1571.1693
   1574.9883
   1578.7939
   1582.5824
   1586.3494
   1590.0896
   1593.7966
   1597.4640
   1601.0837
   1604.6458
   1608.1395
   1611.5533
   1614.8756
   1618.0897
   1621.1779
   1624.1357
   1626.9574
   1629.6344
   1632.1595
   1634.5273
   1636.7330
   1638.7736
   1640.6448
   1642.3435
   1643.8684
   1645.2175
   1646.3893
   1647.3826
   1648.1965
   1648.8302
   1649.2832
   1649.5552
   1649.6459
# Travel time at depth =  75.00 km.
   1557.5220
   1561.3699
   1565.2159
   1569.0583
   1572.8954
   1576.7247
   1580.5437
   1584.3495
   1588.1382
   1591.9054
   1595.6458
   1599.3531
   1603.0209
   1606.6410
   1610.2036
   1613.6980
   1617.1125
   1620.4354
   1623.6505
   1626.7396
   1629.6984
   1632.5210
   1635.1989
   1637.7249
   1640.0936
   1642.3000
   1644.3414
   1646.2134
   1647.9127
   1649.4382
   1650.7880
   1651.9602
   1652.9540
   1653.7682
   1654.4022
   1654.8553
   1655.1274
   1655.2183
# Travel time at depth = 100.00 km.
   1563.0696
   1566.9176
   1570.7637
   1574.6062
   1578.4432
   1582.2726
   1586.0918
   1589.8976
   1593.6864
   1597.4539
   1601.1946
   1604.9022
   1608.5703
   1612.1909
   1615.7540
   1619.2490
   1622.6643
   1625.9879
   1629.2039
   1632.2939
   1635.2535
   1638.0771
   1640.7559
   1643.2828
   1645.6525
   1647.8597
   1649.9020
   1651.7747
   1653.4747
   1655.0009
   1656.3511
   1657.5238
   1658.5179
   1659.3325
   1659.9668
   1660.4202
   1660.6924
   1660.7832
# Travel time at depth = 150.00 km.
   1574.1436
   1577.9916
   1581.8376
   1585.6803
   1589.5175
   1593.3470
   1597.1664
   1600.9725
   1604.7617
   1608.5295
   1612.2708
   1615.9790
   1619.6479
   1623.2694
   1626.8336
   1630.3298
   1633.7463
   1637.0717
   1640.2894
   1643.3813
   1646.3428
   1649.1682
   1651.8489
   1654.3778
   1656.7491
   1658.9581
   1661.0020
   1662.8762
   1664.5776
   1666.1051
   1667.4564
   1668.6301
   1669.6251
   1670.4404
   1671.0752
   1671.5289
   1671.8014
   1671.8923
# Travel time at depth = 200.00 km.
   1585.1918
   1589.0398
   1592.8860
   1596.7286
   1600.5659
   1604.3956
   1608.2152
   1612.0216
   1615.8112
   1619.5795
   1623.3212
   1627.0302
   1630.6998
   1634.3221
   1637.8875
   1641.3849
   1644.8029
   1648.1296
   1651.3492
   1654.4431
   1657.4065
   1660.2339
   1662.9165
   1665.4473
   1667.8204
   1670.0312
   1672.0767
   1673.9525
   1675.6553
   1677.1841
   1678.5365
   1679.7113
   1680.7072
   1681.5231
   1682.1584
   1682.6125
   1682.8853
   1682.9763
# Travel time at depth = 250.00 km.
   1596.1462
   1599.9943
   1603.8405
   1607.6832
   1611.5206
   1615.3505
   1619.1703
   1622.9771
   1626.7668
   1630.5356
   1634.2780
   1637.9875
   1641.6580
   1645.2812
   1648.8477
   1652.3463
   1655.7659
   1659.0942
   1662.3157
   1665.4115
   1668.3768
   1671.2062
   1673.8907
   1676.4235
   1678.7986
   1681.0111
   1683.0582
   1684.9357
   1686.6399
   1688.1699
   1689.5237
   1690.6995
   1691.6962
   1692.5129
   1693.1488
   1693.6034
   1693.8762
   1693.9674
# Travel time at depth = 300.00 km.
   1606.8960
   1610.7440
   1614.5903
   1618.4331
   1622.2706
   1626.1007
   1629.9208
   1633.7278
   1637.5179
   1641.2871
   1645.0300
   1648.7404
   1652.4115
   1656.0359
   1659.6033
   1663.1034
   1666.5243
   1669.8544
   1673.0778
   1676.1758
   1679.1431
   1681.9744
   1684.6610
   1687.1957
   1689.5728
   1691.7872
   1693.8361
   1695.7151
   1697.4209
   1698.9524
   1700.3073
   1701.4841
   1702.4818
   1703.2993
   1703.9358
   1704.3907
   1704.6639
   1704.7551
# Travel time at depth = 400.00 km.
   1627.8025
   1631.6506
   1635.4969
   1639.3400
   1643.1777
   1647.0082
   1650.8286
   1654.6362
   1658.4272
   1662.1974
   1665.9414
   1669.6532
   1673.3260
   1676.9524
   1680.5222
   1684.0250
   1687.4492
   1690.7827
   1694.0103
   1697.1125
   1700.0840
   1702.9197
   1705.6107
   1708.1497
   1710.5308
   1712.7491
   1714.8018
   1716.6843
   1718.3933
   1719.9276
   1721.2852
   1722.4644
   1723.4639
   1724.2830
   1724.9207
   1725.3766
   1725.6503
   1725.7416
# Travel time at depth = 500.00 km.
   1647.1625
   1651.0106
   1654.8571
   1658.7003
   1662.5383
   1666.3691
   1670.1902
   1673.9984
   1677.7903
   1681.5615
   1685.3069
   1689.0201
   1692.6949
   1696.3235
   1699.8961
   1703.4020
   1706.8296
   1710.1670
   1713.3990
   1716.5062
   1719.4824
   1722.3230
   1725.0187
   1727.5625
   1729.9482
   1732.1710
   1734.2277
   1736.1143
   1737.8268
   1739.3644
   1740.7249
   1741.9066
   1742.9083
   1743.7291
   1744.3683
   1744.8252
   1745.0995
   1745.1910
# Travel time at depth = 600.00 km.
   1665.6671
   1669.5153
   1673.3619
   1677.2053
   1681.0437
   1684.8749
   1688.6965
   1692.5055
   1696.2982
   1700.0706
   1703.8173
   1707.5323
   1711.2091
   1714.8401
   1718.4155
   1721.9247
   1725.3561
   1728.6976
   1731.9346
   1735.0471
   1738.0284
   1740.8741
   1743.5752
   1746.1240
   1748.5149
   1750.7424
   1752.8036
   1754.6945
   1756.4109
   1757.9520
   1759.3156
   1760.5001
   1761.5042
   1762.3270
   1762.9677
   1763.4257
   1763.7006
   1763.7924
# Travel time at depth = 700.00 km.
   1683.0327
   1686.8810
   1690.7277
   1694.5713
   1698.4100
   1702.2417
   1706.0638
   1709.8737
   1713.6674
   1717.4409
   1721.1892
   1724.9061
   1728.5852
   1732.2188
   1735.7972
   1739.3101
   1742.7456
   1746.0918
   1749.3341
   1752.4525
   1755.4396
   1758.2910
   1760.9978
   1763.5525
   1765.9487
   1768.1816
   1770.2478
   1772.1433
   1773.8643
   1775.4093
   1776.7764
   1777.9639
   1778.9706
   1779.7955
   1780.4379
   1780.8971
   1781.1727
   1781.2648
# Modelling error(s)
   1   1
#
   2.200
#@(#)        ak135.sSKSdf     2.1     06 Jun 1996
