# ak135 travel-time table for phase: SSS         
 14   Number of depth samples at the following depths (km):
    0.00   15.00   35.00   50.00   75.00  100.00  150.00  200.00  250.00  300.00
  400.00  500.00  600.00  700.00
 35   Number of distance samples at the following distances (deg):
   44.00   48.00   52.00   56.00   60.00   64.00   68.00   72.00   76.00   80.00
   84.00   88.00   92.00   96.00  100.00  104.00  108.00  112.00  116.00  120.00
  124.00  128.00  132.00  136.00  140.00  144.00  148.00  152.00  156.00  160.00
  164.00  168.00  172.00  176.00  180.00
# Travel time at depth =   0.00 km.
   1174.1019
   1255.9734
   1337.6327
   1418.8462
   1499.3159
   1578.7042
   1656.6965
   1722.4276
   1786.7477
   1850.0129
   1913.0824
   1976.0078
   2038.7804
   2101.3379
   2163.5979
   2225.4902
   2286.9746
   2348.0339
   2408.6453
   2468.7842
   2528.4309
   2587.5696
   2646.1875
   2704.2737
   2761.8167
   2818.8008
   2875.2126
   2931.0483
   2986.3013
   3040.9688
   3095.0767
   3148.6130
   3201.5586
   3253.9048
   3305.6594
# Travel time at depth =  15.00 km.
   1170.7635
   1252.6316
   1334.2820
   1415.4792
   1495.9241
   1575.2793
   1653.2321
   1718.6842
   1782.9789
   1846.2382
   1909.3048
   1972.2275
   2034.9967
   2097.5493
   2159.8030
   2221.6880
   2283.1648
   2344.2161
   2404.8191
   2464.9495
   2524.5872
   2583.7168
   2642.3257
   2700.4028
   2757.9363
   2814.9109
   2871.3132
   2927.1396
   2982.3831
   3037.0415
   3091.1406
   3144.6680
   3197.6042
   3249.9417
   3301.6875
# Travel time at depth =  35.00 km.
   1166.9167
   1248.7794
   1330.4154
   1411.5870
   1491.9927
   1571.2961
   1649.1229
   1714.2170
   1778.4730
   1841.7241
   1904.7863
   1967.7051
   2030.4692
   2093.0146
   2155.2585
   2217.1326
   2278.5979
   2339.6372
   2400.2278
   2460.3452
   2519.9697
   2579.0859
   2637.6812
   2695.7446
   2753.2642
   2810.2249
   2866.6130
   2922.4253
   2977.6545
   3032.2996
   3086.3857
   3139.8997
   3192.8223
   3245.1462
   3296.8794
# Travel time at depth =  50.00 km.
   1165.0544
   1246.9103
   1328.5294
   1409.6708
   1490.0315
   1569.2766
   1646.6198
   1711.6926
   1775.9103
   1839.1536
   1902.2115
   1965.1263
   2027.8855
   2090.4236
   2152.6582
   2214.5215
   2275.9753
   2337.0029
   2397.5813
   2457.6863
   2517.2976
   2576.4009
   2634.9827
   2693.0330
   2750.5391
   2807.4861
   2863.8606
   2919.6594
   2974.8752
   3029.5073
   3083.5811
   3137.0823
   3189.9919
   3242.3032
   3294.0239
# Travel time at depth =  75.00 km.
   1161.9832
   1243.8265
   1325.4154
   1406.5043
   1486.7874
   1565.9327
   1642.4650
   1707.5022
   1771.6554
   1834.8865
   1897.9374
   1960.8455
   2023.5961
   2086.1216
   2148.3401
   2210.1853
   2271.6201
   2332.6279
   2393.1858
   2453.2693
   2512.8591
   2571.9402
   2630.5000
   2688.5278
   2746.0112
   2802.9353
   2859.2869
   2915.0632
   2970.2561
   3024.8667
   3078.9194
   3132.3992
   3185.2871
   3237.5771
   3289.2771
# Travel time at depth = 100.00 km.
   1158.9529
   1240.7821
   1322.3385
   1401.6512
   1483.5737
   1562.6166
   1638.3313
   1703.3325
   1767.4211
   1830.6406
   1893.6843
   1956.5856
   2019.3273
   2081.8401
   2144.0422
   2205.8689
   2267.2844
   2328.2725
   2388.8093
   2448.8713
   2508.4390
   2567.4978
   2626.0349
   2684.0400
   2741.5007
   2798.4016
   2854.7300
   2910.4834
   2965.6536
   3020.2422
   3074.2737
   3127.7317
   3180.5977
   3232.8662
   3284.5454
# Travel time at depth = 150.00 km.
   1153.0168
   1234.8124
   1316.2957
   1397.2079
   1477.2377
   1556.0659
   1630.1268
   1695.0549
   1759.0145
   1822.2120
   1885.2412
   1948.1285
   2010.8518
   2073.3379
   2135.5063
   2197.2949
   2258.6709
   2319.6184
   2380.1125
   2440.1306
   2499.6533
   2558.6667
   2617.1582
   2675.1172
   2732.5312
   2789.3850
   2845.6663
   2901.3733
   2956.4963
   3011.0410
   3065.0293
   3118.4429
   3171.2644
   3223.4895
   3275.1262
# Travel time at depth = 200.00 km.
   1147.2465
   1229.0000
   1302.8750
   1391.1760
   1471.0192
   1549.6204
   1622.0040
   1686.8566
   1750.6890
   1813.8656
   1876.8802
   1939.7529
   2002.4563
   2064.9146
   2127.0479
   2188.7971
   2250.1328
   2311.0381
   2371.4888
   2431.4614
   2490.9382
   2549.9050
   2608.3496
   2666.2615
   2723.6277
   2780.4331
   2836.6665
   2892.3257
   2947.4011
   3001.9011
   3055.8452
   3109.2134
   3161.9893
   3214.1699
   3265.7634
# Travel time at depth = 250.00 km.
   1141.7852
   1223.4856
   1300.6418
   1385.4071
   1465.0443
   1543.4008
   1614.0583
   1678.8311
   1742.5381
   1805.6947
   1868.6942
   1931.5515
   1994.2334
   2056.6621
   2118.7581
   2180.4666
   2241.7603
   2302.6221
   2363.0271
   2422.9529
   2482.3821
   2541.3005
   2599.6965
   2657.5598
   2714.8767
   2771.6321
   2827.8159
   2883.4260
   2938.4521
   2992.9062
   3046.8044
   3100.1257
   3152.8547
   3204.9900
   3256.5386
# Travel time at depth = 300.00 km.
   1136.8879
   1218.5178
   1299.1715
   1380.1305
   1459.5311
   1537.6145
   1606.4492
   1671.1342
   1734.7177
   1797.8542
   1860.8380
   1923.6787
   1986.3368
   2048.7332
   2110.7896
   2172.4546
   2233.7039
   2294.5190
   2354.8760
   2414.7524
   2474.1313
   2532.9990
   2591.3440
   2649.1558
   2706.4207
   2763.1235
   2819.2554
   2874.8140
   2929.7886
   2984.1948
   3038.0447
   3091.3171
   3143.9968
   3196.0845
   3247.5864
# Travel time at depth = 400.00 km.
   1129.0128
   1210.4106
   1291.2177
   1371.1591
   1449.9644
   1527.0405
   1592.2529
   1656.7229
   1720.0813
   1783.1771
   1846.1267
   1908.9292
   1971.5319
   2033.8540
   2095.8220
   2157.3918
   2218.5437
   2279.2576
   2339.5093
   2399.2778
   2458.5474
   2517.3049
   2575.5391
   2633.2395
   2690.3916
   2746.9814
   2803.0012
   2858.4485
   2913.3130
   2967.6165
   3021.3623
   3074.5288
   3127.1035
   3179.0894
   3230.4910
# Travel time at depth = 500.00 km.
     -1.0000
   1250.3331
   1317.1676
   1367.6990
   1445.0581
   1515.7653
   1580.7435
   1644.8350
   1708.0610
   1771.1097
   1834.0165
   1896.7665
   1959.2931
   2021.5164
   2083.3713
   2144.8220
   2205.8523
   2266.4399
   2326.5613
   2386.1970
   2445.3328
   2503.9558
   2562.0559
   2619.6213
   2676.6372
   2733.0906
   2788.9768
   2844.2905
   2899.0256
   2953.2073
   3006.8291
   3059.8704
   3112.3210
   3164.1877
   3215.4712
# Travel time at depth = 600.00 km.
     -1.0000
   1241.6771
   1308.4393
   1374.9357
   1440.9794
   1506.3582
   1571.0470
   1634.6782
   1697.8274
   1760.8223
   1823.6755
   1886.3534
   1948.7795
   2010.8773
   2072.5940
   2133.9026
   2194.7871
   2255.2241
   2315.1912
   2374.6711
   2433.6504
   2492.1169
   2550.0610
   2607.4700
   2664.3289
   2720.6260
   2776.3594
   2831.5200
   2886.1104
   2940.1533
   2993.6333
   3046.5325
   3098.8442
   3150.5767
   3201.7273
# Travel time at depth = 700.00 km.
     -1.0000
     -1.0000
     -1.0000
     -1.0000
   1435.4698
   1500.2609
   1564.2543
   1627.4850
   1690.5393
   1753.4528
   1816.2139
   1878.7615
   1941.0195
   2002.9244
   2064.4385
   2125.5452
   2186.2241
   2246.4524
   2306.2100
   2365.4814
   2424.2542
   2482.5168
   2540.2593
   2597.4670
   2654.1262
   2710.2283
   2765.7710
   2820.7427
   2875.1584
   2929.0298
   2982.3364
   3035.0632
   3087.2087
   3138.7803
   3189.7715
# Distance-dependent modelling error(s)
   4	1
    0.00   54.00   60.00  180.00
#
   0.100
  24.000
   2.600
   2.600
#@(#)        ak135.SSS     2.1     06 Jun 1996
