# ak135 travel-time table for phase: SSS_B (SSS back branch)
 14   Number of depth samples at the following depths (km):
    0.00   15.00   35.00   50.00   75.00  100.00  150.00  200.00  250.00  300.00
  400.00  500.00  600.00  700.00
 30   Number of distance samples at the following distances (deg):
   64.00   68.00   72.00   76.00   80.00   84.00   88.00   92.00   96.00  100.00
  104.00  108.00  112.00  116.00  120.00  124.00  128.00  132.00  136.00  140.00
  144.00  148.00  152.00  156.00  160.00  164.00  168.00  172.00  176.00  180.00
# Travel time at depth =   0.00 km.
   4534.9683
   4500.9434
   4466.5029
   4431.7666
   4396.7407
   4361.1206
   4324.7764
   4287.7109
   4249.9297
   4211.4414
   4172.2637
   4132.4111
   4091.8955
   4050.7051
   4008.8428
   3966.3481
   3923.2178
   3879.4431
   3835.0405
   3790.0056
   3744.3308
   3698.0283
   3651.1096
   3603.5793
   3555.4382
   3506.6914
   3457.3411
   3407.3862
   3356.8237
   3305.6594
# Travel time at depth =  15.00 km.
   4530.7856
   4496.7646
   4462.3281
   4427.5942
   4392.5718
   4356.9590
   4320.6221
   4283.5640
   4245.7896
   4207.3096
   4168.1387
   4128.2935
   4087.7854
   4046.6028
   4004.7480
   3962.2610
   3919.1382
   3875.3713
   3830.9766
   3785.9497
   3740.2832
   3693.9885
   3647.0781
   3599.5562
   3551.4233
   3502.6848
   3453.3430
   3403.3967
   3352.8430
   3301.6875
# Travel time at depth =  35.00 km.
   4525.6680
   4491.6528
   4457.2212
   4422.4907
   4387.4741
   4351.8711
   4315.5449
   4278.4976
   4240.7344
   4202.2646
   4163.1050
   4123.2705
   4082.7734
   4041.6023
   3999.7588
   3957.2825
   3914.1711
   3870.4158
   3826.0325
   3781.0176
   3735.3630
   3689.0803
   3642.1819
   3594.6721
   3546.5515
   3497.8252
   3448.4961
   3398.5627
   3348.0220
   3296.8794
# Travel time at depth =  50.00 km.
   4522.5239
   4488.5142
   4454.0869
   4419.3599
   4384.3481
   4348.7549
   4312.4380
   4275.4009
   4237.6475
   4199.1880
   4160.0381
   4120.2139
   4079.7268
   4038.5664
   3996.7334
   3954.2671
   3911.1665
   3867.4216
   3823.0491
   3778.0454
   3732.4021
   3686.1309
   3639.2434
   3591.7451
   3543.6360
   3494.9214
   3445.6040
   3395.6826
   3345.1543
   3294.0239
# Travel time at depth =  75.00 km.
   4517.2925
   4483.2910
   4448.8721
   4414.1504
   4379.1465
   4343.5698
   4307.2690
   4270.2485
   4232.5122
   4194.0693
   4154.9365
   4115.1289
   4074.6589
   4033.5164
   3991.7007
   3949.2515
   3906.1689
   3862.4419
   3818.0874
   3773.1023
   3727.4780
   3681.2256
   3634.3569
   3586.8779
   3538.7883
   3490.0933
   3440.7957
   3390.8948
   3340.3870
   3289.2771
# Travel time at depth = 100.00 km.
   4512.0713
   4478.0786
   4443.6680
   4408.9517
   4373.9561
   4338.3950
   4302.1113
   4265.1074
   4227.3877
   4188.9624
   4149.8462
   4110.0557
   4069.6030
   4028.4785
   3986.6804
   3944.2483
   3901.1836
   3857.4749
   3813.1384
   3768.1724
   3722.5671
   3676.3335
   3629.4841
   3582.0244
   3533.9543
   3485.2791
   3436.0017
   3386.1211
   3335.6343
   3284.5454
# Travel time at depth = 150.00 km.
   4501.6592
   4467.6846
   4433.2910
   4398.5854
   4363.6055
   4328.0771
   4291.8267
   4254.8569
   4217.1719
   4178.7808
   4139.6992
   4099.9434
   4059.5254
   4018.4373
   3976.6753
   3934.2778
   3891.2498
   3847.5781
   3803.2783
   3758.3503
   3712.7839
   3666.5891
   3619.7786
   3572.3579
   3524.3279
   3475.6929
   3426.4561
   3376.6172
   3326.1726
   3275.1262
# Travel time at depth = 200.00 km.
   4491.2847
   4457.3286
   4422.9521
   4388.2583
   4353.2935
   4317.7983
   4281.5815
   4244.6465
   4206.9961
   4168.6406
   4129.5942
   4089.8735
   4049.4910
   4008.4402
   3966.7148
   3924.3528
   3881.3623
   3837.7280
   3793.4658
   3748.5767
   3703.0500
   3656.8948
   3610.1235
   3562.7432
   3514.7537
   3466.1594
   3416.9641
   3367.1677
   3316.7664
   3265.7634
# Travel time at depth = 250.00 km.
   4481.0210
   4447.0835
   4412.7251
   4378.0435
   4343.0938
   4307.6318
   4271.4497
   4234.5503
   4196.9360
   4158.6167
   4119.6064
   4079.9219
   4039.5757
   3998.5630
   3956.8757
   3914.5500
   3871.5974
   3828.0022
   3783.7786
   3738.9292
   3693.4434
   3647.3286
   3600.5981
   3553.2588
   3505.3113
   3456.7593
   3407.6067
   3357.8540
   3307.4971
   3256.5386
# Travel time at depth = 300.00 km.
   4470.9873
   4437.0693
   4402.7300
   4368.0605
   4333.1265
   4297.6978
   4261.5518
   4224.6895
   4187.1128
   4148.8315
   4109.8584
   4070.2114
   4029.9031
   3988.9302
   3947.2825
   3904.9946
   3862.0818
   3818.5269
   3774.3433
   3729.5356
   3684.0923
   3638.0200
   3591.3318
   3544.0356
   3496.1316
   3447.6235
   3398.5156
   3348.8083
   3298.4980
   3247.5864
# Travel time at depth = 400.00 km.
   4451.5918
   4417.7148
   4383.4170
   4348.7744
   4313.8716
   4278.5127
   4242.4429
   4205.6587
   4168.1616
   4129.9600
   4091.0671
   4051.5000
   4011.2720
   3970.3826
   3928.8196
   3886.6125
   3843.7837
   3800.3149
   3756.2168
   3711.4973
   3666.1448
   3620.1631
   3573.5654
   3526.3606
   3478.5498
   3430.1360
   3381.1233
   3331.5132
   3281.3025
   3230.4910
# Travel time at depth = 500.00 km.
   4433.9287
   4400.0986
   4365.8486
   4331.2378
   4296.3682
   4261.0835
   4225.1011
   4188.4058
   4150.9990
   4112.8887
   4074.0872
   4034.6108
   3994.4746
   3953.6804
   3912.2151
   3870.1013
   3827.3682
   3783.9988
   3739.9993
   3695.3806
   3650.1331
   3604.2563
   3557.7637
   3510.6650
   3462.9626
   3414.6580
   3365.7563
   3316.2598
   3266.1650
   3215.4712
# Travel time at depth = 600.00 km.
   4417.2661
   4383.4873
   4349.2905
   4314.7168
   4279.8813
   4244.6724
   4208.7847
   4172.1865
   4134.8784
   4096.8687
   4058.1672
   4018.7915
   3978.7559
   3938.0662
   3896.7087
   3854.6985
   3812.0701
   3768.8108
   3724.9204
   3680.4133
   3635.2820
   3589.5220
   3543.1462
   3496.1655
   3448.5835
   3400.4011
   3351.6235
   3302.2534
   3252.2888
   3201.7273
# Travel time at depth = 700.00 km.
   4401.9492
   4368.2290
   4334.0923
   4299.5630
   4264.7651
   4229.6333
   4193.8530
   4157.3643
   4120.1685
   4082.2720
   4043.6851
   4004.4238
   3964.5029
   3923.9316
   3882.6982
   3840.8079
   3798.2986
   3755.1658
   3711.4019
   3667.0229
   3622.0254
   3576.4016
   3530.1621
   3483.3191
   3435.8782
   3387.8394
   3339.2075
   3289.9863
   3240.1758
   3189.7715
# Modelling error(s)
   1   1
#
   2.600
#@(#)        ak135.SSS_B     2.1     06 Jun 1996
