# ak135 travel-time table for phase: sS (All 1st sS branches)
 14   Number of depth samples at the following depths (km):
    0.00   15.00   35.00   50.00   75.00  100.00  150.00  200.00  250.00  300.00
  400.00  500.00  600.00  700.00
 85   Number of distance samples at the following distances (deg):
   12.00   14.00   16.00   18.00   20.00   22.00   24.00   26.00   28.00   30.00
   32.00   34.00   36.00   38.00   40.00   42.00   44.00   46.00   48.00   50.00
   52.00   54.00   56.00   58.00   60.00   62.00   64.00   66.00   68.00   70.00
   72.00   74.00   76.00   78.00   80.00   82.00   84.00   86.00   88.00   90.00
   92.00   94.00   96.00   98.00  100.00  102.00  104.00  106.00  108.00  110.00
  112.00  114.00  116.00  118.00  120.00  122.00  124.00  126.00  128.00  130.00
  132.00  134.00  136.00  138.00  140.00  142.00  144.00  146.00  148.00  150.00
  152.00  154.00  156.00  158.00  160.00  162.00  164.00  166.00  168.00  170.00
  172.00  174.00  176.00  178.00  180.00
# Travel time at depth =   0.00 km.
    306.8270
    355.7042
    404.4070
    452.9174
    499.7720
    539.2975
    574.1425
    606.1381
    637.6942
    669.1386
    700.4460
    731.5310
    762.3249
    792.7990
    822.9281
    852.6882
    882.0625
    911.0380
    939.6003
    967.7341
    995.4338
   1022.6975
   1049.5377
   1075.9354
   1101.8867
   1127.3936
   1152.4470
   1177.0468
   1201.1931
   1224.8818
   1248.1102
   1270.8677
   1293.1477
   1314.9547
   1336.2810
   1357.1287
   1376.6608
   1389.3995
   1401.6743
   1413.5225
   1424.9695
   1436.0319
   1446.7255
   1457.0629
   1467.0612
   1476.7328
   1486.0828
   1495.1230
   1503.8734
   1512.3420
   1520.5300
   1528.4425
   1536.0792
   1543.4434
   1550.5380
   1557.3679
   1563.9296
   1570.2267
   1576.2610
   1582.0327
   1587.5378
   1591.6471
   1595.1399
   1598.5525
   1601.8734
   1605.0861
   1608.1726
   1611.1289
   1613.9491
   1616.6244
   1619.1481
   1621.5144
   1623.7185
   1625.7578
   1627.6278
   1629.3252
   1630.8491
   1632.1973
   1633.3683
   1634.3608
   1635.1742
   1635.8075
   1636.2601
   1636.5319
   1636.6226
# Travel time at depth =  15.00 km.
    309.6311
    358.5210
    407.2384
    455.7640
    503.1622
    542.7396
    577.8853
    609.9107
    641.4717
    672.9203
    704.2343
    735.3292
    766.1345
    796.6207
    826.7626
    856.5360
    885.9240
    914.9133
    943.4897
    971.6378
    999.3517
   1026.6288
   1053.4825
   1079.8938
   1105.8584
   1131.3784
   1156.4449
   1181.0573
   1205.2162
   1228.9171
   1252.1577
   1274.9275
   1297.2192
   1319.0380
   1340.3755
   1361.2346
   1380.9065
   1393.6517
   1405.9325
   1417.7859
   1429.2377
   1440.3044
   1451.0023
   1461.3434
   1471.3452
   1481.0203
   1490.3734
   1499.4166
   1508.1696
   1516.6407
   1524.8312
   1532.7458
   1540.3849
   1547.7511
   1554.8477
   1561.6796
   1568.2432
   1574.5420
   1580.5780
   1586.3512
   1591.8579
   1595.9758
   1599.4689
   1602.8818
   1606.2031
   1609.4161
   1612.5032
   1615.4598
   1618.2804
   1620.9562
   1623.4802
   1625.8469
   1628.0515
   1630.0911
   1631.9614
   1633.6592
   1635.1833
   1636.5317
   1637.7030
   1638.6957
   1639.5092
   1640.1426
   1640.5953
   1640.8672
   1640.9579
# Travel time at depth =  35.00 km.
    312.6057
    361.5171
    410.2591
    458.8107
    507.0850
    546.7413
    582.3497
    614.4210
    645.9896
    677.4445
    708.7681
    739.8775
    770.6998
    801.2040
    831.3651
    861.1585
    890.5668
    919.5768
    948.1743
    976.3436
   1004.0786
   1031.3759
   1058.2494
   1084.6810
   1110.6653
   1136.2047
   1161.2905
   1185.9218
   1210.0991
   1233.8182
   1257.0768
   1279.8646
   1302.1738
   1324.0098
   1345.3639
   1366.2400
   1386.1169
   1398.8716
   1411.1610
   1423.0220
   1434.4808
   1445.5541
   1456.2579
   1466.6047
   1476.6117
   1486.2916
   1495.6494
   1504.6967
   1513.4535
   1521.9283
   1530.1223
   1538.0404
   1545.6826
   1553.0520
   1560.1515
   1566.9862
   1573.5524
   1579.8538
   1585.8922
   1591.6678
   1597.1769
   1601.3074
   1604.8008
   1608.2142
   1611.5359
   1614.7496
   1617.8372
   1620.7944
   1623.6156
   1626.2920
   1628.8167
   1631.1840
   1633.3890
   1635.4292
   1637.3000
   1638.9983
   1640.5228
   1641.8716
   1643.0431
   1644.0361
   1644.8499
   1645.4834
   1645.9363
   1646.2081
   1646.2990
# Travel time at depth =  50.00 km.
    312.9440
    361.9497
    410.7791
    459.4108
    507.8362
    548.7702
    584.8687
    616.9867
    648.5634
    680.0243
    711.3571
    742.4807
    773.3197
    803.8415
    834.0213
    863.8341
    893.2623
    922.2923
    950.9101
    979.0999
   1006.8552
   1034.1718
   1061.0643
   1087.5154
   1113.5183
   1139.0762
   1164.1804
   1188.8293
   1213.0242
   1236.7604
   1260.0359
   1282.8406
   1305.1661
   1327.0183
   1348.3879
   1369.2797
   1389.3456
   1402.1088
   1414.4061
   1426.2740
   1437.7393
   1448.8185
   1459.5278
   1469.8796
   1479.8912
   1489.5757
   1498.9375
   1507.9886
   1516.7490
   1525.2272
   1533.4243
   1541.3455
   1548.9906
   1556.3628
   1563.4648
   1570.3021
   1576.8708
   1583.1744
   1589.2151
   1594.9928
   1600.5039
   1604.6458
   1608.1395
   1611.5533
   1614.8756
   1618.0897
   1621.1779
   1624.1357
   1626.9574
   1629.6344
   1632.1595
   1634.5273
   1636.7330
   1638.7736
   1640.6448
   1642.3435
   1643.8684
   1645.2175
   1646.3893
   1647.3826
   1648.1965
   1648.8302
   1649.2832
   1649.5552
   1649.6459
# Travel time at depth =  75.00 km.
     -1.0000
     -1.0000
    430.7891
    460.1720
    508.7652
    552.1034
    589.0446
    621.2437
    652.8348
    684.3060
    715.6538
    746.8005
    777.6677
    808.2189
    838.4302
    868.2757
    897.7372
    926.8008
    955.4529
    983.6773
   1011.4667
   1038.8160
   1065.7407
   1092.2245
   1118.2589
   1143.8479
   1168.9830
   1193.6619
   1217.8861
   1241.6512
   1264.9551
   1287.7883
   1310.1415
   1332.0206
   1353.4165
   1374.3346
   1394.7185
   1407.4963
   1419.8069
   1431.6865
   1443.1625
   1454.2517
   1464.9702
   1475.3307
   1485.3502
   1495.0420
   1504.4109
   1513.4685
   1522.2346
   1530.7185
   1538.9209
   1546.8473
   1554.4973
   1561.8741
   1568.9806
   1575.8221
   1582.3950
   1588.7025
   1594.7468
   1600.5281
   1606.0426
   1610.2036
   1613.6980
   1617.1125
   1620.4354
   1623.6505
   1626.7396
   1629.6984
   1632.5210
   1635.1989
   1637.7249
   1640.0936
   1642.3000
   1644.3414
   1646.2134
   1647.9127
   1649.4382
   1650.7880
   1651.9602
   1652.9540
   1653.7682
   1654.4022
   1654.8553
   1655.1274
   1655.2183
# Travel time at depth = 100.00 km.
     -1.0000
     -1.0000
    433.8193
    474.7227
    515.3549
    555.3747
    593.1923
    625.4747
    657.0838
    688.5652
    719.9274
    751.0971
    781.9924
    812.5734
    842.8164
    872.6950
    902.1902
    931.2881
    959.9749
    988.2343
   1016.0583
   1043.4410
   1070.3981
   1096.9149
   1122.9814
   1148.6019
   1173.7684
   1198.4778
   1222.7316
   1246.5261
   1269.8588
   1292.7208
   1315.1019
   1337.0085
   1358.4310
   1379.3757
   1399.8142
   1412.8744
   1425.1985
   1437.0898
   1448.5768
   1459.6760
   1470.4039
   1480.7731
   1490.8005
   1500.4999
   1509.8760
   1518.9399
   1527.7120
   1536.2015
   1544.4094
   1552.3409
   1559.9960
   1567.3776
   1574.4885
   1581.3344
   1587.9114
   1594.2228
   1600.2709
   1606.0557
   1611.5737
   1615.7540
   1619.2490
   1622.6643
   1625.9879
   1629.2039
   1632.2939
   1635.2535
   1638.0771
   1640.7559
   1643.2828
   1645.6525
   1647.8597
   1649.9020
   1651.7747
   1653.4747
   1655.0009
   1656.3511
   1657.5238
   1658.5179
   1659.3325
   1659.9668
   1660.4202
   1660.6924
   1660.7832
# Travel time at depth = 150.00 km.
     -1.0000
     -1.0000
     -1.0000
    480.6910
    521.4529
    561.7271
    601.1006
    633.8193
    665.5142
    697.0167
    728.4061
    759.6202
    790.5722
    821.2136
    851.5209
    881.4669
    911.0309
    940.1984
    968.9559
    997.2869
   1025.1815
   1052.6333
   1079.6560
   1106.2404
   1132.3727
   1158.0575
   1183.2881
   1208.0594
   1232.3741
   1256.2285
   1279.6198
   1302.5405
   1324.9791
   1346.9413
   1368.4185
   1389.4169
   1409.9100
   1423.6029
   1435.9546
   1447.8702
   1459.3794
   1470.4991
   1481.2461
   1491.6329
   1501.6766
   1511.3912
   1520.7817
   1529.8590
   1538.6432
   1547.1442
   1555.3632
   1563.3051
   1570.9702
   1578.3615
   1585.4816
   1592.3361
   1598.9216
   1605.2410
   1611.2968
   1617.0887
   1622.6139
   1626.8336
   1630.3298
   1633.7463
   1637.0717
   1640.2894
   1643.3813
   1646.3428
   1649.1682
   1651.8489
   1654.3778
   1656.7491
   1658.9581
   1661.0020
   1662.8762
   1664.5776
   1666.1051
   1667.4564
   1668.6301
   1669.6251
   1670.4404
   1671.0752
   1671.5289
   1671.8014
   1671.8923
# Travel time at depth = 200.00 km.
     -1.0000
     -1.0000
     -1.0000
    486.4677
    527.3258
    567.8218
    607.5503
    642.0343
    673.8558
    705.3809
    736.7953
    768.0518
    799.0605
    829.7636
    860.1363
    890.1511
    919.7858
    949.0247
    977.8547
   1006.2593
   1034.2267
   1061.7502
   1088.8402
   1115.4938
   1141.6941
   1167.4449
   1192.7412
   1217.5768
   1241.9539
   1265.8698
   1289.3212
   1312.3021
   1334.7999
   1356.8191
   1378.3528
   1399.4058
   1419.9552
   1434.2972
   1446.6774
   1458.6179
   1470.1498
   1481.2906
   1492.0571
   1502.4622
   1512.5223
   1522.2526
   1531.6581
   1540.7489
   1549.5454
   1558.0582
   1566.2883
   1574.2411
   1581.9166
   1589.3176
   1596.4471
   1603.3105
   1609.9047
   1616.2321
   1622.2957
   1628.0952
   1633.6276
   1637.8875
   1641.3849
   1644.8029
   1648.1296
   1651.3492
   1654.4431
   1657.4065
   1660.2339
   1662.9165
   1665.4473
   1667.8204
   1670.0312
   1672.0767
   1673.9525
   1675.6553
   1677.1841
   1678.5365
   1679.7113
   1680.7072
   1681.5231
   1682.1584
   1682.6125
   1682.8853
   1682.9763
# Travel time at depth = 250.00 km.
     -1.0000
     -1.0000
     -1.0000
    491.9164
    532.8380
    573.5187
    613.5886
    650.0366
    682.0140
    713.5641
    745.0026
    776.2991
    807.3647
    838.1315
    868.5714
    898.6573
    928.3652
    957.6783
    986.5834
   1015.0643
   1043.1073
   1070.7059
   1097.8658
   1124.5909
   1150.8623
   1176.6815
   1202.0461
   1226.9484
   1251.3901
   1275.3699
   1298.8835
   1321.9268
   1344.4861
   1366.5642
   1388.1565
   1409.2657
   1429.8734
   1444.8868
   1457.2965
   1469.2626
   1480.8181
   1491.9807
   1502.7672
   1513.1912
   1523.2684
   1533.0148
   1542.4354
   1551.5403
   1560.3495
   1568.8745
   1577.1162
   1585.0800
   1592.7661
   1600.1774
   1607.3164
   1614.1890
   1620.7920
   1627.1278
   1633.1993
   1639.0065
   1644.5464
   1648.8477
   1652.3463
   1655.7659
   1659.0942
   1662.3157
   1665.4115
   1668.3768
   1671.2062
   1673.8907
   1676.4235
   1678.7986
   1681.0111
   1683.0582
   1684.9357
   1686.6399
   1688.1699
   1689.5237
   1690.6995
   1691.6962
   1692.5129
   1693.1488
   1693.6034
   1693.8762
   1693.9674
# Travel time at depth = 300.00 km.
     -1.0000
     -1.0000
     -1.0000
     -1.0000
    537.7394
    578.5659
    618.9568
    657.6674
    689.8303
    721.4106
    752.8735
    784.2079
    815.3310
    846.1646
    876.6748
    906.8354
    936.6206
    966.0121
    994.9963
   1023.5578
   1051.6809
   1079.3594
   1106.5934
   1133.3936
   1159.7401
   1185.6316
   1211.0680
   1236.0406
   1260.5508
   1284.5975
   1308.1769
   1331.2852
   1353.9094
   1376.0492
   1397.7034
   1418.8711
   1439.5400
   1455.2562
   1467.6967
   1479.6898
   1491.2699
   1502.4552
   1513.2627
   1523.7062
   1533.8014
   1543.5645
   1553.0011
   1562.1206
   1570.9430
   1579.4806
   1587.7344
   1595.7096
   1603.4069
   1610.8286
   1617.9777
   1624.8596
   1631.4720
   1637.8164
   1643.8964
   1649.7113
   1655.2589
   1659.6033
   1663.1034
   1666.5243
   1669.8544
   1673.0778
   1676.1758
   1679.1431
   1681.9744
   1684.6610
   1687.1957
   1689.5728
   1691.7872
   1693.8361
   1695.7151
   1697.4209
   1698.9524
   1700.3073
   1701.4841
   1702.4818
   1703.2993
   1703.9358
   1704.3907
   1704.6639
   1704.7551
# Travel time at depth = 400.00 km.
     -1.0000
     -1.0000
     -1.0000
     -1.0000
     -1.0000
    586.4467
    627.3149
    667.7711
    704.2933
    736.0754
    767.5911
    798.9947
    830.2307
    861.2070
    891.8687
    922.1906
    952.1438
    981.7066
   1010.8632
   1039.5997
   1067.8987
   1095.7506
   1123.1495
   1150.1116
   1176.6221
   1202.6710
   1228.2629
   1253.3890
   1278.0474
   1302.2393
   1325.9607
   1349.2091
   1371.9735
   1394.2471
   1416.0342
   1437.3281
   1458.1279
   1475.3521
   1487.8588
   1499.9098
   1511.5425
   1522.7764
   1533.6287
   1544.1140
   1554.2473
   1564.0460
   1573.5165
   1582.6672
   1591.5178
   1600.0820
   1608.3616
   1616.3612
   1624.0819
   1631.5260
   1638.6962
   1645.5984
   1652.2303
   1658.5930
   1664.6907
   1670.5225
   1676.0864
   1680.5222
   1684.0250
   1687.4492
   1690.7827
   1694.0103
   1697.1125
   1700.0840
   1702.9197
   1705.6107
   1708.1497
   1710.5308
   1712.7491
   1714.8018
   1716.6843
   1718.3933
   1719.9276
   1721.2852
   1722.4644
   1723.4639
   1724.2830
   1724.9207
   1725.3766
   1725.6503
   1725.7416
# Travel time at depth = 500.00 km.
     -1.0000
     -1.0000
     -1.0000
     -1.0000
     -1.0000
     -1.0000
    649.5488
    682.8466
    715.7642
    748.0635
    779.6615
    811.1348
    842.4832
    873.6240
    904.4725
    934.9905
    965.1502
    994.9243
   1024.2937
   1053.2439
   1081.7587
   1109.8225
   1137.4291
   1164.5842
   1191.2922
   1217.5334
   1243.3112
   1268.6213
   1293.4573
   1317.8219
   1341.7123
   1365.1255
   1388.0547
   1410.4871
   1432.4292
   1453.8722
   1474.8223
   1493.7906
   1506.3737
   1518.4913
   1530.1842
   1541.4736
   1552.3771
   1562.9099
   1573.0867
   1582.9258
   1592.4347
   1601.6210
   1610.5035
   1619.0980
   1627.4065
   1635.4335
   1643.1808
   1650.6500
   1657.8442
   1664.7689
   1671.4231
   1677.8065
   1683.9240
   1689.7745
   1695.3571
   1699.8961
   1703.4020
   1706.8296
   1710.1670
   1713.3990
   1716.5062
   1719.4824
   1722.3230
   1725.0187
   1727.5625
   1729.9482
   1732.1710
   1734.2277
   1736.1143
   1737.8268
   1739.3644
   1740.7249
   1741.9066
   1742.9083
   1743.7291
   1744.3683
   1744.8252
   1745.0995
   1745.1910
# Travel time at depth = 600.00 km.
     -1.0000
     -1.0000
     -1.0000
     -1.0000
     -1.0000
     -1.0000
     -1.0000
    691.6353
    724.9131
    757.7583
    789.8738
    821.4340
    852.8788
    884.1810
    915.2445
    945.9932
    976.3958
   1006.4214
   1036.0447
   1065.2482
   1094.0173
   1122.3337
   1150.1874
   1177.5730
   1204.5078
   1230.9758
   1256.9691
   1282.4915
   1307.5341
   1332.0972
   1356.1814
   1379.7827
   1402.8978
   1425.5132
   1447.6294
   1469.2440
   1490.3589
   1510.9556
   1523.9479
   1536.1405
   1547.9001
   1559.2510
   1570.2108
   1580.7963
   1591.0211
   1600.9045
   1610.4557
   1619.6812
   1628.5990
   1637.2263
   1645.5667
   1653.6237
   1661.3999
   1668.8967
   1676.1171
   1683.0664
   1689.7446
   1696.1506
   1702.2897
   1708.1610
   1713.7635
   1718.4155
   1721.9247
   1725.3561
   1728.6976
   1731.9346
   1735.0471
   1738.0284
   1740.8741
   1743.5752
   1746.1240
   1748.5149
   1750.7424
   1752.8036
   1754.6945
   1756.4109
   1757.9520
   1759.3156
   1760.5001
   1761.5042
   1762.3270
   1762.9677
   1763.4257
   1763.7006
   1763.7924
# Travel time at depth = 700.00 km.
     -1.0000
     -1.0000
     -1.0000
     -1.0000
     -1.0000
     -1.0000
     -1.0000
     -1.0000
     -1.0000
     -1.0000
     -1.0000
    828.6320
    860.2347
    891.6978
    923.0221
    954.1042
    984.8528
   1015.2328
   1045.2115
   1074.7643
   1103.8749
   1132.5286
   1160.7076
   1188.4058
   1215.6260
   1242.3806
   1268.6488
   1294.4341
   1319.7335
   1344.5414
   1368.8615
   1392.6912
   1416.0282
   1438.8636
   1461.1877
   1483.0072
   1504.3145
   1525.1097
   1540.2634
   1552.5427
   1564.3784
   1575.7991
   1586.8231
   1597.4679
   1607.7472
   1617.6807
   1627.2793
   1636.5492
   1645.5066
   1654.1709
   1662.5469
   1670.6375
   1678.4462
   1685.9736
   1693.2234
   1700.2002
   1706.9054
   1713.3367
   1719.4999
   1725.3940
   1731.0189
   1735.7972
   1739.3101
   1742.7456
   1746.0918
   1749.3341
   1752.4525
   1755.4396
   1758.2910
   1760.9978
   1763.5525
   1765.9487
   1768.1816
   1770.2478
   1772.1433
   1773.8643
   1775.4093
   1776.7764
   1777.9639
   1778.9706
   1779.7955
   1780.4379
   1780.8971
   1781.1727
   1781.2648
# Distance-dependent modelling error(s)
   7	1
    0.00   16.00   18.00   98.00  112.00  114.00  180.00
#
   0.100
   5.500
   1.700
   1.700
   5.500
   1.700
   1.700
#@(#)        ak135.sS     2.1     06 Jun 1996
