# Uncertainty of P waves according to Murphy-Baker
 11    # number of depth samples
   0.00  15.00  40.00 100.00 200.00 300.00 400.00 500.00 600.00 700.00
   800.00
 19   # number of distance samples
   0.00 10.00 20.00 30.00 40.00 50.00
   60.00 70.00 80.00 90.00 100.00 110.00
   120.00 130.00 140.00 150.00 160.00
   170.00 180.00
# Uncertainty for mb at z =    0.00
  0.000
  3.201
  3.317
  3.721
  3.621
  3.671
  3.731
  3.791
  3.851
  4.048
  4.515
  4.852
  4.372
  4.253
  4.258
  3.731
  4.303
  4.332
  4.610
# Uncertainty for mb at z =    15.00
  0.100
  3.141
  3.247
  3.631
  3.541
  3.581
  3.641
  3.701
  3.751
  3.948
  4.425
  4.762
  4.282
  4.163
  4.168
  3.641
  4.213
  4.242
  4.530
# Uncertainty for mb at z =    40.00
  0.100
  3.101
  3.145
  3.501
  3.411
  3.441
  3.501
  3.561
  3.611
  3.808
  4.285
  4.622
  4.141
  4.023
  4.028
  3.501
  4.073
  4.102
  4.390
# Uncertainty for mb at z =    100.00
  0.500
  2.856
  2.885
  3.381
  3.291
  3.331
  3.401
  3.461
  3.501
  3.709
  4.185
  4.522
  4.042
  3.923
  3.928
  3.401
  3.973
  4.002
  4.290
# Uncertainty for mb at z =    200.00
  0.500
  2.689
  2.677
  3.151
  3.081
  3.141
  3.211
  3.281
  3.331
  3.554
  4.055
  4.392
  3.912
  3.793
  3.798
  3.271
  3.843
  3.872
  4.160
# Uncertainty for mb at z =    300.00
  0.500
  2.506
  2.568
  2.981
  2.931
  3.001
  3.071
  3.151
  3.201
  3.445
  3.955
  4.292
  3.812
  3.693
  3.698
  3.171
  3.743
  3.772
  4.060
# Uncertainty for mb at z =    400.00
  0.500
  2.264
  2.504
  2.831
  2.821
  2.891
  2.981
  3.061
  3.111
  3.373
  3.895
  4.232
  3.752
  3.633
  3.638
  3.111
  3.683
  3.712
  4.000
# Uncertainty for mb at z =    500.00
  0.500
  2.264
  2.472
  2.671
  2.701
  2.781
  2.871
  2.961
  3.021
  3.297
  3.825
  4.162
  3.682
  3.563
  3.568
  3.041
  3.613
  3.642
  3.930
# Uncertainty for mb at z =    600.00
  0.500
  2.264
  2.412
  2.481
  2.571
  2.671
  2.771
  2.861
  2.931
  3.235
  3.775
  4.112
  3.631
  3.513
  3.518
  2.991
  3.563
  3.592
  3.880
# Uncertainty for mb at z =    700.00
  0.500
  2.264
  2.290
  2.311
  2.431
  2.561
  2.681
  2.781
  2.841
  3.177
  3.725
  4.062
  3.582
  3.463
  3.468
  2.941
  3.513
  3.542
  3.830
# Uncertainty for mb at z =    800.00
  0.500
  2.264
  2.172
  2.221
  2.381
  2.511
  2.621
  2.721
  2.801
  3.193
  3.725
  4.062
  3.582
  3.463
  3.468
  2.941
  3.513
  3.542
  3.830
